020161001001002 
1000000160201543
1000000161118008
1000000161118009
1000000161118489
1000000161455929
1000000166080161
1000000168060006
1000000170691828
1000000170691829
1000000170692253
1000000170850025
1000000174570175
1000000174730051
1000000174991173
1000000174991174
1000000289910022
1000000330900066
1000000362750301
1000000474700007
1000000515890009
1000000596810004
1000000596810006
1000000596810014
1000000596810052
1000000596810185
1000000758440057
1000000953880036
1000000995880003
1000001062760005
1000001110370032
1000001197820025
1000001284030006
1000001302270003
1000001353330011
1000001453160018
1000001466940012
1000001471710040
1000001472620007
1000001509280072
1000001630790623
1000001631520214
1000001631520215
1000001631520216
1000001631520217
1000001631520218
1000001631520225
1000001631520468
1000001631520482
1000001631520483
1000001631520484
1000001631520485
1000001631520486
1000001631520487
1000001631520488
1000001631520489
1000001631520490
1000001631520491
1000001631520492
1000001631520493
1000001631520494
1000001631520495
1000001631520496
1000001631520497
1000001631520498
1000001631520506
1000001631520516
1000001645490003
1000001694150003
1000002151840005
1000002413050002
1000002485160006
1000002568650008
1000002590420037
1000002973070004
1000003108370006
1000003245640021
1000003245640022
1000003246220003
1000003246890006
1000003504110003
1000003539510011
1000003655830011
1000004483140016
1000005138280003
1000005852220002
1000006044290005
1000007580760051
1000007955400008
1000008062890006
1000009059090171
1000012491580004
1000020979370003
1000021791980009
1000021791980010
1000070023460013
1000073456530007
1000073534750044
1000073547390009
1000073550740017
1000073661700003
1000074040130003
1000074090460023
1000074455030029
1000074455030030
1000075844420277
1000076741850018
1000077127610002
1000078688450014
1000078834710014
1000079515420004
1000079999700004
1000080106110023
1000080149930426
1000080149930427
1000080149930428
1000080149930429
1000080149930430
1000080464580048
1000080464580049
1000080464580050
1000080464580053
1000080464580054
1000080464580055
1000080840870011
1000081243700006
1000081515300014
1000081633110211
1000081633110212
1000081690600060
1000081690600856
1000081690600857
1000081690600859
1000081690600860
1000081690600861
1000081690600862
1000081690600870
1000081867590315
1000081867590316
1000082717590009
1000082860390119
1000082860390120
1000082860390121
1000082860390122
1000082860390123
1000082860390124
1000082860390125
1000082895870002
1000082991980007
1000084000440033
1000084111320009
1000084226000020
1000084767210093
1000084767210094
1000084767210095
1000085391890006
1000085396350018
1000085401380006
1000085476460038
1000085496180188
1000085496180189
1000085496180190
1000085496180191
1000085641460003
1000085798700002
1000085798700003
1000085798700006
1000085798700008
1000085798700010
1000085798700011
1000085798700023
1000085798700024
1000085798700035
1000085798700039
1000085798700053
1000085798700055
1000085798700056
1000085798700057
1000086029870022
1000086297740004
1000086868570002
1000087023400028
1000087023400029
1000087023400030
1000087338320011
1000087654460005
1000088153650045
1000088268590175
1000088268590176
1000088268590216
1000088328570456
1000088328570457
1000088502550003
1000088652460138
1000088652530004
1000088879350003
1000088974210004
1000088974210005
1000089124930101
1000089216920011
1000089226090002
1000089306850098
1000090906120067
1000091537740006
1000091580130003
1000091643420009
1000091775910004
1000092032490009
1000092102690007
1000092107640005
1000092108890005
1000092111350003
1000092113170004
1000092117050004
1000092117210007
1000092495720016
1000139877120005
1000149253150003
1000152968490005
1000158775230002
1000165170370004
1000243017880011
1000243017880012
1000298130430005
1000306393380003
1000464098660003
1000706922210002
1000755707600004
1001109771370001
90000000228     
