020131001001001 
1000000596810004
1000000596810006
1000000596810014
1000000596810052
1000000596810185
1000001630790623
1000001631520214
1000001631520215
1000001631520216
1000001631520217
1000001631520218
1000001631520225
1000021791980009
1000021791980010
1000075844420277
1000080464580048
1000080464580049
1000080464580050
1000080840870011
1000081690600856
1000081690600857
1000081690600859
1000081690600860
1000081690600861
1000081690600862
1000088268590175
1000088268590176
1000088328570456
1000088328570457
1000091643420009
1000091775910004
1000092495720016
1000139877120005
1000165170370004
1000706922210002
90000000035     
