01;CLA;IPL4;201606;
EBT;UF;1100023;212.1250;49;4;38;4;2;1;
EBT;UF;1100031;0.5000;1;1;0;0;0;0;
EBT;UF;1100049;240.9375;82;17;51;12;2;0;
EBT;UF;1100056;0.2500;1;1;0;0;0;0;
EBT;UF;1100064;1.0000;1;0;1;0;0;0;
EBT;UF;1100080;0.3750;2;2;0;0;0;0;
EBT;UF;1100098;0.5000;1;1;0;0;0;0;
EBT;UF;1100106;39.0000;9;0;6;2;1;0;
EBT;UF;1100114;108.0000;15;0;11;2;2;0;
EBT;UF;1100122;1150.1875;184;15;138;17;10;4;
EBT;UF;1100155;80.0000;7;0;4;0;3;0;
EBT;UF;1100189;172.3125;38;9;22;4;2;1;
EBT;UF;1100205;19465.9961;882;98;529;165;41;49;
EBT;UF;1100288;5.0000;3;0;3;0;0;0;
EBT;UF;1100296;1.0000;1;0;1;0;0;0;
EBT;UF;1100304;730.3750;143;17;99;18;7;2;
EBT;UF;1100346;1.0000;1;0;1;0;0;0;
EBT;UF;1100379;0.0625;1;1;0;0;0;0;
EBT;UF;1100452;1.0000;1;0;1;0;0;0;
EBT;UF;1100601;0.5000;1;1;0;0;0;0;
EBT;UF;1100924;2.0000;1;0;1;0;0;0;
EBT;UF;1101005;3.0000;2;0;2;0;0;0;
EBT;UF;1101468;0.5000;1;1;0;0;0;0;
EBT;UF;1101492;0.5000;1;1;0;0;0;0;
EBT;UF;1101500;0.6250;2;2;0;0;0;0;
EBT;UF;1200054;4.5000;4;1;3;0;0;0;
EBT;UF;1200138;19.0000;7;0;5;2;0;0;
EBT;UF;1200203;17.0000;9;0;9;0;0;0;
EBT;UF;1200252;0.6875;3;3;0;0;0;0;
EBT;UF;1200401;22984.7266;506;59;288;107;22;30;
EBT;UF;1200450;5.0000;3;0;3;0;0;0;
EBT;UF;1301100;6.0000;4;0;4;0;0;0;
EBT;UF;1301704;538.3125;17;4;7;1;1;4;
EBT;UF;1301852;2.0000;1;0;1;0;0;0;
EBT;UF;1302603;60148.6875;1251;158;688;263;84;58;
EBT;UF;1303403;2.5000;3;2;1;0;0;0;
EBT;UF;1400100;1087.0625;184;9;99;65;10;1;
EBT;UF;1500107;1.0000;1;0;1;0;0;0;
EBT;UF;1500602;2.0000;1;0;1;0;0;0;
EBT;UF;1500800;50562.6816;201;12;97;67;8;17;
EBT;UF;1501303;24.0000;4;0;2;2;0;0;
EBT;UF;1501402;117385.980;1162;59;492;381;115;115;
EBT;UF;1501501;98.1250;42;6;30;6;0;0;
EBT;UF;1501709;2.2500;2;1;1;0;0;0;
EBT;UF;1501956;0.5000;1;1;0;0;0;0;
EBT;UF;1502202;207.0000;9;0;1;4;3;1;
EBT;UF;1502400;158.5156;37;3;24;8;2;0;
EBT;UF;1502939;1.0000;1;0;1;0;0;0;
EBT;UF;1503309;1.0000;1;0;1;0;0;0;
EBT;UF;1503606;6.0000;3;0;3;0;0;0;
EBT;UF;1503903;3.0000;2;0;2;0;0;0;
EBT;UF;1504208;606.9609;153;38;80;24;10;1;
EBT;UF;1504422;328.6680;86;18;42;23;2;1;
EBT;UF;1504703;2.0000;1;0;1;0;0;0;
EBT;UF;1505304;1.0000;1;0;1;0;0;0;
EBT;UF;1505502;292.0000;21;0;15;2;2;2;
EBT;UF;1505536;2.0000;1;0;1;0;0;0;
EBT;UF;1506138;1.0000;1;0;1;0;0;0;
EBT;UF;1506203;2.2500;4;3;1;0;0;0;
EBT;UF;1506500;2.7148;4;3;1;0;0;0;
EBT;UF;1506807;237.8438;69;14;46;6;1;2;
EBT;UF;1507003;4.0000;2;0;2;0;0;0;
EBT;UF;1507607;5.0000;3;0;3;0;0;0;
EBT;UF;1507904;1.0000;1;0;1;0;0;0;
EBT;UF;1508209;4.2500;3;1;2;0;0;0;
EBT;UF;1600303;683.3984;150;16;94;29;8;3;
EBT;UF;1600600;24.6250;16;5;10;1;0;0;
EBT;UF;1700301;1024.0000;1;0;0;0;0;1;
EBT;UF;1700350;4.0000;3;0;3;0;0;0;
EBT;UF;1700400;0.5000;1;1;0;0;0;0;
EBT;UF;1700707;206.7500;9;2;4;1;1;1;
EBT;UF;1702000;0.2500;1;1;0;0;0;0;
EBT;UF;1702109;2406.3750;93;12;35;26;8;12;
EBT;UF;1702208;1.0000;1;0;1;0;0;0;
EBT;UF;1705508;387.5000;11;1;6;0;1;3;
EBT;UF;1706506;14.0000;1;0;0;0;1;0;
EBT;UF;1707009;5.0000;3;0;3;0;0;0;
EBT;UF;1709302;175.6875;11;4;4;2;0;1;
EBT;UF;1709500;2526.3125;27;3;11;7;1;5;
EBT;UF;1713205;10.5625;9;3;6;0;0;0;
EBT;UF;1713304;6.2500;8;4;4;0;0;0;
EBT;UF;1714203;1.0000;1;0;1;0;0;0;
EBT;UF;1714880;160.8125;7;3;3;0;0;1;
EBT;UF;1716109;1079.7500;20;2;8;3;4;3;
EBT;UF;1716505;1.0000;1;0;1;0;0;0;
EBT;UF;1716604;8.0000;4;0;4;0;0;0;
EBT;UF;1718204;668.2500;37;3;18;8;4;4;
EBT;UF;1718402;4.0000;1;0;0;1;0;0;
EBT;UF;1718865;0.5000;1;1;0;0;0;0;
EBT;UF;1721000;19487.6875;314;49;132;67;23;43;
EBT;UF;1721208;1.0000;1;0;1;0;0;0;
EBT;UF;1722081;4.0000;1;0;0;1;0;0;
EBT;UF;2100204;32.0000;1;0;0;0;1;0;
EBT;UF;2101202;98.0000;7;0;4;0;3;0;
EBT;UF;2101251;155.0000;1;0;0;0;0;1;
EBT;UF;2101400;277.0000;21;0;4;13;2;2;
EBT;UF;2101608;0.1250;1;1;0;0;0;0;
EBT;UF;2102804;1.0000;1;0;1;0;0;0;
EBT;UF;2103000;1134.0000;31;0;8;10;7;6;
EBT;UF;2103307;157.0000;2;0;1;0;0;1;
EBT;UF;2103604;1.0000;1;0;1;0;0;0;
EBT;UF;2104057;6.0000;3;0;3;0;0;0;
EBT;UF;2105302;574.2500;73;4;35;28;5;1;
EBT;UF;2105427;20.0000;3;0;1;2;0;0;
EBT;UF;2107704;1.0000;1;0;1;0;0;0;
EBT;UF;2108603;4.0000;1;0;0;1;0;0;
EBT;UF;2109106;2.2500;4;3;1;0;0;0;
EBT;UF;2109601;2.0000;1;0;1;0;0;0;
EBT;UF;2109908;397.0000;14;2;7;0;1;4;
EBT;UF;2110203;0.2500;1;1;0;0;0;0;
EBT;UF;2110302;52.0000;6;0;1;5;0;0;
EBT;UF;2111201;48.1445;21;8;8;5;0;0;
EBT;UF;2111300;30651.1055;433;43;126;179;50;35;
EBT;UF;2112209;164.0000;7;0;1;2;3;1;
EBT;UF;2112902;0.8750;3;3;0;0;0;0;
EBT;UF;2114007;6.0000;3;0;3;0;0;0;
EBT;UF;2200400;33.0000;2;0;1;0;1;0;
EBT;UF;2201507;42.0000;2;0;0;1;1;0;
EBT;UF;2202000;32.0000;1;0;0;0;1;0;
EBT;UF;2202208;180.0000;5;0;0;2;2;1;
EBT;UF;2202406;64.0000;2;0;0;0;2;0;
EBT;UF;2202703;64.0000;2;0;0;0;2;0;
EBT;UF;2203701;107.0000;5;0;1;1;3;0;
EBT;UF;2203909;54.0625;6;1;1;3;1;0;
EBT;UF;2207702;148.0000;10;0;3;3;4;0;
EBT;UF;2208403;625.0000;15;0;2;2;8;3;
EBT;UF;2211001;19394.2422;377;12;86;146;117;16;
EBT;UF;2301000;133.7500;13;2;8;2;0;1;
EBT;UF;2301109;50.0000;5;0;0;4;1;0;
EBT;UF;2301901;43.6250;11;3;3;5;0;0;
EBT;UF;2302503;20.0000;2;0;0;2;0;0;
EBT;UF;2303709;49.0391;25;8;12;5;0;0;
EBT;UF;2303956;0.2500;1;1;0;0;0;0;
EBT;UF;2304103;8.2500;2;1;0;1;0;0;
EBT;UF;2304202;95.0000;7;0;2;3;2;0;
EBT;UF;2304285;262.5000;31;1;15;10;4;1;
EBT;UF;2304400;13496.4219;547;36;185;225;57;44;
EBT;UF;2305233;27.9922;12;1;8;3;0;0;
EBT;UF;2305407;104.0000;4;0;0;0;3;1;
EBT;UF;2305506;42.0000;3;0;0;2;1;0;
EBT;UF;2306256;0.5000;1;1;0;0;0;0;
EBT;UF;2306405;38.0000;5;0;0;5;0;0;
EBT;UF;2307304;352.5000;33;1;15;14;1;2;
EBT;UF;2307601;110.0000;4;0;0;2;1;1;
EBT;UF;2307650;265.2148;46;2;21;20;3;0;
EBT;UF;2307700;30.0000;3;0;0;3;0;0;
EBT;UF;2308302;18.0000;2;0;1;0;1;0;
EBT;UF;2309607;106.0000;3;0;0;0;2;1;
EBT;UF;2310704;1.0000;1;0;1;0;0;0;
EBT;UF;2311306;53.0000;5;0;1;3;1;0;
EBT;UF;2311801;72.9375;20;8;8;3;1;0;
EBT;UF;2312403;4.0000;2;0;2;0;0;0;
EBT;UF;2312908;434.3125;46;6;16;17;5;2;
EBT;UF;2313302;3.1875;4;2;2;0;0;0;
EBT;UF;2313401;722.0000;13;0;2;4;3;4;
EBT;UF;2400109;90.0000;4;0;0;3;0;1;
EBT;UF;2400802;0.5000;1;1;0;0;0;0;
EBT;UF;2403251;192.8750;50;6;27;17;0;0;
EBT;UF;2404507;1.0000;1;0;1;0;0;0;
EBT;UF;2406700;10.0000;1;0;0;1;0;0;
EBT;UF;2407104;33.0000;13;0;11;2;0;0;
EBT;UF;2407203;10.0000;1;0;0;1;0;0;
EBT;UF;2408003;716.3125;60;7;32;14;4;3;
EBT;UF;2408102;6294.2930;170;20;40;66;18;26;
EBT;UF;2412005;434.5000;22;1;10;7;1;3;
EBT;UF;2501807;91.5000;15;1;9;4;1;0;
EBT;UF;2503209;555.7148;38;1;22;11;1;3;
EBT;UF;2504009;2072.7500;65;6;14;29;6;10;
EBT;UF;2506301;42.0000;2;0;0;1;1;0;
EBT;UF;2506905;48.0000;2;0;0;0;2;0;
EBT;UF;2507507;6216.4922;270;20;111;82;31;26;
EBT;UF;2510808;207.0000;4;0;0;2;1;1;
EBT;UF;2516201;6.0000;3;0;3;0;0;0;
EBT;UF;2600054;262.3398;43;8;28;5;1;1;
EBT;UF;2601102;18.0000;1;0;0;0;1;0;
EBT;UF;2601201;90.0000;7;0;1;2;4;0;
EBT;UF;2601706;178.5000;6;1;0;1;3;1;
EBT;UF;2601904;22.0000;1;0;0;0;1;0;
EBT;UF;2602902;1396.6719;124;7;80;27;4;6;
EBT;UF;2603454;20.5000;12;1;10;1;0;0;
EBT;UF;2604007;51.0000;5;0;1;3;1;0;
EBT;UF;2604106;1685.4727;74;7;37;23;4;3;
EBT;UF;2605103;24.7891;3;0;2;0;1;0;
EBT;UF;2606002;20.5000;3;1;0;2;0;0;
EBT;UF;2606200;4.0000;2;0;2;0;0;0;
EBT;UF;2606408;146.2500;11;3;6;1;0;1;
EBT;UF;2606804;47.5000;18;1;11;6;0;0;
EBT;UF;2607208;616.2500;44;6;19;16;0;3;
EBT;UF;2607752;2.0000;1;0;1;0;0;0;
EBT;UF;2607901;1276.2109;202;18;107;64;11;2;
EBT;UF;2608909;9.5000;12;6;6;0;0;0;
EBT;UF;2609600;582.4648;68;10;31;18;7;2;
EBT;UF;2610707;488.8047;81;13;56;9;1;2;
EBT;UF;2610905;168.0000;3;0;0;0;2;1;
EBT;UF;2611101;130.5000;19;1;10;5;3;0;
EBT;UF;2611606;20276.2539;832;64;327;276;89;76;
EBT;UF;2612000;50.0000;1;0;0;0;0;1;
EBT;UF;2612208;22.0000;3;0;0;3;0;0;
EBT;UF;2613701;46.5000;10;1;5;3;1;0;
EBT;UF;2613909;167.6250;34;18;7;3;6;0;
EBT;UF;2700300;349.5625;49;2;27;18;1;1;
EBT;UF;2704302;25742.2539;364;40;127;148;24;25;
EBT;UF;2704708;2.0000;1;0;1;0;0;0;
EBT;UF;2706307;3.0000;2;0;2;0;0;0;
EBT;UF;2706703;12.0000;2;0;1;1;0;0;
EBT;UF;2707701;179.0000;17;2;14;0;0;1;
EBT;UF;2708600;2.0000;1;0;1;0;0;0;
EBT;UF;2709301;2.0000;1;0;1;0;0;0;
EBT;UF;2800308;7037.3203;304;37;105;120;19;23;
EBT;UF;2800670;2.8750;5;3;2;0;0;0;
EBT;UF;2803203;1.0000;1;0;1;0;0;0;
EBT;UF;2804805;460.2500;63;7;33;20;1;2;
EBT;UF;2805703;22.0000;3;0;1;2;0;0;
EBT;UF;2806701;220.5625;14;3;5;3;1;2;
EBT;UF;2900702;147.0000;18;0;6;10;2;0;
EBT;UF;2901007;1.5000;2;1;1;0;0;0;
EBT;UF;2901106;1.0000;1;0;1;0;0;0;
EBT;UF;2903201;20.0000;6;0;4;2;0;0;
EBT;UF;2904605;70.2500;7;1;3;1;1;1;
EBT;UF;2904704;2.0000;1;0;1;0;0;0;
EBT;UF;2905602;130.0000;5;0;2;1;1;1;
EBT;UF;2905701;558.1250;92;6;51;31;2;2;
EBT;UF;2906501;744.0000;18;0;6;6;2;4;
EBT;UF;2906709;2.0000;1;0;1;0;0;0;
EBT;UF;2908200;4.0000;2;0;2;0;0;0;
EBT;UF;2908408;2.0000;3;2;1;0;0;0;
EBT;UF;2908507;3.0000;2;0;2;0;0;0;
EBT;UF;2909802;50.0000;5;0;1;3;1;0;
EBT;UF;2910727;372.9375;27;4;13;7;1;2;
EBT;UF;2910800;3379.1992;186;23;76;64;8;15;
EBT;UF;2912103;4.0000;1;0;0;1;0;0;
EBT;UF;2913606;1132.5000;95;1;30;52;8;4;
EBT;UF;2913705;1.0000;1;0;1;0;0;0;
EBT;UF;2914000;1.0000;1;0;1;0;0;0;
EBT;UF;2914653;8.0000;2;0;1;1;0;0;
EBT;UF;2914802;1873.1250;86;9;34;31;3;9;
EBT;UF;2914901;72.0000;2;0;0;1;0;1;
EBT;UF;2915304;2.0000;1;0;1;0;0;0;
EBT;UF;2915601;62.0000;9;0;7;0;2;0;
EBT;UF;2915809;12.0000;2;0;1;1;0;0;
EBT;UF;2916104;1.0000;1;0;1;0;0;0;
EBT;UF;2916302;2.0000;1;0;1;0;0;0;
EBT;UF;2916401;156.1875;9;2;3;1;2;1;
EBT;UF;2917102;2.0000;1;0;1;0;0;0;
EBT;UF;2917607;100.0000;1;0;0;0;0;1;
EBT;UF;2918001;417.0000;29;3;15;6;2;3;
EBT;UF;2918407;7.5156;4;0;4;0;0;0;
EBT;UF;2919207;1616.4297;73;1;36;28;3;5;
EBT;UF;2919553;2.0000;1;0;1;0;0;0;
EBT;UF;2920601;18.0000;2;0;0;2;0;0;
EBT;UF;2921005;20.2500;3;1;0;2;0;0;
EBT;UF;2921302;12.0000;3;0;1;2;0;0;
EBT;UF;2922003;14.0000;2;0;0;2;0;0;
EBT;UF;2924009;86.1250;13;1;6;4;2;0;
EBT;UF;2925006;4.0000;2;0;2;0;0;0;
EBT;UF;2925105;111.0000;3;0;1;1;0;1;
EBT;UF;2925303;333.0000;28;0;16;7;3;2;
EBT;UF;2927002;0.5000;1;1;0;0;0;0;
EBT;UF;2927408;58009.2891;1123;112;414;427;85;85;
EBT;UF;2928703;188.0000;7;0;2;2;2;1;
EBT;UF;2929206;4.0625;2;1;0;1;0;0;
EBT;UF;2929305;50.0000;1;0;0;0;0;1;
EBT;UF;2929354;4.0000;1;0;0;1;0;0;
EBT;UF;2930105;17.0000;5;0;4;1;0;0;
EBT;UF;2930709;265.0000;61;4;35;21;1;0;
EBT;UF;2931350;3494.3125;49;4;20;7;8;10;
EBT;UF;2932507;32.0000;1;0;0;0;1;0;
EBT;UF;2932903;6.2500;10;6;4;0;0;0;
EBT;UF;2933307;1302.0625;111;7;51;41;7;5;
EBT;UF;3100302;2.0000;1;0;1;0;0;0;
EBT;UF;3101508;259.5000;12;3;1;0;8;0;
EBT;UF;3101607;73.6250;34;8;23;3;0;0;
EBT;UF;3101904;19.0000;3;0;2;0;1;0;
EBT;UF;3103504;48.8945;24;1;20;3;0;0;
EBT;UF;3104007;87.7148;32;6;24;1;1;0;
EBT;UF;3104205;13.2500;8;1;7;0;0;0;
EBT;UF;3104601;32.0000;1;0;0;0;1;0;
EBT;UF;3104908;4.0000;2;0;2;0;0;0;
EBT;UF;3105608;232.3945;32;2;20;4;6;0;
EBT;UF;3106200;135399.568;3204;339;1792;660;234;179;
EBT;UF;3106309;74.0625;5;1;1;1;2;0;
EBT;UF;3106705;5045.1523;302;54;176;39;26;7;
EBT;UF;3107109;4.0000;2;0;2;0;0;0;
EBT;UF;3107406;10.0000;5;0;5;0;0;0;
EBT;UF;3107703;0.2500;1;1;0;0;0;0;
EBT;UF;3108404;2.0000;1;0;1;0;0;0;
EBT;UF;3108909;2.2500;2;1;1;0;0;0;
EBT;UF;3109303;2.0000;1;0;1;0;0;0;
EBT;UF;3109501;2.0000;1;0;1;0;0;0;
EBT;UF;3109709;2.0000;1;0;1;0;0;0;
EBT;UF;3110004;2.0000;1;0;1;0;0;0;
EBT;UF;3110301;2.0000;1;0;1;0;0;0;
EBT;UF;3110509;7.0000;4;0;4;0;0;0;
EBT;UF;3110608;5.0000;3;0;3;0;0;0;
EBT;UF;3110707;4.0000;2;0;2;0;0;0;
EBT;UF;3111606;2.0000;1;0;1;0;0;0;
EBT;UF;3112307;2.0000;1;0;1;0;0;0;
EBT;UF;3113206;64.0000;2;0;0;0;2;0;
EBT;UF;3113404;14.0000;3;0;2;1;0;0;
EBT;UF;3114303;2.0000;1;0;1;0;0;0;
EBT;UF;3114501;2.0000;1;0;1;0;0;0;
EBT;UF;3115300;593.0000;12;0;3;3;3;3;
EBT;UF;3115508;13.6250;10;3;7;0;0;0;
EBT;UF;3117876;24.0000;3;0;0;3;0;0;
EBT;UF;3118007;18.3125;13;4;9;0;0;0;
EBT;UF;3118304;97.3437;36;10;19;6;1;0;
EBT;UF;3118403;32.0000;1;0;0;0;1;0;
EBT;UF;3118601;4378.9922;529;63;295;113;41;17;
EBT;UF;3119401;59.0000;18;2;14;1;1;0;
EBT;UF;3120904;62.0000;28;0;26;2;0;0;
EBT;UF;3122306;1697.7617;106;9;68;13;5;11;
EBT;UF;3122454;0.2500;1;1;0;0;0;0;
EBT;UF;3123601;4.0000;2;0;2;0;0;0;
EBT;UF;3123908;36.0000;2;0;1;0;1;0;
EBT;UF;3124203;32.0000;1;0;0;0;1;0;
EBT;UF;3125101;21.0000;12;0;12;0;0;0;
EBT;UF;3126109;4.0000;2;0;2;0;0;0;
EBT;UF;3127008;2.0000;1;0;1;0;0;0;
EBT;UF;3127107;17.0000;9;0;9;0;0;0;
EBT;UF;3127701;2048.0781;112;10;66;14;13;9;
EBT;UF;3128709;8.0000;1;0;0;1;0;0;
EBT;UF;3129509;2.0000;1;0;1;0;0;0;
EBT;UF;3129806;213.4297;21;3;13;1;3;1;
EBT;UF;3130101;24.0000;5;0;3;2;0;0;
EBT;UF;3130309;5.0000;3;0;3;0;0;0;
EBT;UF;3131307;1934.4219;91;14;52;8;13;4;
EBT;UF;3131703;252.4531;43;12;27;2;1;1;
EBT;UF;3131901;57.8750;16;4;10;1;1;0;
EBT;UF;3132206;8.0000;4;0;4;0;0;0;
EBT;UF;3132404;440.6719;77;17;40;12;8;0;
EBT;UF;3133006;9.0000;5;0;5;0;0;0;
EBT;UF;3133808;135.7500;28;4;16;7;1;0;
EBT;UF;3134103;0.2500;1;1;0;0;0;0;
EBT;UF;3134202;34.8594;21;2;19;0;0;0;
EBT;UF;3135209;2.0000;1;0;1;0;0;0;
EBT;UF;3135407;28.1250;7;1;4;2;0;0;
EBT;UF;3135506;2.0000;1;0;1;0;0;0;
EBT;UF;3136207;40.5000;32;12;19;1;0;0;
EBT;UF;3136306;64.0000;9;0;6;2;1;0;
EBT;UF;3136603;0.2500;1;1;0;0;0;0;
EBT;UF;3136702;5423.3867;237;17;124;48;24;24;
EBT;UF;3137205;99.0000;11;0;5;4;2;0;
EBT;UF;3137601;79.1797;31;10;16;4;1;0;
EBT;UF;3138203;440.2500;68;15;37;11;3;2;
EBT;UF;3138401;191.0000;4;0;2;0;1;1;
EBT;UF;3138609;202.0000;7;0;3;0;3;1;
EBT;UF;3138807;36.0000;2;0;1;0;1;0;
EBT;UF;3139003;32.0000;1;0;0;0;1;0;
EBT;UF;3139607;34.0000;2;0;1;0;1;0;
EBT;UF;3140001;64.0000;2;0;0;0;2;0;
EBT;UF;3140803;73.0000;10;0;5;4;1;0;
EBT;UF;3140902;0.2500;1;1;0;0;0;0;
EBT;UF;3141405;40.0000;5;0;4;0;1;0;
EBT;UF;3143302;3545.5742;149;17;70;19;33;10;
EBT;UF;3143906;356.0000;6;0;2;1;1;2;
EBT;UF;3144805;1275.5703;112;7;63;22;15;5;
EBT;UF;3145208;2.0000;1;0;1;0;0;0;
EBT;UF;3145604;12.2500;7;1;5;1;0;0;
EBT;UF;3145901;4.0000;2;0;2;0;0;0;
EBT;UF;3146107;10.5625;7;2;5;0;0;0;
EBT;UF;3146305;6.0000;3;0;3;0;0;0;
EBT;UF;3147006;224.1445;33;2;24;4;2;1;
EBT;UF;3147105;215.5625;17;2;12;1;1;1;
EBT;UF;3147402;266.0000;4;0;0;0;2;2;
EBT;UF;3147600;2.0000;1;0;1;0;0;0;
EBT;UF;3147907;229.1094;48;8;31;6;2;1;
EBT;UF;3148004;143.3750;26;3;19;1;3;0;
EBT;UF;3148103;41.5000;7;1;5;0;1;0;
EBT;UF;3149101;2.0000;1;0;1;0;0;0;
EBT;UF;3149309;100.3398;32;9;18;3;2;0;
EBT;UF;3149903;221.0000;9;0;6;1;0;2;
EBT;UF;3151206;475.5000;20;1;2;3;14;0;
EBT;UF;3151404;4.0000;2;0;2;0;0;0;
EBT;UF;3151800;341.2305;108;16;72;16;4;0;
EBT;UF;3152105;52.0000;3;0;0;2;1;0;
EBT;UF;3152501;848.7930;144;27;78;28;8;3;
EBT;UF;3154200;32.0000;1;0;0;0;1;0;
EBT;UF;3154606;233.1172;71;17;41;10;3;0;
EBT;UF;3155504;2.0000;1;0;1;0;0;0;
EBT;UF;3156007;0.2500;1;1;0;0;0;0;
EBT;UF;3156502;0.2500;1;1;0;0;0;0;
EBT;UF;3156700;25.8125;16;3;13;0;0;0;
EBT;UF;3157807;247.2734;67;13;38;13;3;0;
EBT;UF;3159605;1.0000;1;0;1;0;0;0;
EBT;UF;3160405;2.0000;1;0;1;0;0;0;
EBT;UF;3160702;127.5000;8;1;4;2;0;1;
EBT;UF;3162104;20.0000;6;0;5;1;0;0;
EBT;UF;3162401;2.0000;1;0;1;0;0;0;
EBT;UF;3162500;369.1875;46;14;22;2;7;1;
EBT;UF;3162559;2.0000;1;0;1;0;0;0;
EBT;UF;3162708;2.0000;1;0;1;0;0;0;
EBT;UF;3162955;2.4648;4;3;1;0;0;0;
EBT;UF;3163706;45.5000;24;6;17;0;1;0;
EBT;UF;3164704;76.3906;50;15;34;1;0;0;
EBT;UF;3165701;64.0000;2;0;0;0;2;0;
EBT;UF;3166907;8.0000;1;0;0;1;0;0;
EBT;UF;3167202;580.8789;105;13;69;15;6;2;
EBT;UF;3168606;435.0625;46;6;21;11;7;1;
EBT;UF;3168705;598.8125;37;3;11;5;18;0;
EBT;UF;3169307;183.8125;48;18;22;4;4;0;
EBT;UF;3169356;4.0000;2;0;2;0;0;0;
EBT;UF;3169406;2.7500;3;2;1;0;0;0;
EBT;UF;3169901;179.0000;9;0;2;5;1;1;
EBT;UF;3170107;2726.4023;164;30;110;16;3;5;
EBT;UF;3170206;6853.0625;547;95;283;101;34;34;
EBT;UF;3170404;184.7500;44;2;36;4;1;1;
EBT;UF;3170701;3046.5820;121;10;65;19;10;17;
EBT;UF;3170800;193.0000;7;0;1;0;6;0;
EBT;UF;3171006;2.0000;1;0;1;0;0;0;
EBT;UF;3171204;252.0000;53;6;36;8;2;1;
EBT;UF;3171303;59.2500;12;1;9;1;1;0;
EBT;UF;3171501;1.0000;1;0;1;0;0;0;
EBT;UF;3172004;128.0000;4;0;0;0;4;0;
EBT;UF;3200102;6.0000;2;0;1;1;0;0;
EBT;UF;3200136;2.0000;1;0;1;0;0;0;
EBT;UF;3200169;4.0000;2;0;2;0;0;0;
EBT;UF;3200201;22.0000;2;0;1;0;1;0;
EBT;UF;3200300;5.0000;3;0;3;0;0;0;
EBT;UF;3200409;344.0000;5;0;0;1;1;3;
EBT;UF;3200508;1.0000;1;0;1;0;0;0;
EBT;UF;3200607;190.5000;17;3;7;4;2;1;
EBT;UF;3200706;3.0000;2;0;2;0;0;0;
EBT;UF;3200805;46.0000;4;0;0;2;2;0;
EBT;UF;3200904;18.0000;4;0;2;2;0;0;
EBT;UF;3201159;4.0000;2;0;2;0;0;0;
EBT;UF;3201209;2487.0625;56;4;36;8;4;4;
EBT;UF;3201308;560.0000;76;10;45;16;2;3;
EBT;UF;3201506;565.9375;43;4;30;5;2;2;
EBT;UF;3201902;8.5625;9;5;4;0;0;0;
EBT;UF;3202009;1.0000;1;0;1;0;0;0;
EBT;UF;3202207;4.7500;4;2;2;0;0;0;
EBT;UF;3202306;7.9375;9;5;4;0;0;0;
EBT;UF;3202405;727.0625;23;5;10;2;1;5;
EBT;UF;3202454;5.0000;3;0;3;0;0;0;
EBT;UF;3202504;75.1250;8;2;4;0;2;0;
EBT;UF;3202553;4.0000;2;0;2;0;0;0;
EBT;UF;3202603;2.0000;1;0;1;0;0;0;
EBT;UF;3202652;2.0000;1;0;1;0;0;0;
EBT;UF;3202702;5.1250;5;1;4;0;0;0;
EBT;UF;3202801;108.6875;10;6;2;1;0;1;
EBT;UF;3202900;38.0000;3;0;2;0;1;0;
EBT;UF;3203007;2.0000;1;0;1;0;0;0;
EBT;UF;3203106;6.0000;3;0;3;0;0;0;
EBT;UF;3203130;2.0000;1;0;1;0;0;0;
EBT;UF;3203163;3.1875;4;2;2;0;0;0;
EBT;UF;3203205;273.8750;36;7;19;5;4;1;
EBT;UF;3203304;8.0000;3;0;2;1;0;0;
EBT;UF;3203320;5.1875;9;5;4;0;0;0;
EBT;UF;3203346;20.0000;2;0;0;2;0;0;
EBT;UF;3203353;3.2500;3;1;2;0;0;0;
EBT;UF;3203502;10.0000;1;0;0;1;0;0;
EBT;UF;3203601;5.2500;4;1;3;0;0;0;
EBT;UF;3203809;1.0000;1;0;1;0;0;0;
EBT;UF;3203908;4.0000;2;0;2;0;0;0;
EBT;UF;3204054;34.0000;8;0;5;3;0;0;
EBT;UF;3204104;65.0000;4;0;3;0;0;1;
EBT;UF;3204203;129.6250;5;3;1;0;0;1;
EBT;UF;3204252;1.2500;2;1;1;0;0;0;
EBT;UF;3204302;10.0000;5;0;5;0;0;0;
EBT;UF;3204401;30.0000;2;0;0;1;1;0;
EBT;UF;3204500;1.2500;2;1;1;0;0;0;
EBT;UF;3204559;4.5000;3;1;2;0;0;0;
EBT;UF;3204609;49.0000;6;0;4;1;1;0;
EBT;UF;3204658;3.0000;3;0;3;0;0;0;
EBT;UF;3204708;4.0000;2;0;2;0;0;0;
EBT;UF;3204807;2.0000;1;0;1;0;0;0;
EBT;UF;3204906;1812.7500;28;3;11;3;5;6;
EBT;UF;3205002;14990.0000;208;30;92;56;14;16;
EBT;UF;3205010;2.0000;1;0;1;0;0;0;
EBT;UF;3205036;5.0000;2;0;1;1;0;0;
EBT;UF;3205069;109.4375;11;5;5;0;0;1;
EBT;UF;3205101;234.0625;28;1;15;10;1;1;
EBT;UF;3205200;2691.3125;111;11;43;39;8;10;
EBT;UF;3205309;51282.8984;265;31;51;90;30;63;
EBT;UF;3300100;1160.9648;30;6;17;4;2;1;
EBT;UF;3300209;27.0000;9;2;4;3;0;0;
EBT;UF;3300233;6.7148;7;4;3;0;0;0;
EBT;UF;3300258;2.2500;2;1;1;0;0;0;
EBT;UF;3300308;23.2148;14;2;12;0;0;0;
EBT;UF;3300407;109.9648;27;4;16;5;2;0;
EBT;UF;3300456;341.7344;59;7;41;8;1;2;
EBT;UF;3300506;1.4648;1;0;1;0;0;0;
EBT;UF;3300605;0.2500;1;1;0;0;0;0;
EBT;UF;3300704;65.0000;27;4;20;3;0;0;
EBT;UF;3300803;4.0000;2;0;2;0;0;0;
EBT;UF;3301009;5606.3555;108;23;57;13;5;10;
EBT;UF;3301108;4.5000;4;2;2;0;0;0;
EBT;UF;3301306;3.0000;2;0;2;0;0;0;
EBT;UF;3301504;2.0000;1;0;1;0;0;0;
EBT;UF;3301702;4676.3437;184;18;107;24;10;25;
EBT;UF;3301850;3.0000;2;0;2;0;0;0;
EBT;UF;3301876;2.5000;2;1;1;0;0;0;
EBT;UF;3301900;2730.5898;34;4;24;4;0;2;
EBT;UF;3302007;144.9297;35;3;24;5;3;0;
EBT;UF;3302205;32.9648;20;4;16;0;0;0;
EBT;UF;3302254;300.7500;33;2;18;7;5;1;
EBT;UF;3302270;3.9648;3;1;2;0;0;0;
EBT;UF;3302403;15202.0586;342;16;134;137;32;23;
EBT;UF;3302502;23.4648;15;3;12;0;0;0;
EBT;UF;3302601;10.2500;2;1;0;1;0;0;
EBT;UF;3302700;13.9648;8;1;7;0;0;0;
EBT;UF;3302858;2120.0547;19;3;12;1;0;3;
EBT;UF;3303203;44.8945;31;6;25;0;0;0;
EBT;UF;3303302;4561.5898;406;30;281;58;25;12;
EBT;UF;3303401;26.9297;17;6;10;1;0;0;
EBT;UF;3303500;695.6367;113;12;74;19;6;2;
EBT;UF;3303609;5.7500;5;2;3;0;0;0;
EBT;UF;3303708;2.0000;1;0;1;0;0;0;
EBT;UF;3303807;39.7500;10;2;5;3;0;0;
EBT;UF;3303906;13645.9297;101;13;60;15;6;7;
EBT;UF;3303955;6.9297;3;0;2;1;0;0;
EBT;UF;3304003;4.0000;3;0;3;0;0;0;
EBT;UF;3304110;1304.3398;48;6;16;15;1;10;
EBT;UF;3304144;28.7500;13;2;10;1;0;0;
EBT;UF;3304201;985.5000;76;2;42;17;10;5;
EBT;UF;3304300;12.2500;10;3;7;0;0;0;
EBT;UF;3304524;266.2500;51;7;25;17;2;0;
EBT;UF;3304557;1005163.58;10070;684;4753;3085;627;921;
EBT;UF;3304706;1.0000;1;0;1;0;0;0;
EBT;UF;3304805;0.5000;1;1;0;0;0;0;
EBT;UF;3304904;708.0312;148;25;96;23;0;4;
EBT;UF;3305000;82.2500;17;3;11;1;2;0;
EBT;UF;3305109;210.9922;62;8;44;9;0;1;
EBT;UF;3305208;45.2148;23;4;18;1;0;0;
EBT;UF;3305505;3.5000;3;1;2;0;0;0;
EBT;UF;3305554;508.4648;13;5;4;0;1;3;
EBT;UF;3305752;2.0000;1;0;1;0;0;0;
EBT;UF;3305802;20407.1953;30;2;14;3;1;10;
EBT;UF;3306008;254.7500;33;2;20;9;1;1;
EBT;UF;3306107;5.9648;4;1;3;0;0;0;
EBT;UF;3306206;0.5000;1;1;0;0;0;0;
EBT;UF;3306305;2987.0000;65;4;36;11;7;7;
EBT;UF;3500105;155.0000;1;0;0;0;0;1;
EBT;UF;3500709;108.0000;3;0;1;1;0;1;
EBT;UF;3501004;0.2500;1;1;0;0;0;0;
EBT;UF;3501152;52.0000;2;0;1;0;0;1;
EBT;UF;3501608;3592.6484;161;22;91;20;7;21;
EBT;UF;3501707;310.0000;2;0;0;0;0;2;
EBT;UF;3502101;1823.0000;10;0;6;1;0;3;
EBT;UF;3502507;21.2500;6;1;2;3;0;0;
EBT;UF;3502804;654.1797;27;3;13;7;0;4;
EBT;UF;3503000;2.5000;2;1;1;0;0;0;
EBT;UF;3503208;4193.9648;127;18;64;15;5;25;
EBT;UF;3503307;75.1875;46;8;38;0;0;0;
EBT;UF;3503901;131.7500;18;4;12;1;0;1;
EBT;UF;3504008;1028.1406;24;3;9;5;1;6;
EBT;UF;3504107;33.4648;18;4;13;1;0;0;
EBT;UF;3504503;2.0000;1;0;1;0;0;0;
EBT;UF;3505302;8.0000;4;0;4;0;0;0;
EBT;UF;3505401;1.0000;1;0;1;0;0;0;
EBT;UF;3505500;669.5156;13;0;3;5;0;5;
EBT;UF;3505708;111235.742;743;59;251;192;81;160;
EBT;UF;3505906;1.2598;3;2;1;0;0;0;
EBT;UF;3506003;13803.2891;289;16;112;71;15;75;
EBT;UF;3506102;2062.9141;56;10;22;9;3;12;
EBT;UF;3506359;8.5000;11;7;4;0;0;0;
EBT;UF;3506508;155.5000;2;1;0;0;0;1;
EBT;UF;3507001;299.5000;10;1;3;4;0;2;
EBT;UF;3507506;1907.4687;60;2;34;11;2;11;
EBT;UF;3507605;1601.5000;34;8;7;6;4;9;
EBT;UF;3507803;2.2500;2;1;1;0;0;0;
EBT;UF;3508207;2.5000;2;1;1;0;0;0;
EBT;UF;3508405;24.5000;8;1;5;2;0;0;
EBT;UF;3508504;135.2500;7;1;5;0;0;1;
EBT;UF;3508603;1375.0000;6;0;1;0;2;3;
EBT;UF;3509007;1.0000;1;0;1;0;0;0;
EBT;UF;3509205;2194.3555;111;13;47;33;10;8;
EBT;UF;3509254;155.2500;2;1;0;0;0;1;
EBT;UF;3509403;1.2500;2;1;1;0;0;0;
EBT;UF;3509502;70388.7812;931;75;443;181;52;180;
EBT;UF;3509700;28.3125;15;5;9;1;0;0;
EBT;UF;3510005;0.7500;2;2;0;0;0;0;
EBT;UF;3510401;2.0000;1;0;1;0;0;0;
EBT;UF;3510500;339.2500;11;1;6;2;0;2;
EBT;UF;3510609;13.9297;4;0;3;1;0;0;
EBT;UF;3511102;485.2109;29;1;13;12;1;2;
EBT;UF;3511508;1.5000;2;1;1;0;0;0;
EBT;UF;3512803;10.5625;6;2;3;1;0;0;
EBT;UF;3513009;3076.9570;51;10;26;9;2;4;
EBT;UF;3513504;1220.6250;36;4;13;7;4;8;
EBT;UF;3513702;1.5625;6;6;0;0;0;0;
EBT;UF;3513801;4004.4648;325;43;197;57;7;21;
EBT;UF;3514403;4.0000;2;0;2;0;0;0;
EBT;UF;3515004;6.0000;3;0;3;0;0;0;
EBT;UF;3515186;4.2500;3;1;2;0;0;0;
EBT;UF;3515707;10.2500;8;3;5;0;0;0;
EBT;UF;3516200;3354.2441;107;15;65;5;2;20;
EBT;UF;3516408;2.0000;1;0;1;0;0;0;
EBT;UF;3516705;28.2500;7;1;5;0;1;0;
EBT;UF;3516903;2.0000;1;0;1;0;0;0;
EBT;UF;3517000;2.0000;1;0;1;0;0;0;
EBT;UF;3517406;1.2646;4;3;1;0;0;0;
EBT;UF;3517703;13.2686;9;2;7;0;0;0;
EBT;UF;3518305;155.0000;1;0;0;0;0;1;
EBT;UF;3518404;80.9922;52;9;43;0;0;0;
EBT;UF;3518701;1660.5312;91;14;58;13;2;4;
EBT;UF;3518800;3045.3750;611;93;408;84;13;13;
EBT;UF;3519071;12806.0000;78;2;21;9;10;36;
EBT;UF;3520103;0.5000;1;1;0;0;0;0;
EBT;UF;3520509;2463.4922;93;14;48;12;4;15;
EBT;UF;3521002;4.0000;2;0;2;0;0;0;
EBT;UF;3521309;4.7686;5;3;2;0;0;0;
EBT;UF;3521408;2.0000;1;0;1;0;0;0;
EBT;UF;3522208;11.4648;2;0;1;1;0;0;
EBT;UF;3522307;619.7500;9;2;0;2;1;4;
EBT;UF;3522505;19.5391;6;0;3;3;0;0;
EBT;UF;3522604;2.5625;5;3;2;0;0;0;
EBT;UF;3523107;224.6797;33;12;14;5;1;1;
EBT;UF;3523909;3903.1797;102;10;48;17;8;19;
EBT;UF;3524006;0.1250;1;1;0;0;0;0;
EBT;UF;3524105;1.2500;2;1;1;0;0;0;
EBT;UF;3524303;232.2500;11;1;2;6;1;1;
EBT;UF;3524402;869.4883;118;10;85;16;3;4;
EBT;UF;3524709;806.5000;17;5;4;1;2;5;
EBT;UF;3525003;200.4648;16;3;8;4;0;1;
EBT;UF;3525102;2.7500;4;2;2;0;0;0;
EBT;UF;3525201;20.0000;1;0;0;0;1;0;
EBT;UF;3525300;2401.5156;66;0;38;11;3;14;
EBT;UF;3525904;10955.6953;344;42;169;74;16;43;
EBT;UF;3526704;11.9648;8;1;7;0;0;0;
EBT;UF;3526803;1732.0000;29;0;11;4;3;11;
EBT;UF;3526902;2777.5234;120;8;79;13;4;16;
EBT;UF;3527108;2487.2031;46;8;13;8;2;15;
EBT;UF;3527207;12.0000;6;0;6;0;0;0;
EBT;UF;3527306;437.2148;20;3;10;3;1;3;
EBT;UF;3528007;2048.0000;2;0;0;0;0;2;
EBT;UF;3528403;12.5000;7;1;6;0;0;0;
EBT;UF;3528502;4.7500;4;2;2;0;0;0;
EBT;UF;3529005;3548.5000;125;13;57;26;8;21;
EBT;UF;3529302;318.0000;3;0;0;1;0;2;
EBT;UF;3529401;1597.6719;166;30;107;18;3;8;
EBT;UF;3529708;29.7500;7;2;3;2;0;0;
EBT;UF;3530300;334.0000;6;0;2;2;0;2;
EBT;UF;3530508;6.0000;6;3;3;0;0;0;
EBT;UF;3530607;6521.6094;254;49;146;24;18;17;
EBT;UF;3530706;72.6367;45;7;38;0;0;0;
EBT;UF;3530805;570.9062;31;0;27;1;0;3;
EBT;UF;3531100;10.8750;9;3;6;0;0;0;
EBT;UF;3531902;3.2500;5;3;2;0;0;0;
EBT;UF;3532009;7.0000;4;0;4;0;0;0;
EBT;UF;3533007;1.0000;1;0;1;0;0;0;
EBT;UF;3533403;19.5000;14;3;11;0;0;0;
EBT;UF;3534401;7330.4824;206;19;90;58;13;26;
EBT;UF;3534609;166.2500;4;1;1;1;0;1;
EBT;UF;3534708;1637.5000;34;1;12;8;2;11;
EBT;UF;3535309;1.0000;1;0;1;0;0;0;
EBT;UF;3535507;10.0000;1;0;0;1;0;0;
EBT;UF;3536505;6.3125;5;2;3;0;0;0;
EBT;UF;3536703;35.0000;2;0;1;0;1;0;
EBT;UF;3537107;3.5156;2;0;2;0;0;0;
EBT;UF;3537305;1.0000;1;0;1;0;0;0;
EBT;UF;3537404;3.3125;6;5;1;0;0;0;
EBT;UF;3537602;2.0000;1;0;1;0;0;0;
EBT;UF;3538006;5297.0898;39;3;26;4;0;6;
EBT;UF;3538709;7166.5781;145;21;84;17;5;18;
EBT;UF;3539004;2.0000;1;0;1;0;0;0;
EBT;UF;3539301;18.2773;12;3;9;0;0;0;
EBT;UF;3539806;1198.2539;57;3;10;6;32;6;
EBT;UF;3541000;76.2695;40;11;26;2;1;0;
EBT;UF;3541307;0.2500;1;1;0;0;0;0;
EBT;UF;3541406;4416.3281;114;9;56;20;8;21;
EBT;UF;3541505;23.2461;8;2;5;0;1;0;
EBT;UF;3542206;13.0000;3;0;2;1;0;0;
EBT;UF;3542404;2.0000;1;0;1;0;0;0;
EBT;UF;3543303;36.0273;17;4;11;2;0;0;
EBT;UF;3543402;19495.1250;538;35;252;135;17;99;
EBT;UF;3543907;2061.7109;118;16;70;18;2;12;
EBT;UF;3544004;156.7500;4;2;1;0;0;1;
EBT;UF;3544103;7.2500;5;1;4;0;0;0;
EBT;UF;3544202;2.0000;1;0;1;0;0;0;
EBT;UF;3544251;1.0000;1;0;1;0;0;0;
EBT;UF;3545209;649.4648;14;0;7;3;0;4;
EBT;UF;3545803;291.1094;54;3;41;9;0;1;
EBT;UF;3546306;2.0000;1;0;1;0;0;0;
EBT;UF;3546405;23.0000;5;2;1;2;0;0;
EBT;UF;3547304;8757.8984;65;4;24;15;4;18;
EBT;UF;3547809;17627.5000;481;88;242;72;14;65;
EBT;UF;3548500;16597.8281;432;38;212;111;19;52;
EBT;UF;3548708;16380.0312;740;160;371;100;32;77;
EBT;UF;3548807;7879.9492;207;29;105;44;13;16;
EBT;UF;3548906;6543.8398;86;2;43;24;0;17;
EBT;UF;3549409;7.6250;10;6;4;0;0;0;
EBT;UF;3549706;22.8125;10;3;6;1;0;0;
EBT;UF;3549805;8956.2148;109;2;31;38;7;31;
EBT;UF;3549904;10347.3125;457;55;273;80;15;34;
EBT;UF;3550100;5.2500;6;3;3;0;0;0;
EBT;UF;3550308;551158.867;12540;1096;5490;3389;797;1768;
EBT;UF;3550605;14.3750;13;5;8;0;0;0;
EBT;UF;3550704;28.0000;5;0;2;3;0;0;
EBT;UF;3551009;3148.5117;95;22;57;8;0;8;
EBT;UF;3551702;644.5000;9;1;2;2;0;4;
EBT;UF;3552205;15443.6758;440;31;213;88;25;83;
EBT;UF;3552403;109.9648;20;2;14;1;3;0;
EBT;UF;3552502;232.3750;51;11;37;1;0;2;
EBT;UF;3552809;12525.7500;36;2;12;9;2;11;
EBT;UF;3553401;2.0000;1;0;1;0;0;0;
EBT;UF;3554102;2601.8789;178;32;101;18;13;14;
EBT;UF;3554508;11.0000;5;0;4;1;0;0;
EBT;UF;3555000;12.0000;2;0;1;1;0;0;
EBT;UF;3555406;0.5000;1;1;0;0;0;0;
EBT;UF;3556206;1056.9297;44;8;23;6;0;7;
EBT;UF;3556404;0.5000;1;1;0;0;0;0;
EBT;UF;3556701;212.4063;11;2;5;2;1;1;
EBT;UF;3557006;1204.7773;69;11;46;5;0;7;
EBT;UF;3557105;26.1250;11;2;8;1;0;0;
EBT;UF;3557303;0.2500;1;1;0;0;0;0;
EBT;UF;4100202;0.2500;1;1;0;0;0;0;
EBT;UF;4100301;0.2500;1;1;0;0;0;0;
EBT;UF;4100400;27.0156;15;5;8;2;0;0;
EBT;UF;4100509;1.0000;1;0;1;0;0;0;
EBT;UF;4100608;1.0000;1;0;1;0;0;0;
EBT;UF;4100707;1.2500;2;1;1;0;0;0;
EBT;UF;4100806;1.7500;3;2;1;0;0;0;
EBT;UF;4100905;1.0000;3;3;0;0;0;0;
EBT;UF;4101002;0.5000;1;1;0;0;0;0;
EBT;UF;4101101;12.7500;9;2;7;0;0;0;
EBT;UF;4101200;0.5000;1;1;0;0;0;0;
EBT;UF;4101408;166.3906;39;4;26;8;1;0;
EBT;UF;4101507;2125.0781;22;2;11;7;0;2;
EBT;UF;4101606;3.0000;2;0;2;0;0;0;
EBT;UF;4101705;1.5000;2;1;1;0;0;0;
EBT;UF;4101804;843.1094;129;30;74;17;5;3;
EBT;UF;4101903;4.0000;3;0;3;0;0;0;
EBT;UF;4102000;3.0000;2;0;2;0;0;0;
EBT;UF;4102109;1.0000;1;0;1;0;0;0;
EBT;UF;4102307;15.5000;10;1;9;0;0;0;
EBT;UF;4102406;22.1875;12;5;6;1;0;0;
EBT;UF;4102505;3.0000;2;0;2;0;0;0;
EBT;UF;4102802;7.0000;4;0;4;0;0;0;
EBT;UF;4102901;9.0000;5;0;5;0;0;0;
EBT;UF;4103040;0.5000;1;1;0;0;0;0;
EBT;UF;4103057;0.2500;1;1;0;0;0;0;
EBT;UF;4103107;1.0000;1;0;1;0;0;0;
EBT;UF;4103206;0.2500;1;1;0;0;0;0;
EBT;UF;4103503;0.2500;1;1;0;0;0;0;
EBT;UF;4103602;4.2500;3;1;2;0;0;0;
EBT;UF;4103701;74.5781;53;15;36;2;0;0;
EBT;UF;4103800;0.7500;2;2;0;0;0;0;
EBT;UF;4104006;6.2813;6;1;5;0;0;0;
EBT;UF;4104105;0.2500;1;1;0;0;0;0;
EBT;UF;4104204;138.0000;26;4;13;8;0;1;
EBT;UF;4104253;4.2500;4;1;3;0;0;0;
EBT;UF;4104303;20.1797;13;1;12;0;0;0;
EBT;UF;4104402;2.0000;1;0;1;0;0;0;
EBT;UF;4104428;9.7500;4;2;1;1;0;0;
EBT;UF;4104501;2.2500;3;1;2;0;0;0;
EBT;UF;4104659;27.4375;7;3;2;1;1;0;
EBT;UF;4104709;2.0000;1;0;1;0;0;0;
EBT;UF;4104808;2575.7188;176;43;97;30;4;2;
EBT;UF;4104907;63.2031;35;21;12;1;1;0;
EBT;UF;4105003;0.2500;1;1;0;0;0;0;
EBT;UF;4105102;3.0000;2;0;2;0;0;0;
EBT;UF;4105409;3.1250;3;1;2;0;0;0;
EBT;UF;4105508;3160.6563;43;11;25;4;0;3;
EBT;UF;4105607;0.2500;1;1;0;0;0;0;
EBT;UF;4105706;4.0000;3;0;3;0;0;0;
EBT;UF;4105805;252.6172;58;16;36;4;1;1;
EBT;UF;4106001;0.5000;1;1;0;0;0;0;
EBT;UF;4106209;1.5000;2;1;1;0;0;0;
EBT;UF;4106308;1.0000;1;0;1;0;0;0;
EBT;UF;4106407;55.2500;9;1;5;2;1;0;
EBT;UF;4106506;1.5625;4;3;1;0;0;0;
EBT;UF;4106605;2.0000;2;0;2;0;0;0;
EBT;UF;4106704;0.2500;1;1;0;0;0;0;
EBT;UF;4106803;0.5000;1;1;0;0;0;0;
EBT;UF;4106902;52780.1250;2048;365;977;432;150;124;
EBT;UF;4107009;2.0000;2;0;2;0;0;0;
EBT;UF;4107108;0.7500;3;3;0;0;0;0;
EBT;UF;4107207;13.0547;11;3;8;0;0;0;
EBT;UF;4107256;12.8750;4;3;0;1;0;0;
EBT;UF;4107306;0.7500;2;2;0;0;0;0;
EBT;UF;4107405;0.5000;2;2;0;0;0;0;
EBT;UF;4107504;0.2500;1;1;0;0;0;0;
EBT;UF;4107538;1.5000;2;1;1;0;0;0;
EBT;UF;4107603;1.0000;1;0;1;0;0;0;
EBT;UF;4107652;365.8047;23;6;13;1;1;2;
EBT;UF;4107702;0.2500;1;1;0;0;0;0;
EBT;UF;4107736;6.0000;2;0;1;1;0;0;
EBT;UF;4107801;3.0000;4;3;1;0;0;0;
EBT;UF;4107900;2.2500;2;1;1;0;0;0;
EBT;UF;4108007;1.5000;3;2;1;0;0;0;
EBT;UF;4108106;0.2500;1;1;0;0;0;0;
EBT;UF;4108205;1.2500;2;1;1;0;0;0;
EBT;UF;4108304;441.9375;174;62;97;13;1;1;
EBT;UF;4108320;0.5000;1;1;0;0;0;0;
EBT;UF;4108403;69.0781;25;7;15;2;1;0;
EBT;UF;4108452;0.3125;2;2;0;0;0;0;
EBT;UF;4108502;10.5000;6;1;5;0;0;0;
EBT;UF;4108601;6.3125;9;5;4;0;0;0;
EBT;UF;4108700;1.5000;2;1;1;0;0;0;
EBT;UF;4108809;17.5000;10;1;9;0;0;0;
EBT;UF;4109302;1.0000;1;0;1;0;0;0;
EBT;UF;4109401;70.5156;34;5;24;5;0;0;
EBT;UF;4109500;2.5000;3;2;1;0;0;0;
EBT;UF;4109609;9.5000;6;1;5;0;0;0;
EBT;UF;4109658;0.5000;1;1;0;0;0;0;
EBT;UF;4109708;3.0000;2;0;2;0;0;0;
EBT;UF;4109807;15.3750;24;14;10;0;0;0;
EBT;UF;4110102;1.0000;1;0;1;0;0;0;
EBT;UF;4110201;0.2500;1;1;0;0;0;0;
EBT;UF;4110706;16.0625;25;19;6;0;0;0;
EBT;UF;4110805;8.0000;4;0;4;0;0;0;
EBT;UF;4110904;0.2500;1;1;0;0;0;0;
EBT;UF;4110953;1.0000;1;0;1;0;0;0;
EBT;UF;4111407;0.2500;1;1;0;0;0;0;
EBT;UF;4111506;5.2500;4;1;3;0;0;0;
EBT;UF;4111803;12.7500;10;4;6;0;0;0;
EBT;UF;4112009;2.2500;4;3;1;0;0;0;
EBT;UF;4112108;5.6250;7;4;3;0;0;0;
EBT;UF;4112504;1.0000;1;0;1;0;0;0;
EBT;UF;4112702;2.2500;4;3;1;0;0;0;
EBT;UF;4112801;1.0000;1;0;1;0;0;0;
EBT;UF;4113205;3.0625;3;1;2;0;0;0;
EBT;UF;4113304;2.5000;3;1;2;0;0;0;
EBT;UF;4113502;4.0000;3;0;3;0;0;0;
EBT;UF;4113601;14.5000;5;1;3;1;0;0;
EBT;UF;4113700;9142.8086;362;92;157;77;15;21;
EBT;UF;4113734;0.2500;1;1;0;0;0;0;
EBT;UF;4113809;1.0000;1;0;1;0;0;0;
EBT;UF;4114005;1.0000;1;0;1;0;0;0;
EBT;UF;4114104;6.2500;6;3;3;0;0;0;
EBT;UF;4114203;45.0000;14;6;6;1;1;0;
EBT;UF;4114302;2.0000;1;0;1;0;0;0;
EBT;UF;4114351;0.2500;1;1;0;0;0;0;
EBT;UF;4114401;4.2500;4;1;3;0;0;0;
EBT;UF;4114500;1.7500;3;2;1;0;0;0;
EBT;UF;4114609;0.5000;1;1;0;0;0;0;
EBT;UF;4114807;13.7500;8;2;5;1;0;0;
EBT;UF;4114906;3.0000;2;0;2;0;0;0;
EBT;UF;4115101;0.2500;1;1;0;0;0;0;
EBT;UF;4115200;6588.8242;335;76;172;74;5;8;
EBT;UF;4115309;0.2500;1;1;0;0;0;0;
EBT;UF;4115358;1.0000;1;0;1;0;0;0;
EBT;UF;4115606;5.2500;4;1;3;0;0;0;
EBT;UF;4115705;5.5000;4;1;3;0;0;0;
EBT;UF;4115804;3.2500;3;1;2;0;0;0;
EBT;UF;4116059;0.5000;1;1;0;0;0;0;
EBT;UF;4116208;1.0000;1;0;1;0;0;0;
EBT;UF;4116703;1.5000;2;1;1;0;0;0;
EBT;UF;4116901;2.3750;5;4;1;0;0;0;
EBT;UF;4117008;0.5000;2;2;0;0;0;0;
EBT;UF;4117107;1.0000;1;0;1;0;0;0;
EBT;UF;4117206;0.2500;1;1;0;0;0;0;
EBT;UF;4117271;0.7500;2;2;0;0;0;0;
EBT;UF;4117453;0.5000;1;1;0;0;0;0;
EBT;UF;4117503;11.3750;8;2;6;0;0;0;
EBT;UF;4117602;40.0000;5;0;4;0;1;0;
EBT;UF;4117701;3.0000;2;0;2;0;0;0;
EBT;UF;4117909;9.5000;8;2;6;0;0;0;
EBT;UF;4118105;1.0000;1;0;1;0;0;0;
EBT;UF;4118204;480.8281;119;19;79;19;1;1;
EBT;UF;4118402;115.7969;51;15;33;2;1;0;
EBT;UF;4118451;1.7500;3;2;1;0;0;0;
EBT;UF;4118501;85.0625;38;9;26;2;1;0;
EBT;UF;4118600;0.5000;2;2;0;0;0;0;
EBT;UF;4118709;0.2500;1;1;0;0;0;0;
EBT;UF;4118907;1.0000;1;0;1;0;0;0;
EBT;UF;4119152;284.7656;62;3;42;13;4;0;
EBT;UF;4119202;0.2500;1;1;0;0;0;0;
EBT;UF;4119301;38.0625;7;4;2;0;1;0;
EBT;UF;4119400;3.0000;2;0;2;0;0;0;
EBT;UF;4119509;13.5625;13;6;7;0;0;0;
EBT;UF;4119608;3.0000;2;0;2;0;0;0;
EBT;UF;4119707;0.2500;1;1;0;0;0;0;
EBT;UF;4119806;1.0000;1;0;1;0;0;0;
EBT;UF;4119905;644.0313;148;40;77;23;7;1;
EBT;UF;4119954;12.7500;10;4;6;0;0;0;
EBT;UF;4120002;3.0000;2;0;2;0;0;0;
EBT;UF;4120101;0.2500;1;1;0;0;0;0;
EBT;UF;4120309;0.2500;1;1;0;0;0;0;
EBT;UF;4120606;3.2500;3;1;2;0;0;0;
EBT;UF;4120705;1.0000;3;3;0;0;0;0;
EBT;UF;4120804;300.0000;28;5;15;4;3;1;
EBT;UF;4120853;1.5000;2;1;1;0;0;0;
EBT;UF;4120903;3.0000;2;0;2;0;0;0;
EBT;UF;4121307;0.2500;1;1;0;0;0;0;
EBT;UF;4121406;3.2500;3;1;2;0;0;0;
EBT;UF;4121505;1.0000;1;0;1;0;0;0;
EBT;UF;4121604;0.7500;2;2;0;0;0;0;
EBT;UF;4121703;3.0000;2;0;2;0;0;0;
EBT;UF;4121901;3.0000;2;0;2;0;0;0;
EBT;UF;4122008;1.0000;1;0;1;0;0;0;
EBT;UF;4122206;1.7500;3;2;1;0;0;0;
EBT;UF;4122305;46.0000;16;7;4;5;0;0;
EBT;UF;4122404;62.5156;27;3;22;2;0;0;
EBT;UF;4122701;0.2500;1;1;0;0;0;0;
EBT;UF;4122800;0.7500;2;2;0;0;0;0;
EBT;UF;4123204;1.0000;1;0;1;0;0;0;
EBT;UF;4123402;1.0000;1;0;1;0;0;0;
EBT;UF;4123501;4.0000;3;0;3;0;0;0;
EBT;UF;4123709;1.0000;1;0;1;0;0;0;
EBT;UF;4123808;1.0000;1;0;1;0;0;0;
EBT;UF;4123907;1.2500;2;1;1;0;0;0;
EBT;UF;4123956;1.0000;1;0;1;0;0;0;
EBT;UF;4124020;1.0000;1;0;1;0;0;0;
EBT;UF;4124053;1.0625;2;1;1;0;0;0;
EBT;UF;4124103;11.0625;7;1;6;0;0;0;
EBT;UF;4124301;0.2500;1;1;0;0;0;0;
EBT;UF;4124400;1.5000;2;1;1;0;0;0;
EBT;UF;4124509;2.7500;4;2;2;0;0;0;
EBT;UF;4124608;0.2500;1;1;0;0;0;0;
EBT;UF;4124707;1.7500;3;2;1;0;0;0;
EBT;UF;4124905;0.2500;1;1;0;0;0;0;
EBT;UF;4125001;4.0000;3;0;3;0;0;0;
EBT;UF;4125357;0.2500;1;1;0;0;0;0;
EBT;UF;4125506;23930.8984;337;62;203;49;8;15;
EBT;UF;4125605;5.7500;6;2;4;0;0;0;
EBT;UF;4125704;20.5000;6;3;2;0;1;0;
EBT;UF;4126009;0.7500;3;3;0;0;0;0;
EBT;UF;4126207;0.2500;1;1;0;0;0;0;
EBT;UF;4126256;22.0156;22;9;13;0;0;0;
EBT;UF;4126306;1.5000;2;1;1;0;0;0;
EBT;UF;4126504;5.0000;3;0;3;0;0;0;
EBT;UF;4126603;3.0000;2;0;2;0;0;0;
EBT;UF;4126678;1.2500;2;1;1;0;0;0;
EBT;UF;4126801;3.0000;2;0;2;0;0;0;
EBT;UF;4126900;0.2500;1;1;0;0;0;0;
EBT;UF;4127007;2.2500;3;1;2;0;0;0;
EBT;UF;4127106;40.5313;14;1;11;1;1;0;
EBT;UF;4127205;0.5000;1;1;0;0;0;0;
EBT;UF;4127403;3.0000;2;0;2;0;0;0;
EBT;UF;4127502;1.5000;2;1;1;0;0;0;
EBT;UF;4127601;0.5000;1;1;0;0;0;0;
EBT;UF;4127700;129.7656;45;12;22;11;0;0;
EBT;UF;4127809;1.7500;3;2;1;0;0;0;
EBT;UF;4128005;1.0000;1;0;1;0;0;0;
EBT;UF;4128104;210.4219;44;5;26;11;1;1;
EBT;UF;4128203;119.5156;12;0;11;0;0;1;
EBT;UF;4128401;2.0000;2;0;2;0;0;0;
EBT;UF;4128500;2.0000;2;0;2;0;0;0;
EBT;UF;4128534;8.0000;4;0;4;0;0;0;
EBT;UF;4128708;4.5000;4;2;2;0;0;0;
EBT;UF;4128807;0.2500;1;1;0;0;0;0;
EBT;UF;4200101;3.3750;4;2;2;0;0;0;
EBT;UF;4200200;0.5000;1;1;0;0;0;0;
EBT;UF;4201307;207.5625;36;5;16;12;3;0;
EBT;UF;4201703;0.2500;1;1;0;0;0;0;
EBT;UF;4202008;243.0703;45;3;27;13;1;1;
EBT;UF;4202073;1.0000;1;0;1;0;0;0;
EBT;UF;4202305;137.7031;60;24;29;5;2;0;
EBT;UF;4202404;3717.6875;325;57;151;82;23;12;
EBT;UF;4202602;5.3750;4;2;1;1;0;0;
EBT;UF;4202909;898.0508;85;9;43;22;5;6;
EBT;UF;4203006;113.8750;22;5;8;7;2;0;
EBT;UF;4203204;34.8750;22;7;13;2;0;0;
EBT;UF;4203501;1.2500;2;1;1;0;0;0;
EBT;UF;4203600;2.0000;1;0;1;0;0;0;
EBT;UF;4203808;0.5000;1;1;0;0;0;0;
EBT;UF;4203956;18.7500;5;2;1;2;0;0;
EBT;UF;4204202;773.1094;115;25;59;24;4;3;
EBT;UF;4204251;87.5000;14;4;7;1;2;0;
EBT;UF;4204301;673.5156;24;2;7;7;4;4;
EBT;UF;4204350;0.6875;4;4;0;0;0;0;
EBT;UF;4204509;5.6250;6;3;3;0;0;0;
EBT;UF;4204558;15.0000;4;2;0;2;0;0;
EBT;UF;4204608;511.1992;93;19;41;30;2;1;
EBT;UF;4204806;31.5000;5;1;1;3;0;0;
EBT;UF;4205191;10.0000;1;0;0;1;0;0;
EBT;UF;4205407;7136.3320;462;74;164;154;41;29;
EBT;UF;4205506;10.0000;15;9;6;0;0;0;
EBT;UF;4205704;21.3750;13;5;7;1;0;0;
EBT;UF;4205803;9.0000;3;0;1;2;0;0;
EBT;UF;4205902;117.8750;40;16;16;6;2;0;
EBT;UF;4206504;319.5391;35;7;18;7;1;2;
EBT;UF;4206702;6.6250;7;4;3;0;0;0;
EBT;UF;4207007;47.5625;14;4;6;4;0;0;
EBT;UF;4207106;1.7500;3;2;1;0;0;0;
EBT;UF;4207304;8.5156;5;0;5;0;0;0;
EBT;UF;4207502;273.0781;44;2;26;15;0;1;
EBT;UF;4207908;1.0000;1;0;1;0;0;0;
EBT;UF;4208203;5446.8164;361;29;191;111;19;11;
EBT;UF;4208807;1.2500;2;1;1;0;0;0;
EBT;UF;4208906;575.1445;94;16;53;21;3;1;
EBT;UF;4209003;237.0000;37;2;21;10;4;0;
EBT;UF;4209102;3305.1055;476;90;215;145;15;11;
EBT;UF;4209300;492.5469;81;18;33;25;3;2;
EBT;UF;4209409;2.0000;2;0;2;0;0;0;
EBT;UF;4209706;1.2500;2;1;1;0;0;0;
EBT;UF;4210035;5.2500;5;1;4;0;0;0;
EBT;UF;4210100;28.4531;26;15;9;2;0;0;
EBT;UF;4210209;3.0000;2;0;2;0;0;0;
EBT;UF;4210605;17.0781;8;3;4;1;0;0;
EBT;UF;4211306;340.2188;63;6;29;22;6;0;
EBT;UF;4211454;1.0000;1;0;1;0;0;0;
EBT;UF;4211603;8.2500;7;1;6;0;0;0;
EBT;UF;4211702;4.2500;5;3;2;0;0;0;
EBT;UF;4211900;663.6523;105;16;61;23;4;1;
EBT;UF;4212205;1.0000;1;0;1;0;0;0;
EBT;UF;4212270;0.5000;1;1;0;0;0;0;
EBT;UF;4213005;1.3125;4;3;1;0;0;0;
EBT;UF;4213203;55.5000;11;2;4;4;1;0;
EBT;UF;4213609;1.0000;1;0;1;0;0;0;
EBT;UF;4214607;1.0000;1;0;1;0;0;0;
EBT;UF;4214706;2.2500;2;1;1;0;0;0;
EBT;UF;4214805;624.2656;85;16;38;23;4;4;
EBT;UF;4215000;45.0000;7;0;5;0;2;0;
EBT;UF;4215109;104.7500;5;2;2;0;0;1;
EBT;UF;4215455;1.0000;1;0;1;0;0;0;
EBT;UF;4215703;8.0000;4;0;4;0;0;0;
EBT;UF;4215802;405.3789;119;39;58;19;2;1;
EBT;UF;4215901;0.5000;1;1;0;0;0;0;
EBT;UF;4216107;3.5000;4;2;2;0;0;0;
EBT;UF;4216206;400.4375;42;9;12;15;4;2;
EBT;UF;4216255;1.0000;1;0;1;0;0;0;
EBT;UF;4216602;758.5742;131;21;56;47;6;1;
EBT;UF;4216909;50.2500;11;4;4;2;1;0;
EBT;UF;4217006;4.5000;3;1;2;0;0;0;
EBT;UF;4217402;197.5000;9;2;4;1;0;2;
EBT;UF;4217501;1.0000;1;0;1;0;0;0;
EBT;UF;4217709;620.0000;8;0;2;1;0;5;
EBT;UF;4217907;1.0000;1;0;1;0;0;0;
EBT;UF;4217956;0.5000;1;1;0;0;0;0;
EBT;UF;4218202;166.5000;26;3;17;5;0;1;
EBT;UF;4218608;4.0000;2;0;2;0;0;0;
EBT;UF;4218707;88.1836;26;4;15;6;1;0;
EBT;UF;4218806;14.0000;3;0;2;1;0;0;
EBT;UF;4219309;52.7500;26;11;11;3;1;0;
EBT;UF;4219507;38.3125;20;7;12;0;1;0;
EBT;UF;4219705;208.2656;16;5;6;1;3;1;
EBT;UF;4300406;78.8750;45;24;11;10;0;0;
EBT;UF;4300604;171.5000;38;12;14;9;3;0;
EBT;UF;4301008;21.0000;9;2;5;2;0;0;
EBT;UF;4301206;1.0000;1;0;1;0;0;0;
EBT;UF;4301552;1.7500;3;2;1;0;0;0;
EBT;UF;4301602;488.1250;47;9;16;16;4;2;
EBT;UF;4302006;1.0000;1;0;1;0;0;0;
EBT;UF;4302105;1227.3379;151;12;64;63;9;3;
EBT;UF;4302204;1.0000;1;0;1;0;0;0;
EBT;UF;4302352;8.5000;5;1;3;1;0;0;
EBT;UF;4302709;2.2500;3;1;2;0;0;0;
EBT;UF;4302808;1.0000;1;0;1;0;0;0;
EBT;UF;4302907;0.6250;2;2;0;0;0;0;
EBT;UF;4303004;25.7500;26;14;11;1;0;0;
EBT;UF;4303103;507.8125;93;11;39;38;5;0;
EBT;UF;4303509;320.2891;32;5;14;9;3;1;
EBT;UF;4303806;2.2500;3;1;2;0;0;0;
EBT;UF;4303905;1180.6875;91;20;38;22;4;7;
EBT;UF;4304408;44.7500;17;9;5;2;1;0;
EBT;UF;4304507;4.5000;4;1;3;0;0;0;
EBT;UF;4304606;1718.1543;206;44;82;60;11;9;
EBT;UF;4304630;10602.1250;12;4;2;3;1;2;
EBT;UF;4304663;34.5000;7;1;3;3;0;0;
EBT;UF;4304705;66.0000;35;15;14;6;0;0;
EBT;UF;4304804;101.6875;13;6;3;1;3;0;
EBT;UF;4304903;4.5000;8;5;3;0;0;0;
EBT;UF;4305108;3551.1328;534;87;245;171;24;7;
EBT;UF;4305207;2.0000;2;0;2;0;0;0;
EBT;UF;4305355;34.0000;1;0;0;0;1;0;
EBT;UF;4305439;1.0000;1;0;1;0;0;0;
EBT;UF;4305801;0.2500;1;1;0;0;0;0;
EBT;UF;4305975;2.0000;1;0;1;0;0;0;
EBT;UF;4306056;1.0000;1;0;1;0;0;0;
EBT;UF;4306106;2261.6250;53;25;18;6;1;3;
EBT;UF;4306205;2.5000;3;1;2;0;0;0;
EBT;UF;4306304;1.0000;1;0;1;0;0;0;
EBT;UF;4306403;20.5000;3;2;0;0;1;0;
EBT;UF;4306601;7.0000;2;0;1;1;0;0;
EBT;UF;4306767;1015.2500;46;4;15;17;5;5;
EBT;UF;4307005;10682.1016;71;3;40;20;6;2;
EBT;UF;4307559;118.5000;4;1;1;0;1;1;
EBT;UF;4307609;45.7500;19;5;9;5;0;0;
EBT;UF;4307708;165.5781;49;19;20;8;2;0;
EBT;UF;4307807;30.3750;17;9;6;2;0;0;
EBT;UF;4307864;0.5000;1;1;0;0;0;0;
EBT;UF;4307906;997.9258;82;6;28;37;10;1;
EBT;UF;4308003;6.0000;3;0;3;0;0;0;
EBT;UF;4308102;3.0000;3;0;3;0;0;0;
EBT;UF;4308508;5.0000;8;4;4;0;0;0;
EBT;UF;4308607;242.6484;62;13;32;15;2;0;
EBT;UF;4308904;3271.2500;19;6;3;3;0;7;
EBT;UF;4309001;2.5625;5;3;2;0;0;0;
EBT;UF;4309050;10.1406;4;2;1;1;0;0;
EBT;UF;4309100;805.2969;38;12;20;4;1;1;
EBT;UF;4309209;606.6250;154;43;57;49;4;1;
EBT;UF;4309308;177.6875;34;16;10;4;4;0;
EBT;UF;4309407;5.0000;6;3;3;0;0;0;
EBT;UF;4309605;6.8750;12;7;5;0;0;0;
EBT;UF;4309803;1.0000;1;0;1;0;0;0;
EBT;UF;4310108;20.7500;19;10;6;3;0;0;
EBT;UF;4310207;83.0625;18;3;9;5;1;0;
EBT;UF;4310330;2.1250;5;4;1;0;0;0;
EBT;UF;4310603;2.0000;1;0;1;0;0;0;
EBT;UF;4310751;1.0000;1;0;1;0;0;0;
EBT;UF;4310801;14.5000;11;8;2;1;0;0;
EBT;UF;4311007;8.9375;8;4;3;1;0;0;
EBT;UF;4311205;4.7500;5;2;3;0;0;0;
EBT;UF;4311403;1146.5625;38;7;19;11;0;1;
EBT;UF;4311809;107.0625;17;8;4;3;2;0;
EBT;UF;4311908;1.0000;1;0;1;0;0;0;
EBT;UF;4312401;48.3125;28;14;10;4;0;0;
EBT;UF;4312500;1.0000;1;0;1;0;0;0;
EBT;UF;4312658;10.0000;1;0;0;1;0;0;
EBT;UF;4312708;0.3750;6;6;0;0;0;0;
EBT;UF;4312906;6.2500;4;1;2;1;0;0;
EBT;UF;4313060;14.5000;4;1;2;1;0;0;
EBT;UF;4313102;4.0000;2;0;2;0;0;0;
EBT;UF;4313201;57.5625;12;5;1;5;1;0;
EBT;UF;4313300;24.5625;16;6;9;1;0;0;
EBT;UF;4313375;42.5469;6;0;5;0;1;0;
EBT;UF;4313409;1252.7539;179;34;73;62;9;1;
EBT;UF;4313508;150.3750;29;15;8;4;0;2;
EBT;UF;4313656;1.0000;2;2;0;0;0;0;
EBT;UF;4313706;7.5625;10;5;5;0;0;0;
EBT;UF;4313904;78.3125;30;16;10;3;1;0;
EBT;UF;4314050;40.1875;24;13;9;2;0;0;
EBT;UF;4314100;1241.2813;125;24;50;35;11;5;
EBT;UF;4314308;0.2500;1;1;0;0;0;0;
EBT;UF;4314407;2224.9531;101;23;49;20;5;4;
EBT;UF;4314506;4.0000;1;0;0;1;0;0;
EBT;UF;4314803;12.7656;8;4;3;1;0;0;
EBT;UF;4314902;52851.0507;1362;138;453;530;140;101;
EBT;UF;4315107;0.5000;1;1;0;0;0;0;
EBT;UF;4315206;1.0000;1;0;1;0;0;0;
EBT;UF;4315305;1.0000;1;0;1;0;0;0;
EBT;UF;4315503;1.0000;2;2;0;0;0;0;
EBT;UF;4315602;2322.4531;125;34;45;30;10;6;
EBT;UF;4315701;3.3750;6;4;2;0;0;0;
EBT;UF;4315800;2.0000;2;0;2;0;0;0;
EBT;UF;4316402;169.2500;12;6;4;1;0;1;
EBT;UF;4316451;1.0000;1;0;1;0;0;0;
EBT;UF;4316501;0.3125;2;2;0;0;0;0;
EBT;UF;4316709;1.0000;1;0;1;0;0;0;
EBT;UF;4316808;2793.1875;66;13;18;25;4;6;
EBT;UF;4316907;2298.2227;153;59;55;31;3;5;
EBT;UF;4316956;6.0000;3;0;3;0;0;0;
EBT;UF;4317103;144.5625;19;3;8;6;1;1;
EBT;UF;4317202;13.0000;6;0;5;1;0;0;
EBT;UF;4317301;2.0000;1;0;1;0;0;0;
EBT;UF;4317400;14.9375;13;7;5;1;0;0;
EBT;UF;4317509;475.0313;19;0;10;7;0;2;
EBT;UF;4317608;12.7500;9;6;2;1;0;0;
EBT;UF;4317905;1.5000;2;1;1;0;0;0;
EBT;UF;4318002;2.5000;2;1;1;0;0;0;
EBT;UF;4318101;1.5000;3;2;1;0;0;0;
EBT;UF;4318200;1.7500;3;2;1;0;0;0;
EBT;UF;4318309;3.0000;4;2;2;0;0;0;
EBT;UF;4318507;0.2500;1;1;0;0;0;0;
EBT;UF;4318705;1380.3398;112;28;37;38;5;4;
EBT;UF;4318804;102.4375;6;3;2;0;0;1;
EBT;UF;4319000;10.0000;1;0;0;1;0;0;
EBT;UF;4319406;4.0000;6;3;3;0;0;0;
EBT;UF;4319505;24.0625;12;6;3;3;0;0;
EBT;UF;4319802;1.5000;3;2;1;0;0;0;
EBT;UF;4319901;98.5156;18;0;10;7;1;0;
EBT;UF;4320008;148.6563;44;15;16;12;1;0;
EBT;UF;4320107;128.8750;12;7;2;1;1;1;
EBT;UF;4320206;0.2500;1;1;0;0;0;0;
EBT;UF;4320404;6.5625;6;2;4;0;0;0;
EBT;UF;4320701;1.0000;1;0;1;0;0;0;
EBT;UF;4320800;2.0000;2;0;2;0;0;0;
EBT;UF;4320909;1.0000;1;0;1;0;0;0;
EBT;UF;4321204;223.5000;20;8;9;1;0;2;
EBT;UF;4321303;6.0000;3;0;3;0;0;0;
EBT;UF;4321451;1459.4531;28;14;5;2;2;5;
EBT;UF;4321501;18.3281;22;16;5;1;0;0;
EBT;UF;4321600;29.9531;23;16;5;2;0;0;
EBT;UF;4321709;2.7500;4;2;2;0;0;0;
EBT;UF;4321808;1.0000;1;0;1;0;0;0;
EBT;UF;4322004;32.0000;1;0;0;0;1;0;
EBT;UF;4322400;10754.4063;40;9;13;12;3;3;
EBT;UF;4322509;300.6172;44;3;23;17;0;1;
EBT;UF;4322608;75.7500;21;6;8;7;0;0;
EBT;UF;4322806;1.0000;1;0;1;0;0;0;
EBT;UF;4323002;127.8750;31;14;10;3;4;0;
EBT;UF;4323408;1.7500;3;2;1;0;0;0;
EBT;UF;4323804;3.0625;9;8;1;0;0;0;
EBT;UF;5000203;114.0000;17;0;5;11;1;0;
EBT;UF;5001003;3.0000;2;0;2;0;0;0;
EBT;UF;5001102;3.5000;3;1;2;0;0;0;
EBT;UF;5002209;4.0000;2;0;2;0;0;0;
EBT;UF;5002407;4.0000;2;0;2;0;0;0;
EBT;UF;5002704;19662.4375;638;114;253;202;36;33;
EBT;UF;5002902;0.5000;1;1;0;0;0;0;
EBT;UF;5002951;8.0000;4;0;4;0;0;0;
EBT;UF;5003207;124.0000;19;0;10;7;2;0;
EBT;UF;5003256;2.0000;1;0;1;0;0;0;
EBT;UF;5003306;95.0000;6;0;3;0;2;1;
EBT;UF;5003504;0.5000;1;1;0;0;0;0;
EBT;UF;5003702;2403.5625;80;11;33;26;4;6;
EBT;UF;5003751;1.0000;1;0;1;0;0;0;
EBT;UF;5003801;2.0000;1;0;1;0;0;0;
EBT;UF;5004007;2.0000;1;0;1;0;0;0;
EBT;UF;5004106;2.0000;1;0;1;0;0;0;
EBT;UF;5004502;30.2500;10;3;5;2;0;0;
EBT;UF;5004700;1.0000;1;0;1;0;0;0;
EBT;UF;5005004;2.0000;1;0;1;0;0;0;
EBT;UF;5005103;1.0000;1;0;1;0;0;0;
EBT;UF;5005202;4.0000;2;0;2;0;0;0;
EBT;UF;5005400;508.5000;18;1;5;5;3;4;
EBT;UF;5005608;2.0000;1;0;1;0;0;0;
EBT;UF;5005681;2.0000;1;0;1;0;0;0;
EBT;UF;5005707;8.0000;4;0;4;0;0;0;
EBT;UF;5006002;10.0000;6;2;3;1;0;0;
EBT;UF;5006200;2.0000;1;0;1;0;0;0;
EBT;UF;5006309;10.0000;4;0;3;1;0;0;
EBT;UF;5006358;0.5000;1;1;0;0;0;0;
EBT;UF;5006606;13.0000;8;0;8;0;0;0;
EBT;UF;5006903;2.0000;1;0;1;0;0;0;
EBT;UF;5007109;43.5000;7;1;1;4;1;0;
EBT;UF;5007208;8.0000;4;0;3;1;0;0;
EBT;UF;5007695;2.5000;2;1;1;0;0;0;
EBT;UF;5007703;1.0000;1;0;1;0;0;0;
EBT;UF;5007901;147.5000;13;1;4;4;4;0;
EBT;UF;5008008;2.0000;1;0;1;0;0;0;
EBT;UF;5008305;1749.4609;80;1;36;32;8;3;
EBT;UF;5100201;9.0000;5;0;5;0;0;0;
EBT;UF;5100250;15.5000;9;1;8;0;0;0;
EBT;UF;5100300;0.5000;1;1;0;0;0;0;
EBT;UF;5100409;2.0000;1;0;1;0;0;0;
EBT;UF;5100805;1.0000;1;0;1;0;0;0;
EBT;UF;5101704;2.0000;1;0;1;0;0;0;
EBT;UF;5101803;20.5000;12;1;11;0;0;0;
EBT;UF;5102504;265.0000;70;12;45;10;3;0;
EBT;UF;5102678;3.0000;2;0;2;0;0;0;
EBT;UF;5103056;1.0000;1;0;1;0;0;0;
EBT;UF;5103205;2.0000;1;0;1;0;0;0;
EBT;UF;5103403;33062.3047;1057;149;555;196;93;64;
EBT;UF;5103502;5.5000;4;1;3;0;0;0;
EBT;UF;5104104;0.5000;1;1;0;0;0;0;
EBT;UF;5104609;2.0000;1;0;1;0;0;0;
EBT;UF;5104807;2.0000;1;0;1;0;0;0;
EBT;UF;5105002;103.7500;11;2;4;3;1;1;
EBT;UF;5105101;2.0000;1;0;1;0;0;0;
EBT;UF;5105150;8.0000;4;0;4;0;0;0;
EBT;UF;5105259;2251.5742;198;38;95;42;12;11;
EBT;UF;5105580;0.5000;1;1;0;0;0;0;
EBT;UF;5105622;52.5000;20;3;14;3;0;0;
EBT;UF;5105903;0.5000;1;1;0;0;0;0;
EBT;UF;5106224;694.1875;103;18;56;20;6;3;
EBT;UF;5106257;2.0000;1;0;1;0;0;0;
EBT;UF;5106307;0.5000;1;1;0;0;0;0;
EBT;UF;5106372;2.0000;1;0;1;0;0;0;
EBT;UF;5106505;2.0000;1;0;1;0;0;0;
EBT;UF;5106752;542.3750;67;21;31;4;7;4;
EBT;UF;5107040;8.5625;7;2;5;0;0;0;
EBT;UF;5107065;2.5000;2;1;1;0;0;0;
EBT;UF;5107107;2.0000;1;0;1;0;0;0;
EBT;UF;5107180;0.5000;1;1;0;0;0;0;
EBT;UF;5107198;0.5625;2;2;0;0;0;0;
EBT;UF;5107602;2294.8633;275;27;167;55;13;13;
EBT;UF;5107800;1.0000;1;0;1;0;0;0;
EBT;UF;5107859;1.2500;2;1;1;0;0;0;
EBT;UF;5107875;2.0000;1;0;1;0;0;0;
EBT;UF;5107909;9886.5156;252;24;160;47;7;14;
EBT;UF;5107925;1653.9453;178;19;100;44;4;11;
EBT;UF;5107958;17.3750;14;6;8;0;0;0;
EBT;UF;5108105;0.5000;1;1;0;0;0;0;
EBT;UF;5108402;2632.6523;197;29;87;66;7;8;
EBT;UF;5108600;1.0000;1;0;1;0;0;0;
EBT;UF;5200050;2.0000;1;0;1;0;0;0;
EBT;UF;5200258;162.2969;29;6;18;3;1;1;
EBT;UF;5200308;11.7500;14;8;6;0;0;0;
EBT;UF;5200605;0.2500;1;1;0;0;0;0;
EBT;UF;5200803;3.2500;3;1;2;0;0;0;
EBT;UF;5201108;15921.1250;290;31;96;122;13;28;
EBT;UF;5201306;2.0000;1;0;1;0;0;0;
EBT;UF;5201405;6964.5625;227;40;136;36;2;13;
EBT;UF;5201702;1.0000;1;0;1;0;0;0;
EBT;UF;5202502;1.0000;1;0;1;0;0;0;
EBT;UF;5202601;0.2500;1;1;0;0;0;0;
EBT;UF;5203203;1.0000;1;0;1;0;0;0;
EBT;UF;5203302;2.0000;1;0;1;0;0;0;
EBT;UF;5203500;2.0000;1;0;1;0;0;0;
EBT;UF;5203906;4.0000;2;0;2;0;0;0;
EBT;UF;5204003;0.2500;1;1;0;0;0;0;
EBT;UF;5204102;0.5000;1;1;0;0;0;0;
EBT;UF;5204300;2.0000;1;0;1;0;0;0;
EBT;UF;5204508;41.0000;10;2;4;4;0;0;
EBT;UF;5204706;7.7500;6;2;4;0;0;0;
EBT;UF;5204805;0.7500;2;2;0;0;0;0;
EBT;UF;5204904;2.0000;1;0;1;0;0;0;
EBT;UF;5205109;746.3750;49;6;22;10;6;5;
EBT;UF;5205307;1.0000;1;0;1;0;0;0;
EBT;UF;5205406;8.0625;5;1;4;0;0;0;
EBT;UF;5205455;0.2500;1;1;0;0;0;0;
EBT;UF;5205471;0.5000;1;1;0;0;0;0;
EBT;UF;5205497;27.0000;6;2;3;0;1;0;
EBT;UF;5205513;1.7500;3;2;1;0;0;0;
EBT;UF;5205802;0.2500;1;1;0;0;0;0;
EBT;UF;5205901;2.5000;3;1;2;0;0;0;
EBT;UF;5206206;413.3125;24;4;6;8;3;3;
EBT;UF;5206800;0.2500;1;1;0;0;0;0;
EBT;UF;5207402;2.0000;1;0;1;0;0;0;
EBT;UF;5207501;1.0000;1;0;1;0;0;0;
EBT;UF;5207600;0.5000;1;1;0;0;0;0;
EBT;UF;5207808;0.2500;1;1;0;0;0;0;
EBT;UF;5208004;11.0000;6;0;6;0;0;0;
EBT;UF;5208103;0.2500;1;1;0;0;0;0;
EBT;UF;5208509;155.0000;1;0;0;0;0;1;
EBT;UF;5208608;3.0625;3;1;2;0;0;0;
EBT;UF;5208707;73513.6250;1028;130;574;173;43;108;
EBT;UF;5208806;9.0000;4;0;3;1;0;0;
EBT;UF;5208905;2.0000;1;0;1;0;0;0;
EBT;UF;5209101;11.0000;10;5;5;0;0;0;
EBT;UF;5209200;2.0000;1;0;1;0;0;0;
EBT;UF;5209705;2.0000;1;0;1;0;0;0;
EBT;UF;5209804;0.2500;1;1;0;0;0;0;
EBT;UF;5209937;2.0000;1;0;1;0;0;0;
EBT;UF;5210000;11.5000;7;1;6;0;0;0;
EBT;UF;5210208;6.0000;3;0;3;0;0;0;
EBT;UF;5210802;0.2500;1;1;0;0;0;0;
EBT;UF;5210901;1.0000;1;0;1;0;0;0;
EBT;UF;5211206;0.5000;1;1;0;0;0;0;
EBT;UF;5211503;144.0000;43;3;32;6;2;0;
EBT;UF;5211800;6.0000;5;2;3;0;0;0;
EBT;UF;5211909;132.0000;18;2;14;1;0;1;
EBT;UF;5212105;0.2500;1;1;0;0;0;0;
EBT;UF;5212204;2.0000;1;0;1;0;0;0;
EBT;UF;5212303;0.2500;1;1;0;0;0;0;
EBT;UF;5212501;141.3906;61;17;33;11;0;0;
EBT;UF;5212956;0.5000;1;1;0;0;0;0;
EBT;UF;5213004;2.2500;2;1;1;0;0;0;
EBT;UF;5213103;11.0000;4;2;1;1;0;0;
EBT;UF;5213509;0.2500;1;1;0;0;0;0;
EBT;UF;5213756;1.2500;2;1;1;0;0;0;
EBT;UF;5213806;511.9375;19;7;8;0;1;3;
EBT;UF;5213905;0.2500;1;1;0;0;0;0;
EBT;UF;5214002;0.2500;1;1;0;0;0;0;
EBT;UF;5214408;1.0000;1;0;1;0;0;0;
EBT;UF;5214507;2.0000;1;0;1;0;0;0;
EBT;UF;5214606;2.0000;1;0;1;0;0;0;
EBT;UF;5214838;1.0000;1;0;1;0;0;0;
EBT;UF;5215231;24.0625;15;7;7;1;0;0;
EBT;UF;5215306;1.2500;2;1;1;0;0;0;
EBT;UF;5215504;0.2500;1;1;0;0;0;0;
EBT;UF;5215603;1.4648;1;0;1;0;0;0;
EBT;UF;5215702;2.0000;1;0;1;0;0;0;
EBT;UF;5216304;0.2500;1;1;0;0;0;0;
EBT;UF;5216403;1.0000;2;2;0;0;0;0;
EBT;UF;5216809;1.0000;1;0;1;0;0;0;
EBT;UF;5217104;2.0000;1;0;1;0;0;0;
EBT;UF;5217203;0.2500;1;1;0;0;0;0;
EBT;UF;5217401;36.0000;2;0;1;0;1;0;
EBT;UF;5217609;7.5000;5;1;4;0;0;0;
EBT;UF;5218003;105.5000;8;1;3;1;2;1;
EBT;UF;5218508;2.0000;1;0;1;0;0;0;
EBT;UF;5218789;0.2500;1;1;0;0;0;0;
EBT;UF;5218805;9832.5000;112;11;53;26;6;16;
EBT;UF;5218904;2.0000;1;0;1;0;0;0;
EBT;UF;5219001;0.5000;1;1;0;0;0;0;
EBT;UF;5219100;0.2500;1;1;0;0;0;0;
EBT;UF;5219308;2.0000;1;0;1;0;0;0;
EBT;UF;5219605;2.0000;1;0;1;0;0;0;
EBT;UF;5219753;11.0000;8;2;6;0;0;0;
EBT;UF;5219902;0.2500;1;1;0;0;0;0;
EBT;UF;5220108;2.5000;2;1;1;0;0;0;
EBT;UF;5220405;2.0000;1;0;1;0;0;0;
EBT;UF;5220454;44.0000;20;2;17;1;0;0;
EBT;UF;5220603;2.0000;1;0;1;0;0;0;
EBT;UF;5221403;268.3125;22;6;10;3;1;2;
EBT;UF;5221601;179.0625;16;8;4;3;0;1;
EBT;UF;5221700;0.2500;1;1;0;0;0;0;
EBT;UF;5221809;4.2500;3;1;2;0;0;0;
EBT;UF;5221858;89.4063;40;14;19;6;1;0;
EBT;UF;5222005;2.0000;1;0;1;0;0;0;
EBT;UF;5300108;587829.082;4490;624;1762;1245;314;545;
TLB;UF;1302603;20.0000;1;0;0;0;1;0;
TLB;UF;3106200;0.2500;1;1;0;0;0;0;
TLB;UF;3304557;1.0000;1;0;1;0;0;0;
TLB;UF;3550308;10.0000;1;0;0;1;0;0;
TLB;UF;4205407;34.0000;1;0;0;0;1;0;
09;1361;
