01;CLA;IPL4;201507;
EBT;UF;1100023;171.3750;48;5;37;4;2;0;
EBT;UF;1100049;344.6875;93;20;57;14;1;1;
EBT;UF;1100056;0.2500;1;1;0;0;0;0;
EBT;UF;1100080;0.3750;2;2;0;0;0;0;
EBT;UF;1100098;0.5000;1;1;0;0;0;0;
EBT;UF;1100106;16.0000;6;0;4;2;0;0;
EBT;UF;1100114;109.0000;19;0;16;1;2;0;
EBT;UF;1100122;1182.6875;194;14;149;18;9;4;
EBT;UF;1100155;90.0000;8;0;4;1;3;0;
EBT;UF;1100189;140.0625;45;8;31;4;2;0;
EBT;UF;1100205;15502.7031;863;101;536;149;34;43;
EBT;UF;1100288;2.0000;1;0;1;0;0;0;
EBT;UF;1100296;1.0000;1;0;1;0;0;0;
EBT;UF;1100304;656.0000;143;19;99;18;6;1;
EBT;UF;1100346;1.0000;1;0;1;0;0;0;
EBT;UF;1100452;1.0000;1;0;1;0;0;0;
EBT;UF;1100924;2.0000;1;0;1;0;0;0;
EBT;UF;1101005;3.0000;2;0;2;0;0;0;
EBT;UF;1101468;0.5000;1;1;0;0;0;0;
EBT;UF;1101492;1.0000;1;0;1;0;0;0;
EBT;UF;1101500;0.1250;1;1;0;0;0;0;
EBT;UF;1200054;2.5000;3;1;2;0;0;0;
EBT;UF;1200138;19.0000;7;0;5;2;0;0;
EBT;UF;1200203;5.0000;3;0;3;0;0;0;
EBT;UF;1200252;0.6875;3;3;0;0;0;0;
EBT;UF;1200401;9122.1016;412;48;241;87;15;21;
EBT;UF;1200450;4.0000;2;0;2;0;0;0;
EBT;UF;1301100;6.0000;4;0;4;0;0;0;
EBT;UF;1301704;117.8125;12;3;7;1;0;1;
EBT;UF;1301852;2.0000;1;0;1;0;0;0;
EBT;UF;1302603;13513.0000;1123;143;633;234;74;39;
EBT;UF;1303403;2.5000;3;2;1;0;0;0;
EBT;UF;1400100;719.0625;153;11;82;52;8;0;
EBT;UF;1500602;2.0000;1;0;1;0;0;0;
EBT;UF;1500800;8459.3613;181;11;92;57;11;10;
EBT;UF;1501303;24.0000;4;0;2;2;0;0;
EBT;UF;1501402;53374.7383;1070;48;452;357;109;104;
EBT;UF;1501501;50.8750;22;6;12;4;0;0;
EBT;UF;1501709;2.2500;2;1;1;0;0;0;
EBT;UF;1501956;0.5000;1;1;0;0;0;0;
EBT;UF;1502202;231.0000;9;0;1;3;4;1;
EBT;UF;1502400;157.5156;37;3;24;8;2;0;
EBT;UF;1502939;1.0000;1;0;1;0;0;0;
EBT;UF;1503606;6.0000;3;0;3;0;0;0;
EBT;UF;1503903;2.0000;1;0;1;0;0;0;
EBT;UF;1504208;561.6875;135;34;69;23;7;2;
EBT;UF;1504422;294.7031;79;14;41;21;3;0;
EBT;UF;1505304;1.0000;1;0;1;0;0;0;
EBT;UF;1505502;392.0000;22;0;15;2;2;3;
EBT;UF;1506203;1.2500;3;3;0;0;0;0;
EBT;UF;1506500;2.2148;3;2;1;0;0;0;
EBT;UF;1506807;220.5781;59;12;38;6;1;2;
EBT;UF;1507607;4.0000;2;0;2;0;0;0;
EBT;UF;1508209;0.2500;1;1;0;0;0;0;
EBT;UF;1600303;534.5703;132;16;85;25;4;2;
EBT;UF;1600600;21.6250;15;5;9;1;0;0;
EBT;UF;1700350;4.0000;3;0;3;0;0;0;
EBT;UF;1700400;0.5000;1;1;0;0;0;0;
EBT;UF;1700707;18.7500;8;2;5;1;0;0;
EBT;UF;1702000;0.2500;1;1;0;0;0;0;
EBT;UF;1702109;468.3750;81;12;35;29;5;0;
EBT;UF;1702208;1.0000;1;0;1;0;0;0;
EBT;UF;1705508;232.5000;10;1;6;0;1;2;
EBT;UF;1707009;5.0000;3;0;3;0;0;0;
EBT;UF;1709302;122.6875;11;4;4;2;0;1;
EBT;UF;1709500;145.3125;23;3;11;8;0;1;
EBT;UF;1713205;10.5625;9;3;6;0;0;0;
EBT;UF;1713304;4.7500;6;3;3;0;0;0;
EBT;UF;1714880;25.8125;7;3;3;0;1;0;
EBT;UF;1716109;168.7500;15;2;8;2;2;1;
EBT;UF;1716505;1.0000;1;0;1;0;0;0;
EBT;UF;1716604;8.0000;4;0;4;0;0;0;
EBT;UF;1718204;337.7500;33;4;17;6;4;2;
EBT;UF;1718402;4.0000;1;0;0;1;0;0;
EBT;UF;1721000;3228.5000;255;46;123;61;18;7;
EBT;UF;1722081;4.0000;1;0;0;1;0;0;
EBT;UF;2100204;32.0000;1;0;0;0;1;0;
EBT;UF;2101202;98.0000;7;0;4;0;3;0;
EBT;UF;2101251;155.0000;1;0;0;0;0;1;
EBT;UF;2101400;144.0000;9;0;0;6;2;1;
EBT;UF;2101608;0.1250;1;1;0;0;0;0;
EBT;UF;2103000;1126.0000;28;0;6;9;7;6;
EBT;UF;2103307;155.0000;1;0;0;0;0;1;
EBT;UF;2104057;6.0000;3;0;3;0;0;0;
EBT;UF;2105302;475.7500;52;3;22;22;4;1;
EBT;UF;2105427;20.0000;3;0;1;2;0;0;
EBT;UF;2108603;4.0000;1;0;0;1;0;0;
EBT;UF;2109106;2.2500;4;3;1;0;0;0;
EBT;UF;2109601;2.0000;1;0;1;0;0;0;
EBT;UF;2109908;47.0000;10;2;7;0;1;0;
EBT;UF;2110203;0.2500;1;1;0;0;0;0;
EBT;UF;2110302;52.0000;6;0;1;5;0;0;
EBT;UF;2111201;48.1445;21;8;8;5;0;0;
EBT;UF;2111300;17886.7031;372;36;98;162;48;28;
EBT;UF;2112209;162.0000;6;0;0;2;3;1;
EBT;UF;2112902;0.3750;2;2;0;0;0;0;
EBT;UF;2114007;4.0000;2;0;2;0;0;0;
EBT;UF;2200400;32.0000;1;0;0;0;1;0;
EBT;UF;2201507;42.0000;2;0;0;1;1;0;
EBT;UF;2202000;32.0000;1;0;0;0;1;0;
EBT;UF;2202208;80.0000;4;0;0;2;2;0;
EBT;UF;2202406;64.0000;2;0;0;0;2;0;
EBT;UF;2202703;64.0000;2;0;0;0;2;0;
EBT;UF;2203701;106.0000;4;0;0;1;3;0;
EBT;UF;2203909;54.0625;6;1;1;3;1;0;
EBT;UF;2207702;144.0000;7;0;0;3;4;0;
EBT;UF;2208403;623.0000;14;0;1;2;8;3;
EBT;UF;2211001;18378.1367;329;7;74;121;113;14;
EBT;UF;2301000;132.2500;11;1;7;2;0;1;
EBT;UF;2301109;50.0000;5;0;0;4;1;0;
EBT;UF;2301901;40.6250;9;3;1;5;0;0;
EBT;UF;2302503;20.0000;2;0;0;2;0;0;
EBT;UF;2303709;37.0391;23;8;12;3;0;0;
EBT;UF;2303956;0.2500;1;1;0;0;0;0;
EBT;UF;2304103;8.2500;2;1;0;1;0;0;
EBT;UF;2304202;95.0000;7;0;2;3;2;0;
EBT;UF;2304285;250.0000;29;0;16;8;4;1;
EBT;UF;2304400;13112.3476;500;35;164;207;52;42;
EBT;UF;2305233;83.9922;13;1;7;3;2;0;
EBT;UF;2305407;100.0000;4;0;0;1;2;1;
EBT;UF;2305506;42.0000;3;0;0;2;1;0;
EBT;UF;2306256;0.5000;1;1;0;0;0;0;
EBT;UF;2306405;38.0000;5;0;0;5;0;0;
EBT;UF;2307007;1.0000;1;0;1;0;0;0;
EBT;UF;2307304;347.5000;30;1;12;14;1;2;
EBT;UF;2307601;110.0000;4;0;0;2;1;1;
EBT;UF;2307650;239.2148;44;2;21;19;2;0;
EBT;UF;2307700;30.0000;3;0;0;3;0;0;
EBT;UF;2308302;16.0000;1;0;0;0;1;0;
EBT;UF;2309201;10.0000;1;0;0;1;0;0;
EBT;UF;2309607;106.0000;3;0;0;0;2;1;
EBT;UF;2310704;1.0000;1;0;1;0;0;0;
EBT;UF;2311306;53.0000;5;0;1;3;1;0;
EBT;UF;2311801;72.9375;20;8;8;3;1;0;
EBT;UF;2312403;4.0000;2;0;2;0;0;0;
EBT;UF;2312908;432.3125;44;6;14;17;5;2;
EBT;UF;2313302;3.1875;4;2;2;0;0;0;
EBT;UF;2313401;722.0000;13;0;2;4;3;4;
EBT;UF;2400109;90.0000;4;0;0;3;0;1;
EBT;UF;2400802;0.5000;1;1;0;0;0;0;
EBT;UF;2403251;162.8750;45;6;25;14;0;0;
EBT;UF;2404507;1.0000;1;0;1;0;0;0;
EBT;UF;2406700;10.0000;1;0;0;1;0;0;
EBT;UF;2407104;33.0000;13;0;11;2;0;0;
EBT;UF;2407203;10.0000;1;0;0;1;0;0;
EBT;UF;2408003;691.8125;51;6;26;12;4;3;
EBT;UF;2408102;5980.0430;152;19;34;58;18;23;
EBT;UF;2412005;235.5000;22;1;11;7;1;2;
EBT;UF;2501807;79.5000;12;1;7;3;1;0;
EBT;UF;2503209;560.2500;36;1;19;12;1;3;
EBT;UF;2504009;1923.7500;64;6;14;29;6;9;
EBT;UF;2506301;42.0000;2;0;0;1;1;0;
EBT;UF;2506905;48.0000;2;0;0;0;2;0;
EBT;UF;2507507;6074.7773;245;19;97;75;28;26;
EBT;UF;2510808;197.0000;3;0;0;1;1;1;
EBT;UF;2516201;2.0000;1;0;1;0;0;0;
EBT;UF;2600054;249.6250;39;7;26;4;1;1;
EBT;UF;2601102;18.0000;1;0;0;0;1;0;
EBT;UF;2601201;90.0000;7;0;1;2;4;0;
EBT;UF;2601706;190.5000;6;1;0;1;3;1;
EBT;UF;2601904;22.0000;1;0;0;0;1;0;
EBT;UF;2602902;1284.1719;104;6;69;20;3;6;
EBT;UF;2603454;20.5000;12;1;10;1;0;0;
EBT;UF;2604007;51.0000;5;0;1;3;1;0;
EBT;UF;2604106;1670.4727;67;7;31;22;4;3;
EBT;UF;2605103;24.7891;3;0;2;0;1;0;
EBT;UF;2606002;20.5000;3;1;0;2;0;0;
EBT;UF;2606200;4.0000;2;0;2;0;0;0;
EBT;UF;2606408;145.2500;10;3;5;1;0;1;
EBT;UF;2606804;46.5000;17;1;10;6;0;0;
EBT;UF;2607208;612.2500;43;6;19;15;0;3;
EBT;UF;2607901;944.2461;181;17;95;60;8;1;
EBT;UF;2608909;6.0000;9;5;4;0;0;0;
EBT;UF;2609600;497.4648;59;7;29;16;5;2;
EBT;UF;2610707;476.0898;71;10;50;8;1;2;
EBT;UF;2610905;168.0000;3;0;0;0;2;1;
EBT;UF;2611101;106.5000;15;1;8;4;2;0;
EBT;UF;2611606;19179.9102;721;53;290;226;80;72;
EBT;UF;2612000;50.0000;1;0;0;0;0;1;
EBT;UF;2612208;22.0000;3;0;0;3;0;0;
EBT;UF;2613701;42.0000;8;0;5;2;1;0;
EBT;UF;2613909;161.6250;32;18;6;2;6;0;
EBT;UF;2700300;330.5625;43;2;22;17;1;1;
EBT;UF;2704302;4951.8398;332;39;112;137;23;21;
EBT;UF;2704708;2.0000;1;0;1;0;0;0;
EBT;UF;2706307;2.0000;1;0;1;0;0;0;
EBT;UF;2706703;12.0000;2;0;1;1;0;0;
EBT;UF;2707701;175.5000;14;1;12;0;0;1;
EBT;UF;2708600;2.0000;1;0;1;0;0;0;
EBT;UF;2800308;6939.2500;284;34;94;114;20;22;
EBT;UF;2800670;2.8750;5;3;2;0;0;0;
EBT;UF;2803203;1.0000;1;0;1;0;0;0;
EBT;UF;2804805;443.7500;59;6;32;18;1;2;
EBT;UF;2805703;32.0000;4;0;1;3;0;0;
EBT;UF;2806701;170.5625;13;3;5;3;1;1;
EBT;UF;2900702;137.0000;17;0;6;9;2;0;
EBT;UF;2901007;1.0000;1;0;1;0;0;0;
EBT;UF;2901106;1.0000;1;0;1;0;0;0;
EBT;UF;2903201;20.0000;6;0;4;2;0;0;
EBT;UF;2904605;78.0000;6;0;2;2;1;1;
EBT;UF;2904704;2.0000;1;0;1;0;0;0;
EBT;UF;2905602;130.0000;5;0;2;1;1;1;
EBT;UF;2905701;531.1250;90;6;51;29;2;2;
EBT;UF;2906501;744.0000;18;0;6;6;2;4;
EBT;UF;2906709;2.0000;1;0;1;0;0;0;
EBT;UF;2908408;1.0000;1;0;1;0;0;0;
EBT;UF;2908507;11.0000;2;0;1;1;0;0;
EBT;UF;2909802;58.0000;5;0;0;4;1;0;
EBT;UF;2910727;372.8125;26;3;13;7;1;2;
EBT;UF;2910800;3208.2344;174;22;73;57;8;14;
EBT;UF;2912103;4.0000;1;0;0;1;0;0;
EBT;UF;2913606;974.5000;84;1;24;48;8;3;
EBT;UF;2913705;1.0000;1;0;1;0;0;0;
EBT;UF;2914653;18.0000;3;0;1;2;0;0;
EBT;UF;2914802;1721.1250;77;9;31;26;3;8;
EBT;UF;2914901;72.0000;2;0;0;1;0;1;
EBT;UF;2915304;2.0000;1;0;1;0;0;0;
EBT;UF;2915601;104.0000;10;0;6;1;3;0;
EBT;UF;2915809;12.0000;2;0;1;1;0;0;
EBT;UF;2916302;2.0000;1;0;1;0;0;0;
EBT;UF;2916401;164.1875;9;2;2;2;2;1;
EBT;UF;2917102;2.0000;1;0;1;0;0;0;
EBT;UF;2917607;100.0000;1;0;0;0;0;1;
EBT;UF;2918001;213.0000;26;3;13;8;1;1;
EBT;UF;2918407;7.5156;4;0;4;0;0;0;
EBT;UF;2919207;1432.5000;65;1;31;26;3;4;
EBT;UF;2919553;2.0000;1;0;1;0;0;0;
EBT;UF;2920601;18.0000;2;0;0;2;0;0;
EBT;UF;2921005;20.2500;3;1;0;2;0;0;
EBT;UF;2921302;10.0000;2;0;0;2;0;0;
EBT;UF;2922003;14.0000;2;0;0;2;0;0;
EBT;UF;2924009;84.1250;12;1;5;4;2;0;
EBT;UF;2925006;4.0000;2;0;2;0;0;0;
EBT;UF;2925105;20.0000;2;0;0;2;0;0;
EBT;UF;2925303;320.0000;22;0;11;6;3;2;
EBT;UF;2927002;0.5000;1;1;0;0;0;0;
EBT;UF;2927408;36786.8047;1016;102;365;387;82;80;
EBT;UF;2928703;196.0000;7;0;1;3;2;1;
EBT;UF;2929206;4.0625;2;1;0;1;0;0;
EBT;UF;2929305;50.0000;1;0;0;0;0;1;
EBT;UF;2929354;4.0000;1;0;0;1;0;0;
EBT;UF;2930105;25.0000;5;0;3;2;0;0;
EBT;UF;2930709;225.5000;54;3;32;19;0;0;
EBT;UF;2931350;3369.3125;40;4;15;7;5;9;
EBT;UF;2932507;32.0000;1;0;0;0;1;0;
EBT;UF;2932903;6.2500;10;6;4;0;0;0;
EBT;UF;2933307;1237.0625;92;7;38;35;7;5;
EBT;UF;3100302;2.0000;1;0;1;0;0;0;
EBT;UF;3101508;259.0000;11;2;1;0;8;0;
EBT;UF;3101607;73.6250;34;8;23;3;0;0;
EBT;UF;3101904;2.0000;1;0;1;0;0;0;
EBT;UF;3103504;45.4297;22;1;18;3;0;0;
EBT;UF;3104007;78.9648;33;7;25;0;1;0;
EBT;UF;3104205;13.2500;8;1;7;0;0;0;
EBT;UF;3104601;32.0000;1;0;0;0;1;0;
EBT;UF;3104908;4.0000;2;0;2;0;0;0;
EBT;UF;3105608;219.3945;29;2;18;3;6;0;
EBT;UF;3106200;131405.326;2989;334;1691;585;222;157;
EBT;UF;3106309;74.0625;5;1;1;1;2;0;
EBT;UF;3106705;2346.5820;287;53;168;35;26;5;
EBT;UF;3107109;4.0000;2;0;2;0;0;0;
EBT;UF;3107406;10.0000;5;0;5;0;0;0;
EBT;UF;3107703;0.2500;1;1;0;0;0;0;
EBT;UF;3108404;2.0000;1;0;1;0;0;0;
EBT;UF;3108909;2.2500;2;1;1;0;0;0;
EBT;UF;3109303;2.0000;1;0;1;0;0;0;
EBT;UF;3109501;2.0000;1;0;1;0;0;0;
EBT;UF;3109709;2.0000;1;0;1;0;0;0;
EBT;UF;3110004;2.0000;1;0;1;0;0;0;
EBT;UF;3110301;2.0000;1;0;1;0;0;0;
EBT;UF;3110509;5.0000;3;0;3;0;0;0;
EBT;UF;3110608;3.0000;2;0;2;0;0;0;
EBT;UF;3110707;4.0000;2;0;2;0;0;0;
EBT;UF;3111606;2.0000;1;0;1;0;0;0;
EBT;UF;3112307;2.0000;1;0;1;0;0;0;
EBT;UF;3113206;64.0000;2;0;0;0;2;0;
EBT;UF;3113404;14.0000;3;0;2;1;0;0;
EBT;UF;3114303;2.0000;1;0;1;0;0;0;
EBT;UF;3114501;2.0000;1;0;1;0;0;0;
EBT;UF;3115300;561.0000;11;0;3;3;2;3;
EBT;UF;3115508;10.6250;8;3;5;0;0;0;
EBT;UF;3117876;24.0000;3;0;0;3;0;0;
EBT;UF;3118007;26.3125;13;4;8;1;0;0;
EBT;UF;3118304;93.3437;34;8;20;5;1;0;
EBT;UF;3118403;32.0000;1;0;0;0;1;0;
EBT;UF;3118601;3800.1289;497;66;281;98;39;13;
EBT;UF;3119401;91.5000;18;1;14;1;2;0;
EBT;UF;3120904;66.0000;30;0;28;2;0;0;
EBT;UF;3122306;1042.0430;89;9;61;11;3;5;
EBT;UF;3122454;0.2500;1;1;0;0;0;0;
EBT;UF;3123601;4.0000;2;0;2;0;0;0;
EBT;UF;3123908;36.0000;2;0;1;0;1;0;
EBT;UF;3124203;32.0000;1;0;0;0;1;0;
EBT;UF;3125101;21.0000;12;0;12;0;0;0;
EBT;UF;3126109;4.0000;2;0;2;0;0;0;
EBT;UF;3127008;2.0000;1;0;1;0;0;0;
EBT;UF;3127107;17.0000;9;0;9;0;0;0;
EBT;UF;3127701;1780.7383;106;11;61;14;14;6;
EBT;UF;3128709;8.0000;1;0;0;1;0;0;
EBT;UF;3129509;2.0000;1;0;1;0;0;0;
EBT;UF;3129806;212.9648;20;3;12;1;3;1;
EBT;UF;3130101;6.0000;3;0;3;0;0;0;
EBT;UF;3130309;5.0000;3;0;3;0;0;0;
EBT;UF;3131307;786.5273;85;15;47;8;13;2;
EBT;UF;3131703;265.2031;46;14;26;4;1;1;
EBT;UF;3131901;19.8750;11;4;6;1;0;0;
EBT;UF;3132206;6.0000;3;0;3;0;0;0;
EBT;UF;3132404;365.2070;72;17;40;8;7;0;
EBT;UF;3133006;9.0000;5;0;5;0;0;0;
EBT;UF;3133808;135.2500;27;3;16;7;1;0;
EBT;UF;3134103;0.2500;1;1;0;0;0;0;
EBT;UF;3134202;35.3945;21;2;19;0;0;0;
EBT;UF;3135209;2.0000;1;0;1;0;0;0;
EBT;UF;3135407;28.1250;7;1;4;2;0;0;
EBT;UF;3135506;2.0000;1;0;1;0;0;0;
EBT;UF;3136207;42.0000;34;13;20;1;0;0;
EBT;UF;3136306;64.0000;9;0;6;2;1;0;
EBT;UF;3136603;0.2500;1;1;0;0;0;0;
EBT;UF;3136702;4745.8164;212;15;113;44;23;17;
EBT;UF;3137205;89.0000;10;0;5;3;2;0;
EBT;UF;3137601;91.6797;33;11;18;3;1;0;
EBT;UF;3138203;450.0000;68;14;37;12;3;2;
EBT;UF;3138401;189.0000;3;0;1;0;1;1;
EBT;UF;3138609;200.0000;6;0;2;0;3;1;
EBT;UF;3138807;36.0000;2;0;1;0;1;0;
EBT;UF;3139003;32.0000;1;0;0;0;1;0;
EBT;UF;3139607;34.0000;2;0;1;0;1;0;
EBT;UF;3140001;64.0000;2;0;0;0;2;0;
EBT;UF;3140803;81.0000;10;0;4;5;1;0;
EBT;UF;3140902;0.2500;1;1;0;0;0;0;
EBT;UF;3141405;40.0000;5;0;4;0;1;0;
EBT;UF;3143302;3581.6797;144;14;68;18;34;10;
EBT;UF;3143906;356.0000;6;0;2;1;1;2;
EBT;UF;3144805;1033.0664;104;6;61;20;14;3;
EBT;UF;3145208;2.0000;1;0;1;0;0;0;
EBT;UF;3145604;12.2500;7;1;5;1;0;0;
EBT;UF;3145901;4.0000;2;0;2;0;0;0;
EBT;UF;3146107;10.5625;7;2;5;0;0;0;
EBT;UF;3146305;6.0000;3;0;3;0;0;0;
EBT;UF;3147006;119.6797;29;2;21;4;2;0;
EBT;UF;3147105;179.0625;14;1;11;1;0;1;
EBT;UF;3147402;266.0000;4;0;0;0;2;2;
EBT;UF;3147600;2.0000;1;0;1;0;0;0;
EBT;UF;3147907;217.6094;43;9;26;5;2;1;
EBT;UF;3148004;71.8750;21;4;15;1;1;0;
EBT;UF;3148103;6.5000;4;1;3;0;0;0;
EBT;UF;3149101;2.0000;1;0;1;0;0;0;
EBT;UF;3149309;101.3398;33;9;19;3;2;0;
EBT;UF;3149903;219.0000;8;0;5;1;0;2;
EBT;UF;3151206;475.5000;20;1;2;3;14;0;
EBT;UF;3151404;4.0000;2;0;2;0;0;0;
EBT;UF;3151800;309.5156;100;15;68;13;4;0;
EBT;UF;3152105;22.0000;3;0;1;2;0;0;
EBT;UF;3152501;785.3281;130;25;70;25;7;3;
EBT;UF;3154200;32.0000;1;0;0;0;1;0;
EBT;UF;3154606;209.1172;63;17;35;8;3;0;
EBT;UF;3155504;2.0000;1;0;1;0;0;0;
EBT;UF;3156007;0.2500;1;1;0;0;0;0;
EBT;UF;3156502;0.2500;1;1;0;0;0;0;
EBT;UF;3156700;25.8125;16;3;13;0;0;0;
EBT;UF;3157807;203.3086;65;15;36;12;2;0;
EBT;UF;3160405;2.0000;1;0;1;0;0;0;
EBT;UF;3160702;124.5000;6;1;2;2;0;1;
EBT;UF;3162104;20.0000;6;0;5;1;0;0;
EBT;UF;3162401;2.0000;1;0;1;0;0;0;
EBT;UF;3162500;373.9375;50;16;24;2;7;1;
EBT;UF;3162559;2.0000;1;0;1;0;0;0;
EBT;UF;3162708;2.0000;1;0;1;0;0;0;
EBT;UF;3162955;2.4648;4;3;1;0;0;0;
EBT;UF;3163706;40.5000;21;6;14;0;1;0;
EBT;UF;3164704;70.3750;46;14;31;1;0;0;
EBT;UF;3165701;64.0000;2;0;0;0;2;0;
EBT;UF;3166907;8.0000;1;0;0;1;0;0;
EBT;UF;3167202;332.4101;95;13;65;13;4;0;
EBT;UF;3168606;331.0000;43;5;21;10;7;0;
EBT;UF;3168705;599.3125;38;4;11;5;18;0;
EBT;UF;3169307;164.8750;45;19;20;2;4;0;
EBT;UF;3169356;4.0000;2;0;2;0;0;0;
EBT;UF;3169406;2.7500;3;2;1;0;0;0;
EBT;UF;3169901;166.0000;6;0;0;4;1;1;
EBT;UF;3170107;2465.2226;149;29;101;14;2;3;
EBT;UF;3170206;5464.4219;459;86;244;76;27;26;
EBT;UF;3170404;177.0000;44;2;37;3;1;1;
EBT;UF;3170701;2598.8711;106;10;57;17;9;13;
EBT;UF;3170800;193.0000;7;0;1;0;6;0;
EBT;UF;3171006;2.0000;1;0;1;0;0;0;
EBT;UF;3171204;137.5000;48;5;34;7;2;0;
EBT;UF;3171303;56.2500;11;1;8;1;1;0;
EBT;UF;3171501;1.0000;1;0;1;0;0;0;
EBT;UF;3172004;128.0000;4;0;0;0;4;0;
EBT;UF;3200102;8.0000;4;0;3;1;0;0;
EBT;UF;3200136;2.0000;1;0;1;0;0;0;
EBT;UF;3200169;4.0000;2;0;2;0;0;0;
EBT;UF;3200201;32.0000;3;0;1;1;1;0;
EBT;UF;3200300;7.0625;5;1;4;0;0;0;
EBT;UF;3200409;144.0000;3;0;0;1;1;1;
EBT;UF;3200508;1.0000;1;0;1;0;0;0;
EBT;UF;3200607;54.5000;11;3;4;3;1;0;
EBT;UF;3200706;3.0000;2;0;2;0;0;0;
EBT;UF;3200805;46.0000;4;0;0;2;2;0;
EBT;UF;3200904;16.0000;3;0;1;2;0;0;
EBT;UF;3201159;4.0000;2;0;2;0;0;0;
EBT;UF;3201209;2480.8125;53;4;33;8;4;4;
EBT;UF;3201308;538.0000;74;10;45;14;2;3;
EBT;UF;3201506;1186.9375;43;4;29;5;2;3;
EBT;UF;3201902;6.6250;9;6;3;0;0;0;
EBT;UF;3202009;1.0000;1;0;1;0;0;0;
EBT;UF;3202108;2.0000;1;0;1;0;0;0;
EBT;UF;3202207;4.7500;4;2;2;0;0;0;
EBT;UF;3202306;5.9375;8;5;3;0;0;0;
EBT;UF;3202405;533.5000;20;3;9;3;1;4;
EBT;UF;3202454;6.0000;4;0;4;0;0;0;
EBT;UF;3202504;75.1250;8;2;4;0;2;0;
EBT;UF;3202553;6.0000;3;0;3;0;0;0;
EBT;UF;3202603;2.0000;1;0;1;0;0;0;
EBT;UF;3202652;2.0000;1;0;1;0;0;0;
EBT;UF;3202702;5.1250;5;1;4;0;0;0;
EBT;UF;3202801;104.6875;9;6;2;0;0;1;
EBT;UF;3202900;38.0000;3;0;2;0;1;0;
EBT;UF;3203007;2.0000;1;0;1;0;0;0;
EBT;UF;3203106;6.0000;3;0;3;0;0;0;
EBT;UF;3203130;2.0000;1;0;1;0;0;0;
EBT;UF;3203163;3.1875;4;2;2;0;0;0;
EBT;UF;3203205;231.8750;33;7;18;5;2;1;
EBT;UF;3203304;10.0000;4;0;3;1;0;0;
EBT;UF;3203320;5.1875;9;5;4;0;0;0;
EBT;UF;3203346;20.0000;2;0;0;2;0;0;
EBT;UF;3203353;2.0000;1;0;1;0;0;0;
EBT;UF;3203502;10.0000;1;0;0;1;0;0;
EBT;UF;3203601;3.2500;3;1;2;0;0;0;
EBT;UF;3203809;3.0000;2;0;2;0;0;0;
EBT;UF;3203908;4.0000;2;0;2;0;0;0;
EBT;UF;3204054;22.0000;6;0;4;2;0;0;
EBT;UF;3204104;62.0000;2;0;1;0;0;1;
EBT;UF;3204203;129.6250;5;3;1;0;0;1;
EBT;UF;3204252;1.2500;2;1;1;0;0;0;
EBT;UF;3204302;8.0000;4;0;4;0;0;0;
EBT;UF;3204401;30.0000;2;0;0;1;1;0;
EBT;UF;3204500;1.2500;2;1;1;0;0;0;
EBT;UF;3204559;4.5625;4;2;2;0;0;0;
EBT;UF;3204609;49.0000;6;0;4;1;1;0;
EBT;UF;3204658;2.0000;2;0;2;0;0;0;
EBT;UF;3204708;4.0000;2;0;2;0;0;0;
EBT;UF;3204807;2.0000;1;0;1;0;0;0;
EBT;UF;3204906;770.7500;23;3;7;4;4;5;
EBT;UF;3205002;3598.0000;192;30;85;49;15;13;
EBT;UF;3205010;2.0000;1;0;1;0;0;0;
EBT;UF;3205036;5.0000;2;0;1;1;0;0;
EBT;UF;3205069;110.1875;13;7;5;0;0;1;
EBT;UF;3205101;214.0625;26;1;15;8;1;1;
EBT;UF;3205200;2513.8125;99;12;40;32;7;8;
EBT;UF;3205309;50491.5859;226;25;39;77;26;59;
EBT;UF;3300100;1167.4648;30;5;17;5;2;1;
EBT;UF;3300209;27.0000;9;2;4;3;0;0;
EBT;UF;3300233;6.7148;7;4;3;0;0;0;
EBT;UF;3300258;2.2500;2;1;1;0;0;0;
EBT;UF;3300308;14.7500;9;2;7;0;0;0;
EBT;UF;3300407;109.5000;27;4;16;5;2;0;
EBT;UF;3300456;314.2695;53;7;37;6;1;2;
EBT;UF;3300506;1.4648;1;0;1;0;0;0;
EBT;UF;3300605;0.2500;1;1;0;0;0;0;
EBT;UF;3300704;62.5000;25;3;19;3;0;0;
EBT;UF;3300803;4.0000;2;0;2;0;0;0;
EBT;UF;3301009;5457.3398;97;22;49;13;4;9;
EBT;UF;3301108;5.5000;5;2;3;0;0;0;
EBT;UF;3301306;3.0000;2;0;2;0;0;0;
EBT;UF;3301702;4457.3086;178;20;104;23;8;23;
EBT;UF;3301850;2.0000;1;0;1;0;0;0;
EBT;UF;3301900;2730.6250;34;5;23;4;0;2;
EBT;UF;3302007;137.4648;33;3;24;3;3;0;
EBT;UF;3302205;30.9648;19;4;15;0;0;0;
EBT;UF;3302254;265.7500;27;2;15;5;4;1;
EBT;UF;3302270;2.5000;2;1;1;0;0;0;
EBT;UF;3302403;14991.5742;319;14;128;125;29;23;
EBT;UF;3302502;11.7500;8;2;6;0;0;0;
EBT;UF;3302601;10.5000;2;1;0;1;0;0;
EBT;UF;3302700;12.5000;7;1;6;0;0;0;
EBT;UF;3302858;74.0547;18;3;13;1;0;1;
EBT;UF;3303203;41.6797;30;7;23;0;0;0;
EBT;UF;3303302;4180.3008;365;27;264;43;21;10;
EBT;UF;3303401;26.4648;17;6;10;1;0;0;
EBT;UF;3303500;516.3203;98;12;66;17;1;2;
EBT;UF;3303609;5.2500;4;1;3;0;0;0;
EBT;UF;3303807;38.7500;9;2;4;3;0;0;
EBT;UF;3303906;1785.4258;86;9;54;13;6;4;
EBT;UF;3303955;1.4648;1;0;1;0;0;0;
EBT;UF;3304003;3.5000;3;1;2;0;0;0;
EBT;UF;3304110;1301.1250;47;7;14;15;1;10;
EBT;UF;3304144;28.7500;13;2;10;1;0;0;
EBT;UF;3304201;857.2500;75;4;43;14;10;4;
EBT;UF;3304300;11.2500;10;3;7;0;0;0;
EBT;UF;3304524;266.2500;51;7;25;17;2;0;
EBT;UF;3304557;885129.055;8972;554;4510;2528;556;824;
EBT;UF;3304706;1.0000;1;0;1;0;0;0;
EBT;UF;3304805;0.5000;1;1;0;0;0;0;
EBT;UF;3304904;664.0352;133;25;85;19;0;4;
EBT;UF;3305000;81.7500;16;2;11;1;2;0;
EBT;UF;3305109;195.3125;58;9;41;7;0;1;
EBT;UF;3305208;28.2148;18;4;14;0;0;0;
EBT;UF;3305505;3.5000;3;1;2;0;0;0;
EBT;UF;3305554;508.0000;13;5;4;0;1;3;
EBT;UF;3305802;10147.8906;27;2;14;1;1;9;
EBT;UF;3306008;247.5000;31;1;19;9;1;1;
EBT;UF;3306107;6.4648;5;2;3;0;0;0;
EBT;UF;3306206;0.5000;1;1;0;0;0;0;
EBT;UF;3306305;2960.2500;61;7;31;9;7;7;
EBT;UF;3500105;155.0000;1;0;0;0;0;1;
EBT;UF;3500709;106.0000;2;0;0;1;0;1;
EBT;UF;3501004;0.2500;1;1;0;0;0;0;
EBT;UF;3501152;52.0000;2;0;1;0;0;1;
EBT;UF;3501608;3475.1797;162;22;94;20;6;20;
EBT;UF;3501707;310.0000;2;0;0;0;0;2;
EBT;UF;3502101;1821.0000;9;0;5;1;0;3;
EBT;UF;3502507;4.7148;4;1;3;0;0;0;
EBT;UF;3502804;541.7148;20;3;8;6;0;3;
EBT;UF;3503000;2.5000;2;1;1;0;0;0;
EBT;UF;3503208;4019.7148;114;15;56;14;5;24;
EBT;UF;3503307;52.6875;35;9;26;0;0;0;
EBT;UF;3503901;129.7500;17;4;11;1;0;1;
EBT;UF;3504008;1021.6250;20;3;5;5;1;6;
EBT;UF;3504107;31.9648;16;3;12;1;0;0;
EBT;UF;3505302;8.0000;4;0;4;0;0;0;
EBT;UF;3505500;669.5156;13;0;3;5;0;5;
EBT;UF;3505708;108955.672;694;54;233;177;75;155;
EBT;UF;3505906;1.2598;3;2;1;0;0;0;
EBT;UF;3506003;13946.1602;274;14;105;64;14;77;
EBT;UF;3506102;2058.3750;54;10;21;8;3;12;
EBT;UF;3506359;7.0000;9;6;3;0;0;0;
EBT;UF;3506508;235.5000;3;1;0;0;0;2;
EBT;UF;3507001;299.0000;9;0;3;4;0;2;
EBT;UF;3507506;1726.2539;51;0;30;9;2;10;
EBT;UF;3507605;1555.0625;33;10;6;5;3;9;
EBT;UF;3507803;2.2500;2;1;1;0;0;0;
EBT;UF;3508207;2.5000;2;1;1;0;0;0;
EBT;UF;3508405;18.5000;7;1;5;1;0;0;
EBT;UF;3508504;135.2500;7;1;5;0;0;1;
EBT;UF;3508603;1375.2500;7;1;1;0;2;3;
EBT;UF;3509007;1.0000;1;0;1;0;0;0;
EBT;UF;3509205;1748.6094;96;13;40;30;6;7;
EBT;UF;3509254;155.2500;2;1;0;0;0;1;
EBT;UF;3509403;1.2500;2;1;1;0;0;0;
EBT;UF;3509502;67139.6679;851;73;402;158;47;171;
EBT;UF;3509700;28.3750;16;6;9;1;0;0;
EBT;UF;3510005;0.7500;2;2;0;0;0;0;
EBT;UF;3510401;2.0000;1;0;1;0;0;0;
EBT;UF;3510500;209.0000;6;0;2;2;1;1;
EBT;UF;3510609;2.4648;2;0;2;0;0;0;
EBT;UF;3511102;619.7109;27;0;13;10;1;3;
EBT;UF;3511508;0.5000;1;1;0;0;0;0;
EBT;UF;3512803;10.0625;5;1;3;1;0;0;
EBT;UF;3513009;2916.2070;48;11;24;8;2;3;
EBT;UF;3513504;987.6250;31;4;13;5;3;6;
EBT;UF;3513702;1.5625;6;6;0;0;0;0;
EBT;UF;3513801;3964.5703;319;44;199;50;4;22;
EBT;UF;3514403;2.0000;1;0;1;0;0;0;
EBT;UF;3515186;4.2500;3;1;2;0;0;0;
EBT;UF;3515707;6.7500;5;2;3;0;0;0;
EBT;UF;3516200;3241.0566;101;13;63;4;2;19;
EBT;UF;3516705;8.2500;6;1;5;0;0;0;
EBT;UF;3516903;2.0000;1;0;1;0;0;0;
EBT;UF;3517000;2.0000;1;0;1;0;0;0;
EBT;UF;3517406;1.2646;4;3;1;0;0;0;
EBT;UF;3517703;15.7686;11;3;8;0;0;0;
EBT;UF;3518305;155.0000;1;0;0;0;0;1;
EBT;UF;3518404;78.0625;48;6;42;0;0;0;
EBT;UF;3518701;1694.0937;99;16;64;12;3;4;
EBT;UF;3518800;2792.4297;581;95;387;78;9;12;
EBT;UF;3519071;13918.5000;79;3;20;8;10;38;
EBT;UF;3520103;0.5000;1;1;0;0;0;0;
EBT;UF;3520509;2581.3125;86;14;43;10;3;16;
EBT;UF;3521002;4.0000;2;0;2;0;0;0;
EBT;UF;3521309;4.7686;5;3;2;0;0;0;
EBT;UF;3522208;10.0000;1;0;0;1;0;0;
EBT;UF;3522307;620.0000;10;3;0;2;1;4;
EBT;UF;3522505;17.5391;5;0;2;3;0;0;
EBT;UF;3522604;2.5625;5;3;2;0;0;0;
EBT;UF;3523107;228.2148;31;12;12;5;1;1;
EBT;UF;3523909;3901.7031;96;9;42;18;8;19;
EBT;UF;3524006;0.1250;1;1;0;0;0;0;
EBT;UF;3524105;3.7500;4;2;2;0;0;0;
EBT;UF;3524303;231.2500;10;1;1;6;1;1;
EBT;UF;3524402;607.5117;128;15;93;17;1;2;
EBT;UF;3524709;963.5000;19;5;5;1;2;6;
EBT;UF;3525003;196.7500;13;2;6;4;0;1;
EBT;UF;3525102;3.7500;5;2;3;0;0;0;
EBT;UF;3525201;20.0000;1;0;0;0;1;0;
EBT;UF;3525300;2567.0000;67;0;37;12;3;15;
EBT;UF;3525904;10844.0469;329;42;161;66;19;41;
EBT;UF;3526704;6.5000;5;1;4;0;0;0;
EBT;UF;3526803;1662.0000;27;0;11;4;2;10;
EBT;UF;3526902;2966.8477;109;10;69;12;2;16;
EBT;UF;3527108;2475.0156;44;9;11;7;2;15;
EBT;UF;3527207;10.0000;5;0;5;0;0;0;
EBT;UF;3527306;427.7305;19;3;10;2;1;3;
EBT;UF;3528007;2048.0000;2;0;0;0;0;2;
EBT;UF;3528403;12.5000;7;1;6;0;0;0;
EBT;UF;3528502;4.7500;4;2;2;0;0;0;
EBT;UF;3529005;3830.5000;115;13;48;23;8;23;
EBT;UF;3529302;318.0000;3;0;0;1;0;2;
EBT;UF;3529401;2205.3320;166;30;101;21;2;12;
EBT;UF;3529708;5.7500;5;2;3;0;0;0;
EBT;UF;3530300;332.0000;5;0;1;2;0;2;
EBT;UF;3530508;4.0000;5;3;2;0;0;0;
EBT;UF;3530607;6392.9922;264;49;159;26;14;16;
EBT;UF;3530706;79.7500;43;6;36;1;0;0;
EBT;UF;3530805;567.9766;29;0;25;1;0;3;
EBT;UF;3531100;9.8750;8;3;5;0;0;0;
EBT;UF;3531902;3.2500;5;3;2;0;0;0;
EBT;UF;3532009;7.0000;4;0;4;0;0;0;
EBT;UF;3533007;1.0000;1;0;1;0;0;0;
EBT;UF;3533403;19.0000;13;2;11;0;0;0;
EBT;UF;3534401;7018.9629;181;14;78;51;13;25;
EBT;UF;3534609;156.2500;3;1;1;0;0;1;
EBT;UF;3534708;1633.5000;31;1;9;8;2;11;
EBT;UF;3535507;10.0000;1;0;0;1;0;0;
EBT;UF;3536505;6.5625;6;3;3;0;0;0;
EBT;UF;3536703;35.0000;2;0;1;0;1;0;
EBT;UF;3537404;3.3125;6;5;1;0;0;0;
EBT;UF;3537602;2.0000;1;0;1;0;0;0;
EBT;UF;3538006;5289.1250;35;4;21;4;0;6;
EBT;UF;3538709;4623.6289;134;20;73;18;6;17;
EBT;UF;3539004;2.0000;1;0;1;0;0;0;
EBT;UF;3539301;16.8125;11;3;8;0;0;0;
EBT;UF;3539806;1171.3945;49;1;6;4;32;6;
EBT;UF;3541000;52.0547;39;12;26;1;0;0;
EBT;UF;3541307;0.2500;1;1;0;0;0;0;
EBT;UF;3541406;3355.5781;105;7;52;19;7;20;
EBT;UF;3541505;16.0000;1;0;0;0;1;0;
EBT;UF;3542206;13.0000;3;0;2;1;0;0;
EBT;UF;3542404;2.0000;1;0;1;0;0;0;
EBT;UF;3543303;30.8125;16;5;10;1;0;0;
EBT;UF;3543402;17034.6445;474;30;218;120;16;90;
EBT;UF;3543907;2036.8516;111;14;68;15;2;12;
EBT;UF;3544004;157.2500;5;3;1;0;0;1;
EBT;UF;3544103;7.2500;5;1;4;0;0;0;
EBT;UF;3544202;2.0000;1;0;1;0;0;0;
EBT;UF;3545209;649.4648;14;0;7;3;0;4;
EBT;UF;3545803;302.5742;56;3;42;10;0;1;
EBT;UF;3546306;2.0000;1;0;1;0;0;0;
EBT;UF;3546405;23.0000;5;2;1;2;0;0;
EBT;UF;3547304;8270.1875;54;4;20;11;4;15;
EBT;UF;3547809;16854.1328;448;80;234;61;11;62;
EBT;UF;3548500;15320.9687;394;31;200;98;16;49;
EBT;UF;3548708;15835.6914;712;175;343;84;41;69;
EBT;UF;3548807;7813.8437;192;31;98;34;12;17;
EBT;UF;3548906;3120.8398;61;2;30;19;0;10;
EBT;UF;3549409;7.6250;10;6;4;0;0;0;
EBT;UF;3549706;22.8125;10;3;6;1;0;0;
EBT;UF;3549805;5516.0000;102;0;27;39;6;30;
EBT;UF;3549904;9709.1172;428;57;247;81;12;31;
EBT;UF;3550100;5.2500;6;3;3;0;0;0;
EBT;UF;3550308;500316.050;12552;1142;5655;3350;695;1710;
EBT;UF;3550605;12.3750;12;5;7;0;0;0;
EBT;UF;3550704;18.0000;4;0;2;2;0;0;
EBT;UF;3551009;3191.0547;102;26;55;13;0;8;
EBT;UF;3551702;499.0000;12;0;7;2;0;3;
EBT;UF;3552205;15371.5781;447;38;224;82;21;82;
EBT;UF;3552403;70.5000;16;2;11;1;2;0;
EBT;UF;3552502;219.3750;46;12;32;0;0;2;
EBT;UF;3552809;12505.7500;34;2;12;7;2;11;
EBT;UF;3554102;2656.1797;169;30;97;19;8;15;
EBT;UF;3554508;11.0000;5;0;4;1;0;0;
EBT;UF;3555000;2.0000;1;0;1;0;0;0;
EBT;UF;3555406;0.5000;1;1;0;0;0;0;
EBT;UF;3556206;1016.7148;45;9;23;5;1;7;
EBT;UF;3556404;0.5000;1;1;0;0;0;0;
EBT;UF;3556503;0.2500;1;1;0;0;0;0;
EBT;UF;3556701;208.1563;9;1;4;2;1;1;
EBT;UF;3557006;1028.7500;52;8;33;5;0;6;
EBT;UF;3557105;32.1250;10;2;6;2;0;0;
EBT;UF;3557303;0.2500;1;1;0;0;0;0;
EBT;UF;4100202;0.2500;1;1;0;0;0;0;
EBT;UF;4100301;0.2500;1;1;0;0;0;0;
EBT;UF;4100400;27.7656;17;7;8;2;0;0;
EBT;UF;4100509;1.0000;1;0;1;0;0;0;
EBT;UF;4100608;1.0000;1;0;1;0;0;0;
EBT;UF;4100707;1.2500;2;1;1;0;0;0;
EBT;UF;4100806;1.2500;2;1;1;0;0;0;
EBT;UF;4100905;1.0000;3;3;0;0;0;0;
EBT;UF;4101002;0.5000;1;1;0;0;0;0;
EBT;UF;4101101;10.7500;8;2;6;0;0;0;
EBT;UF;4101408;151.3906;35;4;23;7;1;0;
EBT;UF;4101507;2118.0469;19;2;9;6;0;2;
EBT;UF;4101606;3.0000;2;0;2;0;0;0;
EBT;UF;4101705;1.0000;1;0;1;0;0;0;
EBT;UF;4101804;729.7344;125;34;68;16;5;2;
EBT;UF;4101903;3.0000;2;0;2;0;0;0;
EBT;UF;4102000;3.0000;2;0;2;0;0;0;
EBT;UF;4102109;1.0000;1;0;1;0;0;0;
EBT;UF;4102307;14.5000;9;1;8;0;0;0;
EBT;UF;4102406;24.3125;10;6;2;2;0;0;
EBT;UF;4102505;1.0000;1;0;1;0;0;0;
EBT;UF;4102802;3.2500;3;1;2;0;0;0;
EBT;UF;4102901;1.0000;1;0;1;0;0;0;
EBT;UF;4103057;0.2500;1;1;0;0;0;0;
EBT;UF;4103206;0.2500;1;1;0;0;0;0;
EBT;UF;4103354;0.2500;1;1;0;0;0;0;
EBT;UF;4103503;0.2500;1;1;0;0;0;0;
EBT;UF;4103602;4.2500;3;1;2;0;0;0;
EBT;UF;4103701;67.9844;53;18;33;2;0;0;
EBT;UF;4103800;1.0000;3;3;0;0;0;0;
EBT;UF;4104006;5.2500;5;1;4;0;0;0;
EBT;UF;4104105;0.2500;1;1;0;0;0;0;
EBT;UF;4104204;141.0000;28;4;15;8;0;1;
EBT;UF;4104253;6.2500;5;1;4;0;0;0;
EBT;UF;4104303;14.0000;8;0;8;0;0;0;
EBT;UF;4104428;9.2500;3;1;1;1;0;0;
EBT;UF;4104501;1.2500;2;1;1;0;0;0;
EBT;UF;4104659;27.4375;7;3;2;1;1;0;
EBT;UF;4104709;2.0000;1;0;1;0;0;0;
EBT;UF;4104808;2513.9375;158;41;87;25;3;2;
EBT;UF;4104907;21.4375;30;21;8;1;0;0;
EBT;UF;4105003;0.2500;1;1;0;0;0;0;
EBT;UF;4105102;1.0000;1;0;1;0;0;0;
EBT;UF;4105409;3.1250;3;1;2;0;0;0;
EBT;UF;4105508;91.1406;41;11;26;4;0;0;
EBT;UF;4105607;0.2500;1;1;0;0;0;0;
EBT;UF;4105706;3.0000;2;0;2;0;0;0;
EBT;UF;4105805;255.7500;58;19;33;4;1;1;
EBT;UF;4106001;0.2500;1;1;0;0;0;0;
EBT;UF;4106209;1.0000;1;0;1;0;0;0;
EBT;UF;4106308;1.0000;1;0;1;0;0;0;
EBT;UF;4106407;54.7656;9;1;5;2;1;0;
EBT;UF;4106506;1.5625;4;3;1;0;0;0;
EBT;UF;4106605;1.0000;1;0;1;0;0;0;
EBT;UF;4106704;0.2500;1;1;0;0;0;0;
EBT;UF;4106902;45019.3203;1933;340;936;412;142;103;
EBT;UF;4107009;2.0000;2;0;2;0;0;0;
EBT;UF;4107108;0.5000;2;2;0;0;0;0;
EBT;UF;4107207;8.2500;7;2;5;0;0;0;
EBT;UF;4107256;12.7500;3;2;0;1;0;0;
EBT;UF;4107306;0.5000;2;2;0;0;0;0;
EBT;UF;4107405;0.2500;1;1;0;0;0;0;
EBT;UF;4107504;0.2500;1;1;0;0;0;0;
EBT;UF;4107538;1.0000;1;0;1;0;0;0;
EBT;UF;4107603;1.0000;1;0;1;0;0;0;
EBT;UF;4107652;354.4375;17;6;7;1;1;2;
EBT;UF;4107702;0.2500;1;1;0;0;0;0;
EBT;UF;4107736;6.0000;2;0;1;1;0;0;
EBT;UF;4107801;2.5000;3;2;1;0;0;0;
EBT;UF;4107900;2.2500;2;1;1;0;0;0;
EBT;UF;4108007;1.5000;3;2;1;0;0;0;
EBT;UF;4108106;0.2500;1;1;0;0;0;0;
EBT;UF;4108205;1.2500;2;1;1;0;0;0;
EBT;UF;4108304;398.9219;163;64;89;8;1;1;
EBT;UF;4108320;0.2500;1;1;0;0;0;0;
EBT;UF;4108403;62.5625;23;7;15;0;1;0;
EBT;UF;4108452;0.0625;1;1;0;0;0;0;
EBT;UF;4108502;2.0000;1;0;1;0;0;0;
EBT;UF;4108551;0.2500;1;1;0;0;0;0;
EBT;UF;4108601;6.3125;9;5;4;0;0;0;
EBT;UF;4108700;1.0000;1;0;1;0;0;0;
EBT;UF;4108809;19.5000;11;1;10;0;0;0;
EBT;UF;4109302;1.0000;1;0;1;0;0;0;
EBT;UF;4109401;677.5781;30;7;19;3;0;1;
EBT;UF;4109500;2.5000;3;2;1;0;0;0;
EBT;UF;4109609;9.0000;5;0;5;0;0;0;
EBT;UF;4109708;1.0000;1;0;1;0;0;0;
EBT;UF;4109807;17.3750;25;14;11;0;0;0;
EBT;UF;4110201;0.2500;1;1;0;0;0;0;
EBT;UF;4110607;1.0000;1;0;1;0;0;0;
EBT;UF;4110706;11.8125;26;22;4;0;0;0;
EBT;UF;4110904;0.2500;1;1;0;0;0;0;
EBT;UF;4110953;1.0000;1;0;1;0;0;0;
EBT;UF;4111407;0.2500;1;1;0;0;0;0;
EBT;UF;4111506;5.2500;4;1;3;0;0;0;
EBT;UF;4111803;12.7500;10;4;6;0;0;0;
EBT;UF;4112009;18.2500;5;3;1;0;1;0;
EBT;UF;4112108;3.6250;6;4;2;0;0;0;
EBT;UF;4112504;1.0000;1;0;1;0;0;0;
EBT;UF;4112702;1.2500;2;1;1;0;0;0;
EBT;UF;4112801;1.0000;1;0;1;0;0;0;
EBT;UF;4113205;1.0625;2;1;1;0;0;0;
EBT;UF;4113304;2.7500;4;2;2;0;0;0;
EBT;UF;4113502;3.0000;2;0;2;0;0;0;
EBT;UF;4113601;14.0000;4;0;3;1;0;0;
EBT;UF;4113700;8744.8555;334;88;142;71;16;17;
EBT;UF;4113734;0.2500;1;1;0;0;0;0;
EBT;UF;4113809;1.0000;1;0;1;0;0;0;
EBT;UF;4114005;1.0000;1;0;1;0;0;0;
EBT;UF;4114104;6.2500;6;3;3;0;0;0;
EBT;UF;4114203;45.0000;14;6;6;1;1;0;
EBT;UF;4114351;0.2500;1;1;0;0;0;0;
EBT;UF;4114401;2.2500;3;1;2;0;0;0;
EBT;UF;4114500;1.2500;2;1;1;0;0;0;
EBT;UF;4114609;0.5000;1;1;0;0;0;0;
EBT;UF;4114807;11.7500;7;2;4;1;0;0;
EBT;UF;4114906;3.0000;2;0;2;0;0;0;
EBT;UF;4115101;0.2500;1;1;0;0;0;0;
EBT;UF;4115200;4565.7617;314;76;158;69;4;7;
EBT;UF;4115309;0.2500;1;1;0;0;0;0;
EBT;UF;4115358;1.0000;1;0;1;0;0;0;
EBT;UF;4115606;3.2500;3;1;2;0;0;0;
EBT;UF;4115705;5.0000;3;0;3;0;0;0;
EBT;UF;4115804;3.2500;3;1;2;0;0;0;
EBT;UF;4116208;1.0000;1;0;1;0;0;0;
EBT;UF;4116703;1.0000;1;0;1;0;0;0;
EBT;UF;4116901;2.3750;5;4;1;0;0;0;
EBT;UF;4117008;0.2500;1;1;0;0;0;0;
EBT;UF;4117107;1.0000;1;0;1;0;0;0;
EBT;UF;4117206;0.2500;1;1;0;0;0;0;
EBT;UF;4117271;0.2500;1;1;0;0;0;0;
EBT;UF;4117503;9.3750;7;2;5;0;0;0;
EBT;UF;4117602;4.5000;4;1;3;0;0;0;
EBT;UF;4117701;1.0000;1;0;1;0;0;0;
EBT;UF;4117909;7.5000;6;2;4;0;0;0;
EBT;UF;4118105;1.0000;1;0;1;0;0;0;
EBT;UF;4118204;473.1094;113;21;73;16;2;1;
EBT;UF;4118402;92.2344;50;18;31;0;1;0;
EBT;UF;4118451;1.2500;2;1;1;0;0;0;
EBT;UF;4118501;81.3281;37;9;26;1;1;0;
EBT;UF;4118600;0.2500;1;1;0;0;0;0;
EBT;UF;4118709;0.2500;1;1;0;0;0;0;
EBT;UF;4118907;1.0000;1;0;1;0;0;0;
EBT;UF;4119152;287.2500;61;3;40;14;4;0;
EBT;UF;4119202;0.2500;1;1;0;0;0;0;
EBT;UF;4119301;37.5625;6;3;2;0;1;0;
EBT;UF;4119400;2.0000;1;0;1;0;0;0;
EBT;UF;4119509;12.5625;11;4;7;0;0;0;
EBT;UF;4119608;1.0000;1;0;1;0;0;0;
EBT;UF;4119707;0.2500;1;1;0;0;0;0;
EBT;UF;4119806;1.0000;1;0;1;0;0;0;
EBT;UF;4119905;575.7031;148;43;79;20;5;1;
EBT;UF;4119954;26.7500;9;2;6;0;1;0;
EBT;UF;4120002;3.0000;2;0;2;0;0;0;
EBT;UF;4120101;0.5000;2;2;0;0;0;0;
EBT;UF;4120309;0.2500;1;1;0;0;0;0;
EBT;UF;4120606;3.2500;3;1;2;0;0;0;
EBT;UF;4120705;1.0000;3;3;0;0;0;0;
EBT;UF;4120804;413.2500;25;6;11;4;2;2;
EBT;UF;4120853;1.0000;1;0;1;0;0;0;
EBT;UF;4120903;1.0000;1;0;1;0;0;0;
EBT;UF;4121307;0.2500;1;1;0;0;0;0;
EBT;UF;4121406;3.2500;3;1;2;0;0;0;
EBT;UF;4121505;1.0000;1;0;1;0;0;0;
EBT;UF;4121604;0.2500;1;1;0;0;0;0;
EBT;UF;4121703;1.0000;1;0;1;0;0;0;
EBT;UF;4121901;1.0000;1;0;1;0;0;0;
EBT;UF;4122008;1.0000;1;0;1;0;0;0;
EBT;UF;4122206;1.7500;3;2;1;0;0;0;
EBT;UF;4122305;28.2500;18;10;5;3;0;0;
EBT;UF;4122404;57.0156;23;2;19;2;0;0;
EBT;UF;4122701;0.2500;1;1;0;0;0;0;
EBT;UF;4122800;0.2500;1;1;0;0;0;0;
EBT;UF;4123204;1.0000;1;0;1;0;0;0;
EBT;UF;4123402;1.0000;1;0;1;0;0;0;
EBT;UF;4123501;2.0000;2;0;2;0;0;0;
EBT;UF;4123709;1.0000;1;0;1;0;0;0;
EBT;UF;4123808;1.0000;1;0;1;0;0;0;
EBT;UF;4123907;1.2500;2;1;1;0;0;0;
EBT;UF;4124020;1.0000;1;0;1;0;0;0;
EBT;UF;4124053;1.0625;2;1;1;0;0;0;
EBT;UF;4124103;9.0625;6;1;5;0;0;0;
EBT;UF;4124301;0.2500;1;1;0;0;0;0;
EBT;UF;4124400;1.0000;1;0;1;0;0;0;
EBT;UF;4124509;2.2500;3;1;2;0;0;0;
EBT;UF;4124608;0.2500;1;1;0;0;0;0;
EBT;UF;4124707;2.2500;3;1;2;0;0;0;
EBT;UF;4124905;0.2500;1;1;0;0;0;0;
EBT;UF;4125001;2.0000;2;0;2;0;0;0;
EBT;UF;4125357;0.2500;1;1;0;0;0;0;
EBT;UF;4125456;0.2500;1;1;0;0;0;0;
EBT;UF;4125506;23437.3672;322;63;191;49;7;12;
EBT;UF;4125605;4.7500;5;2;3;0;0;0;
EBT;UF;4125704;19.0000;4;2;1;0;1;0;
EBT;UF;4126009;0.5000;2;2;0;0;0;0;
EBT;UF;4126207;0.2500;1;1;0;0;0;0;
EBT;UF;4126256;19.7656;22;11;11;0;0;0;
EBT;UF;4126306;1.0000;1;0;1;0;0;0;
EBT;UF;4126504;5.0000;3;0;3;0;0;0;
EBT;UF;4126603;1.0000;1;0;1;0;0;0;
EBT;UF;4126678;1.2500;2;1;1;0;0;0;
EBT;UF;4126801;1.0000;1;0;1;0;0;0;
EBT;UF;4126900;0.2500;1;1;0;0;0;0;
EBT;UF;4127007;1.5000;3;2;1;0;0;0;
EBT;UF;4127106;35.0156;12;1;10;0;1;0;
EBT;UF;4127403;1.0000;1;0;1;0;0;0;
EBT;UF;4127502;1.0000;1;0;1;0;0;0;
EBT;UF;4127700;205.6875;37;11;16;9;0;1;
EBT;UF;4127809;1.2500;2;1;1;0;0;0;
EBT;UF;4128104;214.6719;47;6;28;11;1;1;
EBT;UF;4128203;18.0000;10;0;10;0;0;0;
EBT;UF;4128401;1.0000;1;0;1;0;0;0;
EBT;UF;4128500;2.0000;2;0;2;0;0;0;
EBT;UF;4128708;4.5000;4;2;2;0;0;0;
EBT;UF;4128807;0.2500;1;1;0;0;0;0;
EBT;UF;4200101;3.3750;4;2;2;0;0;0;
EBT;UF;4201307;215.5625;34;3;15;13;3;0;
EBT;UF;4201703;0.2500;1;1;0;0;0;0;
EBT;UF;4202008;260.2500;42;3;22;15;1;1;
EBT;UF;4202073;1.0000;1;0;1;0;0;0;
EBT;UF;4202305;133.1875;57;24;26;5;2;0;
EBT;UF;4202404;3420.3398;288;53;132;73;19;11;
EBT;UF;4202602;5.3750;4;2;1;1;0;0;
EBT;UF;4202909;824.1250;77;8;37;23;4;5;
EBT;UF;4203006;63.8750;16;5;6;4;1;0;
EBT;UF;4203204;33.1250;22;8;12;2;0;0;
EBT;UF;4203600;2.0000;1;0;1;0;0;0;
EBT;UF;4203956;18.7500;5;2;1;2;0;0;
EBT;UF;4204202;696.8281;98;24;50;17;4;3;
EBT;UF;4204251;87.0000;13;3;7;1;2;0;
EBT;UF;4204301;636.5000;18;1;4;7;2;4;
EBT;UF;4204350;0.6875;4;4;0;0;0;0;
EBT;UF;4204509;5.6250;6;3;3;0;0;0;
EBT;UF;4204558;17.0000;5;2;1;2;0;0;
EBT;UF;4204608;441.9375;73;17;28;25;2;1;
EBT;UF;4204806;30.5000;4;1;0;3;0;0;
EBT;UF;4205191;10.0000;1;0;0;1;0;0;
EBT;UF;4205407;8930.1758;408;61;140;145;35;27;
EBT;UF;4205506;8.0000;14;9;5;0;0;0;
EBT;UF;4205704;20.6250;14;6;7;1;0;0;
EBT;UF;4205803;9.0000;3;0;1;2;0;0;
EBT;UF;4205902;106.8750;33;14;12;5;2;0;
EBT;UF;4206504;214.7500;32;7;17;6;1;1;
EBT;UF;4206702;4.6250;6;4;2;0;0;0;
EBT;UF;4207007;42.3125;13;4;6;3;0;0;
EBT;UF;4207106;1.2500;2;1;1;0;0;0;
EBT;UF;4207304;4.0000;2;0;2;0;0;0;
EBT;UF;4207502;266.5625;39;2;21;15;0;1;
EBT;UF;4208203;5043.7422;316;25;161;107;14;9;
EBT;UF;4208807;1.2500;2;1;1;0;0;0;
EBT;UF;4208906;542.0664;80;11;46;19;3;1;
EBT;UF;4209003;200.5000;27;1;15;7;4;0;
EBT;UF;4209102;3224.5195;443;80;200;133;20;10;
EBT;UF;4209300;434.2500;63;16;22;21;2;2;
EBT;UF;4209409;1.0000;1;0;1;0;0;0;
EBT;UF;4209706;1.2500;2;1;1;0;0;0;
EBT;UF;4210035;5.2500;5;1;4;0;0;0;
EBT;UF;4210100;28.4375;27;16;9;2;0;0;
EBT;UF;4210209;3.2500;3;1;2;0;0;0;
EBT;UF;4210605;15.5625;7;3;3;1;0;0;
EBT;UF;4211306;310.8125;59;6;26;22;5;0;
EBT;UF;4211454;1.0000;1;0;1;0;0;0;
EBT;UF;4211603;8.2500;7;1;6;0;0;0;
EBT;UF;4211702;4.2500;5;3;2;0;0;0;
EBT;UF;4211900;656.1875;97;16;54;22;4;1;
EBT;UF;4212205;1.0000;1;0;1;0;0;0;
EBT;UF;4213005;1.3125;4;3;1;0;0;0;
EBT;UF;4213203;49.5000;9;2;3;3;1;0;
EBT;UF;4214706;2.2500;2;1;1;0;0;0;
EBT;UF;4214805;554.2500;75;15;30;24;2;4;
EBT;UF;4215000;42.0000;5;0;3;0;2;0;
EBT;UF;4215109;104.7500;5;2;2;0;0;1;
EBT;UF;4215455;1.0000;1;0;1;0;0;0;
EBT;UF;4215802;317.5938;104;36;50;16;2;0;
EBT;UF;4215901;0.5000;1;1;0;0;0;0;
EBT;UF;4216107;3.5000;4;2;2;0;0;0;
EBT;UF;4216206;386.4375;37;7;10;14;4;2;
EBT;UF;4216255;1.0000;1;0;1;0;0;0;
EBT;UF;4216602;699.2500;109;15;44;44;5;1;
EBT;UF;4216909;49.7500;10;3;4;2;1;0;
EBT;UF;4217006;4.5000;3;1;2;0;0;0;
EBT;UF;4217402;229.5000;9;2;3;1;1;2;
EBT;UF;4217709;618.0000;7;0;1;1;0;5;
EBT;UF;4218202;162.0000;23;2;15;5;0;1;
EBT;UF;4218707;282.9648;21;1;12;6;1;1;
EBT;UF;4218806;14.0000;3;0;2;1;0;0;
EBT;UF;4219309;49.2500;26;12;11;2;1;0;
EBT;UF;4219507;35.8125;19;8;10;0;1;0;
EBT;UF;4219705;72.7500;13;5;5;1;2;0;
EBT;UF;4300406;79.8125;39;23;5;11;0;0;
EBT;UF;4300604;150.0000;35;11;13;9;2;0;
EBT;UF;4301008;14.0000;6;2;3;1;0;0;
EBT;UF;4301206;1.0000;1;0;1;0;0;0;
EBT;UF;4301552;1.2500;2;1;1;0;0;0;
EBT;UF;4301602;686.1250;45;9;13;14;6;3;
EBT;UF;4302105;1237.7813;146;10;61;62;10;3;
EBT;UF;4302204;1.0000;1;0;1;0;0;0;
EBT;UF;4302352;6.5000;4;1;2;1;0;0;
EBT;UF;4302709;2.2500;3;1;2;0;0;0;
EBT;UF;4302808;1.0000;1;0;1;0;0;0;
EBT;UF;4302907;0.6250;2;2;0;0;0;0;
EBT;UF;4303004;24.9375;24;13;10;1;0;0;
EBT;UF;4303103;523.4063;86;9;35;36;6;0;
EBT;UF;4303509;323.5000;30;5;11;10;3;1;
EBT;UF;4303806;2.2500;3;1;2;0;0;0;
EBT;UF;4303905;1150.2500;84;20;31;22;5;6;
EBT;UF;4304408;45.2500;18;10;5;2;1;0;
EBT;UF;4304507;4.5000;4;1;3;0;0;0;
EBT;UF;4304606;1409.4551;177;43;58;59;12;5;
EBT;UF;4304630;10612.5625;13;4;2;4;1;2;
EBT;UF;4304663;5.0000;5;2;3;0;0;0;
EBT;UF;4304705;62.0625;33;16;11;6;0;0;
EBT;UF;4304804;112.1875;14;5;4;2;3;0;
EBT;UF;4304903;4.0000;7;4;3;0;0;0;
EBT;UF;4305108;2751.0234;485;79;212;166;22;6;
EBT;UF;4305207;2.0000;2;0;2;0;0;0;
EBT;UF;4305439;1.0000;1;0;1;0;0;0;
EBT;UF;4305801;0.2500;1;1;0;0;0;0;
EBT;UF;4305975;2.0000;1;0;1;0;0;0;
EBT;UF;4306056;1.0000;1;0;1;0;0;0;
EBT;UF;4306106;2261.4375;52;22;21;5;1;3;
EBT;UF;4306205;2.5000;3;1;2;0;0;0;
EBT;UF;4306304;1.0000;1;0;1;0;0;0;
EBT;UF;4306403;0.5000;2;2;0;0;0;0;
EBT;UF;4306601;6.0000;1;0;0;1;0;0;
EBT;UF;4306767;593.0000;40;2;13;18;4;3;
EBT;UF;4307005;10594.6172;56;4;26;19;6;1;
EBT;UF;4307559;118.5000;4;1;1;0;1;1;
EBT;UF;4307609;43.7500;17;5;7;5;0;0;
EBT;UF;4307708;162.8750;49;20;19;8;2;0;
EBT;UF;4307807;27.2500;13;7;4;2;0;0;
EBT;UF;4307906;951.6133;69;3;23;32;10;1;
EBT;UF;4308102;3.0000;3;0;3;0;0;0;
EBT;UF;4308508;5.0000;8;4;4;0;0;0;
EBT;UF;4308607;232.1875;56;11;28;15;2;0;
EBT;UF;4308904;13.5000;7;4;2;1;0;0;
EBT;UF;4309001;2.5625;5;3;2;0;0;0;
EBT;UF;4309050;8.6250;3;2;0;1;0;0;
EBT;UF;4309100;95.7500;31;12;14;4;1;0;
EBT;UF;4309209;471.2500;131;39;46;43;3;0;
EBT;UF;4309308;186.6875;33;14;10;5;4;0;
EBT;UF;4309407;5.0000;6;3;3;0;0;0;
EBT;UF;4309605;5.8750;11;7;4;0;0;0;
EBT;UF;4309803;1.0000;1;0;1;0;0;0;
EBT;UF;4310108;20.7500;19;10;6;3;0;0;
EBT;UF;4310207;84.9805;16;3;6;6;1;0;
EBT;UF;4310330;2.1250;5;4;1;0;0;0;
EBT;UF;4310603;2.0000;1;0;1;0;0;0;
EBT;UF;4310801;15.0000;11;7;3;1;0;0;
EBT;UF;4311007;8.9375;8;4;3;1;0;0;
EBT;UF;4311205;2.7500;4;2;2;0;0;0;
EBT;UF;4311403;1130.5625;34;7;15;11;0;1;
EBT;UF;4311809;97.0625;16;8;4;2;2;0;
EBT;UF;4312401;63.5625;28;16;7;4;1;0;
EBT;UF;4312500;1.0000;1;0;1;0;0;0;
EBT;UF;4312658;10.0000;1;0;0;1;0;0;
EBT;UF;4312906;6.2500;4;1;2;1;0;0;
EBT;UF;4313060;4.5000;3;1;2;0;0;0;
EBT;UF;4313201;57.5625;12;5;1;5;1;0;
EBT;UF;4313300;22.5625;15;6;8;1;0;0;
EBT;UF;4313375;35.5156;2;0;1;0;1;0;
EBT;UF;4313409;798.3398;167;32;66;61;8;0;
EBT;UF;4313508;51.3750;28;15;9;4;0;0;
EBT;UF;4313656;0.5000;1;1;0;0;0;0;
EBT;UF;4313706;7.5625;10;5;5;0;0;0;
EBT;UF;4313904;78.8125;31;17;10;3;1;0;
EBT;UF;4314050;14.6875;20;14;6;0;0;0;
EBT;UF;4314100;1118.3906;114;20;48;33;10;3;
EBT;UF;4314308;0.2500;1;1;0;0;0;0;
EBT;UF;4314407;2272.4375;95;21;43;21;5;5;
EBT;UF;4314506;4.0000;1;0;0;1;0;0;
EBT;UF;4314803;11.2500;7;4;2;1;0;0;
EBT;UF;4314902;49133.8125;1183;125;361;471;136;90;
EBT;UF;4315206;2.0000;2;0;2;0;0;0;
EBT;UF;4315305;1.0000;1;0;1;0;0;0;
EBT;UF;4315503;0.5000;1;1;0;0;0;0;
EBT;UF;4315602;1312.0000;107;30;35;29;7;6;
EBT;UF;4315701;3.3750;6;4;2;0;0;0;
EBT;UF;4315800;2.0000;2;0;2;0;0;0;
EBT;UF;4316402;169.2500;12;6;4;1;0;1;
EBT;UF;4316501;0.3125;2;2;0;0;0;0;
EBT;UF;4316709;1.0000;1;0;1;0;0;0;
EBT;UF;4316808;2727.5625;54;11;12;22;3;6;
EBT;UF;4316907;1832.2188;139;58;49;26;2;4;
EBT;UF;4317103;128.5625;16;3;6;5;1;1;
EBT;UF;4317202;5.0000;4;0;4;0;0;0;
EBT;UF;4317301;2.0000;1;0;1;0;0;0;
EBT;UF;4317400;14.9375;12;7;4;1;0;0;
EBT;UF;4317509;453.0000;12;0;4;6;0;2;
EBT;UF;4317608;13.7500;10;6;3;1;0;0;
EBT;UF;4317905;1.5000;2;1;1;0;0;0;
EBT;UF;4318002;2.0000;1;0;1;0;0;0;
EBT;UF;4318101;1.5000;3;2;1;0;0;0;
EBT;UF;4318200;1.7500;3;2;1;0;0;0;
EBT;UF;4318309;4.5000;4;1;3;0;0;0;
EBT;UF;4318507;0.2500;1;1;0;0;0;0;
EBT;UF;4318705;1329.8125;103;29;31;34;5;4;
EBT;UF;4318804;102.4375;6;3;2;0;0;1;
EBT;UF;4319406;3.0000;5;3;2;0;0;0;
EBT;UF;4319505;23.5625;11;5;3;3;0;0;
EBT;UF;4319802;1.5000;3;2;1;0;0;0;
EBT;UF;4319901;108.0000;19;0;10;8;1;0;
EBT;UF;4320008;147.1875;44;17;14;12;1;0;
EBT;UF;4320107;128.3750;11;6;2;1;1;1;
EBT;UF;4320206;0.2500;1;1;0;0;0;0;
EBT;UF;4320404;4.5625;5;2;3;0;0;0;
EBT;UF;4320701;1.0000;1;0;1;0;0;0;
EBT;UF;4320800;2.0000;2;0;2;0;0;0;
EBT;UF;4320909;1.0000;1;0;1;0;0;0;
EBT;UF;4321204;224.0000;21;9;9;1;0;2;
EBT;UF;4321303;6.0000;3;0;3;0;0;0;
EBT;UF;4321451;828.9375;23;12;4;1;2;4;
EBT;UF;4321501;21.8906;24;18;4;2;0;0;
EBT;UF;4321600;32.9375;24;17;4;3;0;0;
EBT;UF;4321709;2.7500;4;2;2;0;0;0;
EBT;UF;4321808;1.0000;1;0;1;0;0;0;
EBT;UF;4322004;32.0000;1;0;0;0;1;0;
EBT;UF;4322400;10804.1250;38;6;12;13;3;4;
EBT;UF;4322509;288.0859;41;4;19;17;0;1;
EBT;UF;4322608;63.7500;19;6;7;6;0;0;
EBT;UF;4322806;1.0000;1;0;1;0;0;0;
EBT;UF;4323002;125.3750;27;11;9;3;4;0;
EBT;UF;4323408;1.7500;3;2;1;0;0;0;
EBT;UF;4323804;3.0625;9;8;1;0;0;0;
EBT;UF;5000203;86.0000;12;0;3;8;1;0;
EBT;UF;5001003;1.0000;1;0;1;0;0;0;
EBT;UF;5001102;0.5000;1;1;0;0;0;0;
EBT;UF;5002407;5.0000;3;0;3;0;0;0;
EBT;UF;5002704;17362.9648;592;108;234;189;34;27;
EBT;UF;5002902;0.5000;1;1;0;0;0;0;
EBT;UF;5002951;4.0625;3;1;2;0;0;0;
EBT;UF;5003207;37.0000;14;0;10;4;0;0;
EBT;UF;5003306;4.0000;2;0;2;0;0;0;
EBT;UF;5003702;1170.8125;66;9;28;23;2;4;
EBT;UF;5003751;1.0000;1;0;1;0;0;0;
EBT;UF;5003801;2.0000;1;0;1;0;0;0;
EBT;UF;5004106;2.0000;1;0;1;0;0;0;
EBT;UF;5004502;30.2500;10;3;5;2;0;0;
EBT;UF;5004700;1.0000;1;0;1;0;0;0;
EBT;UF;5005004;2.0000;1;0;1;0;0;0;
EBT;UF;5005103;1.0000;1;0;1;0;0;0;
EBT;UF;5005202;4.0000;2;0;2;0;0;0;
EBT;UF;5005400;446.5000;15;1;4;4;3;3;
EBT;UF;5005608;2.0000;1;0;1;0;0;0;
EBT;UF;5005681;2.0000;1;0;1;0;0;0;
EBT;UF;5005707;4.0000;2;0;2;0;0;0;
EBT;UF;5006002;22.5000;4;1;2;0;1;0;
EBT;UF;5006309;6.0000;3;0;3;0;0;0;
EBT;UF;5006606;12.0000;7;0;7;0;0;0;
EBT;UF;5006903;2.0000;1;0;1;0;0;0;
EBT;UF;5007109;47.0000;7;0;1;5;1;0;
EBT;UF;5007208;6.0000;4;0;4;0;0;0;
EBT;UF;5007695;3.0000;3;2;1;0;0;0;
EBT;UF;5007703;1.0000;1;0;1;0;0;0;
EBT;UF;5007901;168.5000;13;1;5;2;5;0;
EBT;UF;5008008;2.0000;1;0;1;0;0;0;
EBT;UF;5008305;605.0000;61;0;24;29;7;1;
EBT;UF;5100201;7.0000;4;0;4;0;0;0;
EBT;UF;5100250;15.5000;9;1;8;0;0;0;
EBT;UF;5100300;0.5000;1;1;0;0;0;0;
EBT;UF;5100409;0.5000;1;1;0;0;0;0;
EBT;UF;5100805;1.0000;1;0;1;0;0;0;
EBT;UF;5101704;2.0000;1;0;1;0;0;0;
EBT;UF;5101803;13.0000;9;2;7;0;0;0;
EBT;UF;5102504;190.0000;66;12;43;10;1;0;
EBT;UF;5102678;1.0000;1;0;1;0;0;0;
EBT;UF;5103056;1.0000;1;0;1;0;0;0;
EBT;UF;5103205;2.0000;1;0;1;0;0;0;
EBT;UF;5103403;29262.8437;1031;147;546;195;93;50;
EBT;UF;5103502;5.5000;4;1;3;0;0;0;
EBT;UF;5104104;0.5000;1;1;0;0;0;0;
EBT;UF;5105002;93.2500;11;1;4;3;3;0;
EBT;UF;5105150;8.0000;4;0;4;0;0;0;
EBT;UF;5105259;2112.3750;194;39;95;39;11;10;
EBT;UF;5105622;111.5000;21;3;14;2;2;0;
EBT;UF;5105903;0.5000;1;1;0;0;0;0;
EBT;UF;5106224;743.4375;111;16;62;24;6;3;
EBT;UF;5106752;408.3750;60;21;26;5;6;2;
EBT;UF;5107040;6.5625;5;2;3;0;0;0;
EBT;UF;5107065;0.5000;1;1;0;0;0;0;
EBT;UF;5107107;2.0000;1;0;1;0;0;0;
EBT;UF;5107180;0.5000;1;1;0;0;0;0;
EBT;UF;5107198;0.5625;2;2;0;0;0;0;
EBT;UF;5107602;2151.9375;270;28;160;57;14;11;
EBT;UF;5107800;1.0000;1;0;1;0;0;0;
EBT;UF;5107859;1.2500;2;1;1;0;0;0;
EBT;UF;5107909;7479.5859;253;24;161;46;7;15;
EBT;UF;5107925;1463.0000;182;19;103;46;5;9;
EBT;UF;5107958;5.3750;8;6;2;0;0;0;
EBT;UF;5108402;982.6875;183;26;89;60;7;1;
EBT;UF;5108600;1.2500;2;1;1;0;0;0;
EBT;UF;5200050;2.0000;1;0;1;0;0;0;
EBT;UF;5200258;58.7813;26;6;16;3;1;0;
EBT;UF;5200308;11.7500;14;8;6;0;0;0;
EBT;UF;5200605;1.2500;2;1;1;0;0;0;
EBT;UF;5200803;3.2500;3;1;2;0;0;0;
EBT;UF;5201108;2532.1250;263;29;94;121;12;7;
EBT;UF;5201405;581.0625;231;45;148;38;0;0;
EBT;UF;5202502;1.0000;1;0;1;0;0;0;
EBT;UF;5202601;0.2500;1;1;0;0;0;0;
EBT;UF;5203203;1.0000;1;0;1;0;0;0;
EBT;UF;5203500;2.0000;1;0;1;0;0;0;
EBT;UF;5203906;2.0000;1;0;1;0;0;0;
EBT;UF;5204003;0.2500;1;1;0;0;0;0;
EBT;UF;5204508;33.0000;9;2;4;3;0;0;
EBT;UF;5204706;6.0000;6;3;3;0;0;0;
EBT;UF;5204805;1.2500;2;1;1;0;0;0;
EBT;UF;5204904;2.0000;1;0;1;0;0;0;
EBT;UF;5205109;438.3750;48;6;23;10;6;3;
EBT;UF;5205307;1.0000;1;0;1;0;0;0;
EBT;UF;5205406;4.0625;3;1;2;0;0;0;
EBT;UF;5205455;0.2500;1;1;0;0;0;0;
EBT;UF;5205497;6.5000;4;1;3;0;0;0;
EBT;UF;5205513;0.7500;2;2;0;0;0;0;
EBT;UF;5205802;0.2500;1;1;0;0;0;0;
EBT;UF;5205901;1.0000;1;0;1;0;0;0;
EBT;UF;5206206;293.3125;21;4;6;6;3;2;
EBT;UF;5206800;0.2500;1;1;0;0;0;0;
EBT;UF;5207808;0.2500;1;1;0;0;0;0;
EBT;UF;5208004;7.0000;4;0;4;0;0;0;
EBT;UF;5208103;0.2500;1;1;0;0;0;0;
EBT;UF;5208608;0.0625;1;1;0;0;0;0;
EBT;UF;5208707;10252.1875;944;127;567;177;41;32;
EBT;UF;5208806;8.0000;3;0;2;1;0;0;
EBT;UF;5209101;7.5000;7;4;3;0;0;0;
EBT;UF;5209705;2.0000;1;0;1;0;0;0;
EBT;UF;5209804;0.2500;1;1;0;0;0;0;
EBT;UF;5209937;2.0000;1;0;1;0;0;0;
EBT;UF;5210000;8.5000;5;1;4;0;0;0;
EBT;UF;5210802;0.2500;1;1;0;0;0;0;
EBT;UF;5210901;1.0000;1;0;1;0;0;0;
EBT;UF;5211206;0.5000;1;1;0;0;0;0;
EBT;UF;5211503;140.0000;41;3;30;6;2;0;
EBT;UF;5211909;131.5000;17;1;14;1;0;1;
EBT;UF;5212105;0.2500;1;1;0;0;0;0;
EBT;UF;5212204;2.0000;1;0;1;0;0;0;
EBT;UF;5212303;0.2500;1;1;0;0;0;0;
EBT;UF;5212501;106.4141;56;17;31;8;0;0;
EBT;UF;5213004;0.2500;1;1;0;0;0;0;
EBT;UF;5213103;3.0000;3;2;1;0;0;0;
EBT;UF;5213509;0.2500;1;1;0;0;0;0;
EBT;UF;5213756;0.2500;1;1;0;0;0;0;
EBT;UF;5213806;14.6250;16;8;8;0;0;0;
EBT;UF;5213905;0.2500;1;1;0;0;0;0;
EBT;UF;5214002;0.2500;1;1;0;0;0;0;
EBT;UF;5214408;1.0000;1;0;1;0;0;0;
EBT;UF;5214838;1.0000;1;0;1;0;0;0;
EBT;UF;5215231;21.5625;13;6;6;1;0;0;
EBT;UF;5215306;1.2500;2;1;1;0;0;0;
EBT;UF;5215504;0.2500;1;1;0;0;0;0;
EBT;UF;5215603;1.4648;1;0;1;0;0;0;
EBT;UF;5216304;0.2500;1;1;0;0;0;0;
EBT;UF;5216403;1.0000;2;2;0;0;0;0;
EBT;UF;5216809;1.0000;1;0;1;0;0;0;
EBT;UF;5217203;0.2500;1;1;0;0;0;0;
EBT;UF;5217401;1.0000;1;0;1;0;0;0;
EBT;UF;5217609;5.5000;4;1;3;0;0;0;
EBT;UF;5218003;72.5000;6;1;1;1;3;0;
EBT;UF;5218789;0.2500;1;1;0;0;0;0;
EBT;UF;5218805;522.0000;100;12;55;27;5;1;
EBT;UF;5219100;0.2500;1;1;0;0;0;0;
EBT;UF;5219605;2.0000;1;0;1;0;0;0;
EBT;UF;5219753;9.5000;6;1;5;0;0;0;
EBT;UF;5219902;0.2500;1;1;0;0;0;0;
EBT;UF;5220108;0.5000;1;1;0;0;0;0;
EBT;UF;5220454;44.0000;20;2;17;1;0;0;
EBT;UF;5221403;112.3125;20;6;9;3;1;1;
EBT;UF;5221601;15.0625;13;8;3;2;0;0;
EBT;UF;5221700;0.2500;1;1;0;0;0;0;
EBT;UF;5221809;0.2500;1;1;0;0;0;0;
EBT;UF;5221858;63.3906;37;13;19;5;0;0;
EBT;UF;5300108;315084.326;4039;557;1688;1143;299;352;
TLB;UF;3106200;0.2500;1;1;0;0;0;0;
TLB;UF;4205407;34.0000;1;0;0;0;1;0;
09;1245;
