01;CLA;IPL4;201406;
EBT;UF;2111300;54.2813;11;10;0;0;0;1;
EBT;UF;2211001;251.3516;10;5;0;0;0;5;
EBT;UF;2408102;154.6094;11;6;2;0;0;3;
EBT;UF;2507507;3.7813;3;0;3;0;0;0;
EBT;UF;2607901;4.5000;3;1;2;0;0;0;
EBT;UF;2609600;1.0000;1;0;1;0;0;0;
EBT;UF;2610707;1.0000;1;0;1;0;0;0;
EBT;UF;2611606;51.6602;3;1;1;0;0;1;
EBT;UF;2704302;3.6250;7;5;2;0;0;0;
EBT;UF;2927408;104.9609;17;13;2;0;0;2;
EBT;UF;3106200;761.7695;184;51;120;1;0;12;
EBT;UF;3144805;50.3906;2;1;0;0;0;1;
EBT;UF;3202454;0.2500;1;1;0;0;0;0;
EBT;UF;3205002;12.0000;2;0;1;1;0;0;
EBT;UF;3205200;113.3906;23;5;13;3;1;1;
EBT;UF;3205309;339.2813;67;3;39;21;2;2;
EBT;UF;3300100;6.0000;3;0;3;0;0;0;
EBT;UF;3300308;1.3125;3;2;1;0;0;0;
EBT;UF;3300407;2.5000;2;1;1;0;0;0;
EBT;UF;3300456;3.6250;5;3;2;0;0;0;
EBT;UF;3301702;68.3281;10;1;6;2;0;1;
EBT;UF;3301900;2.0000;1;0;1;0;0;0;
EBT;UF;3302858;104.2031;12;9;1;0;0;2;
EBT;UF;3303203;4.5010;7;6;1;0;0;0;
EBT;UF;3303302;1.0000;1;0;1;0;0;0;
EBT;UF;3303401;2.0000;1;0;1;0;0;0;
EBT;UF;3303500;22.9541;17;4;13;0;0;0;
EBT;UF;3303708;1.2500;2;1;1;0;0;0;
EBT;UF;3304557;1396.2422;562;90;280;189;0;3;
EBT;UF;3305109;2.0000;1;0;1;0;0;0;
EBT;UF;3305208;1.0000;1;0;1;0;0;0;
EBT;UF;3305802;0.5000;2;2;0;0;0;0;
EBT;UF;3306206;0.2500;1;1;0;0;0;0;
EBT;UF;3306305;4.0000;2;0;2;0;0;0;
EBT;UF;3501608;322.6484;24;13;9;0;0;2;
EBT;UF;3502507;8.7148;10;5;5;0;0;0;
EBT;UF;3502804;2.0000;1;0;1;0;0;0;
EBT;UF;3503208;14.5273;20;14;6;0;0;0;
EBT;UF;3503307;3.3125;8;7;1;0;0;0;
EBT;UF;3504107;17.7813;20;11;9;0;0;0;
EBT;UF;3505708;435.6836;105;59;43;0;0;3;
EBT;UF;3506003;78.7383;29;10;18;0;0;1;
EBT;UF;3506607;4.0000;2;0;2;0;0;0;
EBT;UF;3507605;13.6875;17;10;7;0;0;0;
EBT;UF;3508504;4.7031;6;3;3;0;0;0;
EBT;UF;3509007;10.5000;6;1;5;0;0;0;
EBT;UF;3509205;11.2500;9;4;5;0;0;0;
EBT;UF;3509502;67.2852;69;26;43;0;0;0;
EBT;UF;3510401;1.7500;4;3;1;0;0;0;
EBT;UF;3510609;16.4648;19;10;9;0;0;0;
EBT;UF;3513009;38.7031;32;12;20;0;0;0;
EBT;UF;3513405;7.4648;7;3;4;0;0;0;
EBT;UF;3513504;0.5625;2;2;0;0;0;0;
EBT;UF;3513801;15.8594;15;4;11;0;0;0;
EBT;UF;3514908;1.2500;2;1;1;0;0;0;
EBT;UF;3515004;10.0313;11;6;5;0;0;0;
EBT;UF;3515707;8.5000;5;1;4;0;0;0;
EBT;UF;3516309;0.5000;1;1;0;0;0;0;
EBT;UF;3516408;0.5000;2;2;0;0;0;0;
EBT;UF;3518305;4.0000;2;0;2;0;0;0;
EBT;UF;3518404;6.2500;10;7;3;0;0;0;
EBT;UF;3518701;135.8086;17;12;4;0;0;1;
EBT;UF;3518800;22.7422;32;19;13;0;0;0;
EBT;UF;3520509;4.5000;4;1;3;0;0;0;
EBT;UF;3522208;8.4648;8;3;5;0;0;0;
EBT;UF;3522307;20.6719;20;7;13;0;0;0;
EBT;UF;3522505;17.1836;13;4;9;0;0;0;
EBT;UF;3524402;1.4375;4;3;1;0;0;0;
EBT;UF;3525003;1.6250;5;5;0;0;0;0;
EBT;UF;3525300;4.0000;4;2;2;0;0;0;
EBT;UF;3525904;19.5586;23;13;10;0;0;0;
EBT;UF;3526902;7.0313;6;1;5;0;0;0;
EBT;UF;3527207;1.8125;4;3;1;0;0;0;
EBT;UF;3528502;0.5000;1;1;0;0;0;0;
EBT;UF;3529401;6.2500;10;6;4;0;0;0;
EBT;UF;3530607;16.8398;14;5;9;0;0;0;
EBT;UF;3530706;5.5625;7;3;4;0;0;0;
EBT;UF;3530805;7.0000;8;4;4;0;0;0;
EBT;UF;3531803;1.2500;2;1;1;0;0;0;
EBT;UF;3534401;59.6797;61;32;28;1;0;0;
EBT;UF;3538006;6.0000;4;0;4;0;0;0;
EBT;UF;3538709;9.9961;10;4;6;0;0;0;
EBT;UF;3539806;2.2500;2;1;1;0;0;0;
EBT;UF;3540606;1.0000;1;0;1;0;0;0;
EBT;UF;3541000;2.1250;7;7;0;0;0;0;
EBT;UF;3543303;3.0000;2;0;2;0;0;0;
EBT;UF;3543402;332.4824;76;20;51;0;0;5;
EBT;UF;3543907;8.8086;10;5;5;0;0;0;
EBT;UF;3544103;0.2500;1;1;0;0;0;0;
EBT;UF;3545001;8.0000;4;0;4;0;0;0;
EBT;UF;3545209;3.9961;5;2;3;0;0;0;
EBT;UF;3545803;16.4609;18;8;10;0;0;0;
EBT;UF;3547304;8.8125;9;5;4;0;0;0;
EBT;UF;3547809;29.3867;37;21;16;0;0;0;
EBT;UF;3548500;78.3828;43;25;17;0;0;1;
EBT;UF;3548708;38.0820;51;32;19;0;0;0;
EBT;UF;3548807;17.3867;20;10;10;0;0;0;
EBT;UF;3548906;106.3281;16;12;2;0;0;2;
EBT;UF;3549805;41.3125;33;7;26;0;0;0;
EBT;UF;3549904;40.3203;42;18;24;0;0;0;
EBT;UF;3550308;1086.0185;954;432;513;4;1;4;
EBT;UF;3551009;135.0273;12;6;5;0;0;1;
EBT;UF;3551702;4.3086;5;1;4;0;0;0;
EBT;UF;3552205;19.5762;17;5;12;0;0;0;
EBT;UF;3552403;2.7148;4;3;1;0;0;0;
EBT;UF;3552502;3.7500;5;3;2;0;0;0;
EBT;UF;3552809;10.7500;12;5;7;0;0;0;
EBT;UF;3554102;519.2461;7;0;6;0;0;1;
EBT;UF;3556206;4.3203;4;1;3;0;0;0;
EBT;UF;3556453;1.9648;2;1;1;0;0;0;
EBT;UF;4106902;236.5078;144;109;31;0;1;3;
EBT;UF;4113700;18.8125;14;3;11;0;0;0;
EBT;UF;4115200;107.7695;14;7;5;0;0;2;
EBT;UF;4119905;2.2500;5;4;1;0;0;0;
EBT;UF;4202404;9.7500;20;15;5;0;0;0;
EBT;UF;4205407;4.9688;17;14;3;0;0;0;
EBT;UF;4305108;13.5000;8;1;7;0;0;0;
EBT;UF;4314100;0.5000;1;1;0;0;0;0;
EBT;UF;4314407;1.0000;1;0;1;0;0;0;
EBT;UF;4314902;579.2773;73;48;23;0;1;1;
EBT;UF;4316907;3.0000;4;2;2;0;0;0;
EBT;UF;4322400;0.5000;1;1;0;0;0;0;
EBT;UF;5103403;80.0078;32;14;17;0;0;1;
EBT;UF;5108402;10.5000;14;8;6;0;0;0;
EBT;UF;5208707;0.3906;1;1;0;0;0;0;
EBT;UF;5300108;19.1250;44;34;10;0;0;0;
09;126;
