01;CLA;IPL4;201209;
EBT;UF;1100023;12.5000;4;0;1;2;1;0;
EBT;UF;1100049;24.0000;6;0;0;4;2;0;
EBT;UF;1100114;8.0000;1;0;0;0;1;0;
EBT;UF;1100122;14.0000;5;0;0;3;2;0;
EBT;UF;1100155;12.5000;3;0;1;0;2;0;
EBT;UF;1100189;10.5000;6;0;1;4;1;0;
EBT;UF;1100205;144.0000;37;2;5;10;20;0;
EBT;UF;1100254;4.0000;2;0;0;2;0;0;
EBT;UF;1100304;12.3750;5;0;2;2;1;0;
EBT;UF;1200203;3.7500;4;0;2;2;0;0;
EBT;UF;1200401;91.2500;25;0;2;8;15;0;
EBT;UF;1301852;4.0000;1;0;0;0;1;0;
EBT;UF;1301902;0.0625;1;1;0;0;0;0;
EBT;UF;1302603;612.1250;219;14;60;52;93;0;
EBT;UF;1400100;18.6875;26;3;12;11;0;0;
EBT;UF;1500602;65.0000;17;0;0;1;16;0;
EBT;UF;1500800;42.3125;12;3;1;1;7;0;
EBT;UF;1501303;35.7500;11;0;6;1;4;0;
EBT;UF;1501402;171.3125;34;1;3;8;22;0;
EBT;UF;1501501;44.3750;12;0;2;2;8;0;
EBT;UF;1501782;4.0000;1;0;0;0;1;0;
EBT;UF;1502202;8.0000;2;0;0;0;2;0;
EBT;UF;1502400;40.2500;6;0;1;0;5;0;
EBT;UF;1503606;0.1250;1;0;1;0;0;0;
EBT;UF;1504208;81.8750;26;0;5;9;12;0;
EBT;UF;1504422;36.0000;7;0;0;0;7;0;
EBT;UF;1505502;25.0000;11;0;0;9;2;0;
EBT;UF;1505536;6.2500;6;0;3;3;0;0;
EBT;UF;1506138;2.0000;1;0;0;1;0;0;
EBT;UF;1506500;4.2500;2;0;1;0;1;0;
EBT;UF;1506609;0.2500;1;0;1;0;0;0;
EBT;UF;1506807;18.3125;5;1;1;1;2;0;
EBT;UF;1507953;8.0000;1;0;0;0;1;0;
EBT;UF;1600303;23.0625;17;5;3;8;1;0;
EBT;UF;1600600;2.3125;4;1;1;2;0;0;
EBT;UF;1702109;30.0000;10;0;0;5;5;0;
EBT;UF;1705508;6.0000;2;0;0;1;1;0;
EBT;UF;1709302;8.0000;2;0;0;0;2;0;
EBT;UF;1709500;7.2500;4;0;1;2;1;0;
EBT;UF;1713205;8.0000;2;0;0;0;2;0;
EBT;UF;1713304;4.0000;1;0;0;0;1;0;
EBT;UF;1716109;6.0000;2;0;0;1;1;0;
EBT;UF;1721000;76.5000;14;0;1;6;7;0;
EBT;UF;1721208;2.0000;1;0;0;1;0;0;
EBT;UF;1722081;2.0000;1;0;0;1;0;0;
EBT;UF;2100055;12.2500;4;0;1;0;3;0;
EBT;UF;2100204;32.0000;1;0;0;0;1;0;
EBT;UF;2101202;4.7500;3;0;2;0;1;0;
EBT;UF;2101251;4.0000;1;0;0;0;1;0;
EBT;UF;2103000;18.0000;5;0;0;1;4;0;
EBT;UF;2103307;6.5000;3;0;1;1;1;0;
EBT;UF;2105302;13.4375;7;1;2;3;1;0;
EBT;UF;2105500;2.0000;1;0;0;1;0;0;
EBT;UF;2106755;4.7500;4;0;2;2;0;0;
EBT;UF;2107357;2.0000;1;0;0;1;0;0;
EBT;UF;2107506;8.0000;1;0;0;0;1;0;
EBT;UF;2109601;4.0000;1;0;0;0;1;0;
EBT;UF;2109908;8.0000;2;0;0;0;2;0;
EBT;UF;2111201;0.2500;1;0;1;0;0;0;
EBT;UF;2111300;132.4375;46;3;15;13;15;0;
EBT;UF;2111508;4.2500;3;0;1;2;0;0;
EBT;UF;2112209;32.2500;6;0;1;0;5;0;
EBT;UF;2200509;1.0000;1;0;0;1;0;0;
EBT;UF;2202000;2.0000;1;0;0;1;0;0;
EBT;UF;2203305;6.0000;3;0;0;3;0;0;
EBT;UF;2203909;1.0000;1;0;0;1;0;0;
EBT;UF;2207702;13.6250;6;0;3;1;2;0;
EBT;UF;2208007;1.5000;3;0;3;0;0;0;
EBT;UF;2208403;4.0000;1;0;0;0;1;0;
EBT;UF;2211001;93.1875;32;3;3;9;17;0;
EBT;UF;2301000;42.0000;11;0;0;4;7;0;
EBT;UF;2301109;16.0000;4;0;0;2;2;0;
EBT;UF;2301901;4.0000;1;0;0;0;1;0;
EBT;UF;2303501;8.2500;2;0;1;0;1;0;
EBT;UF;2303709;16.5000;7;0;2;2;3;0;
EBT;UF;2304202;22.0000;5;0;0;1;4;0;
EBT;UF;2304285;24.5000;6;0;1;2;3;0;
EBT;UF;2304400;193.8750;43;2;4;6;31;0;
EBT;UF;2304954;4.0000;2;0;0;2;0;0;
EBT;UF;2305233;4.0000;1;0;0;0;1;0;
EBT;UF;2305357;4.0000;1;0;0;0;1;0;
EBT;UF;2305506;12.0000;2;0;0;0;2;0;
EBT;UF;2307304;24.2500;4;0;1;0;3;0;
EBT;UF;2307601;4.0000;1;0;0;0;1;0;
EBT;UF;2307650;116.2500;27;0;1;8;18;0;
EBT;UF;2309607;12.0000;3;0;0;2;1;0;
EBT;UF;2309706;12.5000;5;0;2;2;1;0;
EBT;UF;2310852;2.0000;1;0;0;1;0;0;
EBT;UF;2311504;8.0000;1;0;0;0;1;0;
EBT;UF;2311603;4.0000;2;0;0;2;0;0;
EBT;UF;2312403;8.0000;1;0;0;0;1;0;
EBT;UF;2312908;36.8750;10;0;3;2;5;0;
EBT;UF;2400109;8.0000;1;0;0;0;1;0;
EBT;UF;2400208;2.0000;1;0;0;1;0;0;
EBT;UF;2400703;16.0000;2;0;0;0;2;0;
EBT;UF;2400802;12.0000;2;0;0;0;2;0;
EBT;UF;2402204;8.0000;1;0;0;0;1;0;
EBT;UF;2402303;0.5000;1;0;1;0;0;0;
EBT;UF;2403103;24.1250;4;0;1;0;3;0;
EBT;UF;2403251;97.0000;16;0;0;1;15;0;
EBT;UF;2404200;16.0000;2;0;0;0;2;0;
EBT;UF;2404705;16.0000;2;0;0;0;2;0;
EBT;UF;2407104;56.0000;11;0;0;2;9;0;
EBT;UF;2407203;4.0000;1;0;0;0;1;0;
EBT;UF;2407401;16.0000;2;0;0;0;2;0;
EBT;UF;2408003;222.5000;43;0;2;9;32;0;
EBT;UF;2408102;576.3125;55;1;1;8;44;1;
EBT;UF;2408300;4.0000;1;0;0;0;1;0;
EBT;UF;2409100;8.0000;1;0;0;0;1;0;
EBT;UF;2409902;8.0000;1;0;0;0;1;0;
EBT;UF;2410207;16.0000;2;0;0;0;2;0;
EBT;UF;2411205;36.0000;2;0;0;0;2;0;
EBT;UF;2412005;36.0000;6;0;0;0;6;0;
EBT;UF;2412203;4.0000;1;0;0;0;1;0;
EBT;UF;2414001;8.0000;1;0;0;0;1;0;
EBT;UF;2500106;8.0000;1;0;0;0;1;0;
EBT;UF;2500304;0.5000;2;0;2;0;0;0;
EBT;UF;2500601;21.0000;5;0;0;3;2;0;
EBT;UF;2501005;20.2500;4;0;1;0;3;0;
EBT;UF;2501104;8.0000;1;0;0;0;1;0;
EBT;UF;2501500;4.0000;1;0;0;0;1;0;
EBT;UF;2501807;2.0000;1;0;0;1;0;0;
EBT;UF;2503001;8.0000;1;0;0;0;1;0;
EBT;UF;2503209;51.1250;7;0;1;2;4;0;
EBT;UF;2503506;0.1250;1;0;1;0;0;0;
EBT;UF;2504009;243.1250;41;0;1;7;33;0;
EBT;UF;2504603;14.5000;4;0;1;1;2;0;
EBT;UF;2506301;28.0000;5;0;0;0;5;0;
EBT;UF;2507507;418.1875;62;1;2;14;45;0;
EBT;UF;2508307;8.0000;1;0;0;0;1;0;
EBT;UF;2508604;8.0000;1;0;0;0;1;0;
EBT;UF;2508901;0.2500;1;0;1;0;0;0;
EBT;UF;2509305;0.1250;1;0;1;0;0;0;
EBT;UF;2510808;8.0000;1;0;0;0;1;0;
EBT;UF;2511202;32.0000;1;0;0;0;1;0;
EBT;UF;2512507;6.0000;2;0;0;1;1;0;
EBT;UF;2513406;0.2500;1;0;1;0;0;0;
EBT;UF;2513703;56.2500;10;0;1;0;9;0;
EBT;UF;2515302;30.0000;5;0;0;1;4;0;
EBT;UF;2515807;4.0000;1;0;0;0;1;0;
EBT;UF;2516201;2.0000;1;0;0;1;0;0;
EBT;UF;2516706;4.0000;1;0;0;0;1;0;
EBT;UF;2600054;22.2500;9;0;1;5;3;0;
EBT;UF;2600401;16.0000;2;0;0;0;2;0;
EBT;UF;2600708;8.0000;2;0;0;0;2;0;
EBT;UF;2601201;3.0000;2;0;0;2;0;0;
EBT;UF;2601409;1.0000;1;0;0;1;0;0;
EBT;UF;2601706;18.0000;3;0;0;1;2;0;
EBT;UF;2602902;227.2500;58;0;5;30;23;0;
EBT;UF;2603454;8.0000;1;0;0;0;1;0;
EBT;UF;2604007;12.2500;3;0;1;0;2;0;
EBT;UF;2604106;133.8750;39;0;5;18;16;0;
EBT;UF;2604502;2.0000;1;0;0;1;0;0;
EBT;UF;2605202;30.0000;7;0;0;4;3;0;
EBT;UF;2606002;17.0000;9;0;2;6;1;0;
EBT;UF;2606101;8.0000;1;0;0;0;1;0;
EBT;UF;2606200;22.0000;6;0;0;3;3;0;
EBT;UF;2606408;42.0000;3;0;0;1;2;0;
EBT;UF;2606804;55.2500;16;0;3;9;4;0;
EBT;UF;2607208;293.5000;72;0;1;46;25;0;
EBT;UF;2607653;12.0000;3;0;0;2;1;0;
EBT;UF;2607752;8.5000;5;0;2;2;1;0;
EBT;UF;2607901;227.9375;84;3;9;42;30;0;
EBT;UF;2608206;4.0000;1;0;0;0;1;0;
EBT;UF;2608305;8.0000;1;0;0;0;1;0;
EBT;UF;2608503;12.0000;2;0;0;0;2;0;
EBT;UF;2608750;8.0000;1;0;0;0;1;0;
EBT;UF;2608909;16.2500;6;0;1;4;1;0;
EBT;UF;2609105;2.0000;1;0;0;1;0;0;
EBT;UF;2609402;22.0000;4;0;0;1;3;0;
EBT;UF;2609501;0.2500;1;0;1;0;0;0;
EBT;UF;2609600;107.2500;25;0;1;6;18;0;
EBT;UF;2610004;21.0000;4;0;0;1;3;0;
EBT;UF;2610608;0.2500;1;0;1;0;0;0;
EBT;UF;2610707;72.6250;25;0;2;16;7;0;
EBT;UF;2610905;8.0000;2;0;0;0;2;0;
EBT;UF;2611101;127.1250;28;2;4;7;15;0;
EBT;UF;2611309;2.0000;1;0;0;1;0;0;
EBT;UF;2611606;564.0625;112;3;10;25;74;0;
EBT;UF;2611804;8.0000;1;0;0;0;1;0;
EBT;UF;2612208;2.0000;1;0;0;1;0;0;
EBT;UF;2612604;4.2500;2;0;1;0;1;0;
EBT;UF;2613008;26.5000;5;0;1;1;3;0;
EBT;UF;2613107;8.0000;1;0;0;0;1;0;
EBT;UF;2613701;2.0000;1;0;0;1;0;0;
EBT;UF;2614204;8.0000;1;0;0;0;1;0;
EBT;UF;2615300;10.0000;3;0;0;1;2;0;
EBT;UF;2616308;8.0000;1;0;0;0;1;0;
EBT;UF;2616407;33.2500;12;0;3;6;3;0;
EBT;UF;2616506;16.0000;2;0;0;0;2;0;
EBT;UF;2700300;10.5000;4;0;1;1;2;0;
EBT;UF;2702306;1.0000;1;0;0;1;0;0;
EBT;UF;2704302;199.6250;48;0;2;14;32;0;
EBT;UF;2704708;22.0000;8;0;0;5;3;0;
EBT;UF;2706802;4.0000;1;0;0;0;1;0;
EBT;UF;2706901;4.0000;1;0;0;0;1;0;
EBT;UF;2707701;2.0000;1;0;0;1;0;0;
EBT;UF;2707909;0.5000;1;0;1;0;0;0;
EBT;UF;2708501;0.2500;1;0;1;0;0;0;
EBT;UF;2708907;8.0000;1;0;0;0;1;0;
EBT;UF;2709152;58.0000;3;0;0;0;3;0;
EBT;UF;2800308;273.8125;58;3;3;19;33;0;
EBT;UF;2800506;4.0000;1;0;0;0;1;0;
EBT;UF;2800605;16.0000;3;0;0;0;3;0;
EBT;UF;2800670;0.5000;1;0;1;0;0;0;
EBT;UF;2801504;8.0000;1;0;0;0;1;0;
EBT;UF;2802106;42.6250;16;0;2;10;4;0;
EBT;UF;2802304;0.2500;1;0;1;0;0;0;
EBT;UF;2802700;2.0000;1;0;0;1;0;0;
EBT;UF;2802908;10.0000;2;0;0;1;1;0;
EBT;UF;2803005;4.5000;2;0;1;0;1;0;
EBT;UF;2803203;38.0000;9;0;0;3;6;0;
EBT;UF;2803401;4.0000;1;0;0;0;1;0;
EBT;UF;2803500;15.7500;9;0;2;6;1;0;
EBT;UF;2803609;13.3750;5;0;2;1;2;0;
EBT;UF;2804003;16.0000;2;0;0;0;2;0;
EBT;UF;2804607;8.0000;1;0;0;0;1;0;
EBT;UF;2804706;8.0000;1;0;0;0;1;0;
EBT;UF;2804805;76.2500;16;0;1;4;11;0;
EBT;UF;2804904;4.0000;1;0;0;0;1;0;
EBT;UF;2805307;4.0000;1;0;0;0;1;0;
EBT;UF;2806107;9.0000;2;0;0;1;1;0;
EBT;UF;2806206;2.0000;1;0;0;1;0;0;
EBT;UF;2806602;2.5000;2;0;1;1;0;0;
EBT;UF;2806701;21.2500;6;0;3;0;3;0;
EBT;UF;2807600;2.0000;1;0;0;1;0;0;
EBT;UF;2900702;28.2500;9;0;1;6;2;0;
EBT;UF;2903201;15.0000;10;0;2;7;1;0;
EBT;UF;2903276;4.0000;1;0;0;0;1;0;
EBT;UF;2904308;2.0000;1;0;0;1;0;0;
EBT;UF;2904902;32.0000;3;0;0;0;3;0;
EBT;UF;2905701;413.6875;87;1;11;33;42;0;
EBT;UF;2906006;16.0000;2;0;0;0;2;0;
EBT;UF;2906501;82.8750;19;2;3;7;7;0;
EBT;UF;2907301;2.0000;1;0;0;1;0;0;
EBT;UF;2907509;64.2500;7;0;1;0;6;0;
EBT;UF;2908408;4.0000;1;0;0;0;1;0;
EBT;UF;2908507;8.5000;3;0;1;0;2;0;
EBT;UF;2908903;2.0000;1;0;0;1;0;0;
EBT;UF;2909802;12.1250;5;0;1;2;2;0;
EBT;UF;2909901;2.0000;1;0;0;1;0;0;
EBT;UF;2910057;51.0000;15;0;0;8;7;0;
EBT;UF;2910503;76.0000;7;0;0;4;3;0;
EBT;UF;2910727;108.0000;19;0;3;8;8;0;
EBT;UF;2910800;150.3125;45;1;5;17;22;0;
EBT;UF;2911600;4.5000;2;0;1;0;1;0;
EBT;UF;2913606;21.0000;5;0;0;1;4;0;
EBT;UF;2913903;44.0000;14;0;4;6;4;0;
EBT;UF;2914604;2.0000;1;0;0;1;0;0;
EBT;UF;2914653;4.0000;1;0;0;0;1;0;
EBT;UF;2914802;16.0000;5;0;0;2;3;0;
EBT;UF;2914901;24.2500;6;0;1;2;3;0;
EBT;UF;2915205;20.5000;4;0;1;2;1;0;
EBT;UF;2915502;8.0000;1;0;0;0;1;0;
EBT;UF;2915601;10.0000;3;0;0;1;2;0;
EBT;UF;2916302;12.0000;2;0;0;0;2;0;
EBT;UF;2916401;12.5000;5;0;1;2;2;0;
EBT;UF;2917508;24.5000;3;0;1;0;2;0;
EBT;UF;2917706;2.1250;2;0;1;1;0;0;
EBT;UF;2917904;8.0000;1;0;0;0;1;0;
EBT;UF;2918001;26.0000;9;0;0;5;4;0;
EBT;UF;2918407;96.3750;27;0;5;10;12;0;
EBT;UF;2919926;8.0000;2;0;0;0;2;0;
EBT;UF;2921005;38.0000;6;0;0;1;5;0;
EBT;UF;2922003;76.0000;5;0;0;2;3;0;
EBT;UF;2923001;0.7500;2;0;2;0;0;0;
EBT;UF;2924009;8.2500;2;0;1;0;1;0;
EBT;UF;2925204;18.8750;9;0;6;1;2;0;
EBT;UF;2925303;124.0000;16;0;0;6;10;0;
EBT;UF;2925600;34.0000;1;0;0;0;1;0;
EBT;UF;2926301;32.0000;5;0;0;2;3;0;
EBT;UF;2927408;545.4375;128;7;13;31;77;0;
EBT;UF;2927705;4.0000;1;0;0;0;1;0;
EBT;UF;2928703;6.0000;2;0;0;1;1;0;
EBT;UF;2929206;91.7500;19;0;0;10;9;0;
EBT;UF;2929503;2.0000;1;0;0;1;0;0;
EBT;UF;2929602;0.2500;1;0;1;0;0;0;
EBT;UF;2930105;2.0000;1;0;0;1;0;0;
EBT;UF;2930501;94.0000;7;0;0;0;7;0;
EBT;UF;2930709;170.5625;39;1;3;13;22;0;
EBT;UF;2931350;101.8750;14;0;2;7;5;0;
EBT;UF;2932507;32.0000;1;0;0;0;1;0;
EBT;UF;2932903;8.0000;1;0;0;0;1;0;
EBT;UF;2933208;6.0000;2;0;0;1;1;0;
EBT;UF;2933307;65.5625;23;1;7;8;7;0;
EBT;UF;3100500;2.0000;1;0;0;1;0;0;
EBT;UF;3100906;2.0000;1;0;0;1;0;0;
EBT;UF;3101102;4.0000;2;0;0;2;0;0;
EBT;UF;3101508;2.5000;2;0;1;1;0;0;
EBT;UF;3101607;90.5000;15;0;2;2;11;0;
EBT;UF;3101904;24.0000;3;0;0;0;3;0;
EBT;UF;3102001;4.0000;1;0;0;0;1;0;
EBT;UF;3102100;2.0000;1;0;0;1;0;0;
EBT;UF;3102605;50.0000;7;0;0;3;4;0;
EBT;UF;3102902;8.0000;1;0;0;0;1;0;
EBT;UF;3103504;68.5000;20;0;3;8;9;0;
EBT;UF;3104007;153.7500;28;0;4;7;17;0;
EBT;UF;3104106;10.0000;3;0;0;1;2;0;
EBT;UF;3104205;16.0000;4;0;0;2;2;0;
EBT;UF;3104601;2.0000;1;0;0;1;0;0;
EBT;UF;3105400;22.0000;4;0;0;1;3;0;
EBT;UF;3105608;41.8125;15;3;2;5;5;0;
EBT;UF;3106200;1197.8125;144;5;15;32;90;2;
EBT;UF;3106309;20.0000;3;0;0;0;3;0;
EBT;UF;3106705;215.3125;71;5;11;29;26;0;
EBT;UF;3106903;12.0000;2;0;0;0;2;0;
EBT;UF;3107109;2.0000;1;0;0;1;0;0;
EBT;UF;3108107;2.0000;1;0;0;1;0;0;
EBT;UF;3109006;41.0000;10;0;0;5;5;0;
EBT;UF;3109600;20.0000;2;0;0;0;2;0;
EBT;UF;3109709;6.0000;2;0;0;1;1;0;
EBT;UF;3109907;8.0000;3;0;0;2;1;0;
EBT;UF;3110004;24.1250;7;0;1;2;4;0;
EBT;UF;3110202;16.0000;1;0;0;0;1;0;
EBT;UF;3110301;10.0000;2;0;0;1;1;0;
EBT;UF;3110509;24.0000;3;0;0;0;3;0;
EBT;UF;3110608;26.0000;5;0;0;1;4;0;
EBT;UF;3110707;8.0000;1;0;0;0;1;0;
EBT;UF;3111002;8.0000;1;0;0;0;1;0;
EBT;UF;3111507;12.0000;2;0;0;0;2;0;
EBT;UF;3112000;4.0000;1;0;0;0;1;0;
EBT;UF;3112307;4.0000;2;0;0;2;0;0;
EBT;UF;3113206;0.5000;1;0;1;0;0;0;
EBT;UF;3113404;78.0000;13;0;0;6;7;0;
EBT;UF;3113503;8.0000;1;0;0;0;1;0;
EBT;UF;3113602;2.0000;1;0;0;1;0;0;
EBT;UF;3113701;2.0000;1;0;0;1;0;0;
EBT;UF;3113909;8.0000;1;0;0;0;1;0;
EBT;UF;3114105;16.0000;2;0;0;0;2;0;
EBT;UF;3114204;4.0000;1;0;0;0;1;0;
EBT;UF;3114402;2.0000;1;0;0;1;0;0;
EBT;UF;3114501;8.0000;1;0;0;0;1;0;
EBT;UF;3115300;12.0000;3;0;0;0;3;0;
EBT;UF;3115508;16.0000;1;0;0;0;1;0;
EBT;UF;3117603;12.0000;3;0;0;2;1;0;
EBT;UF;3117702;8.0000;1;0;0;0;1;0;
EBT;UF;3117801;14.0000;3;0;0;1;2;0;
EBT;UF;3117876;8.0000;1;0;0;0;1;0;
EBT;UF;3117900;8.0000;1;0;0;0;1;0;
EBT;UF;3118007;38.0000;6;0;0;1;5;0;
EBT;UF;3118304;35.0000;9;0;2;3;4;0;
EBT;UF;3118403;2.0000;1;0;0;1;0;0;
EBT;UF;3118601;363.5625;82;3;13;19;47;0;
EBT;UF;3119104;4.0000;2;0;0;2;0;0;
EBT;UF;3119401;34.5000;10;0;2;3;5;0;
EBT;UF;3119708;8.0000;1;0;0;0;1;0;
EBT;UF;3120904;51.2500;19;0;1;15;3;0;
EBT;UF;3122306;71.0000;21;0;0;6;15;0;
EBT;UF;3123007;20.0000;2;0;0;0;2;0;
EBT;UF;3123601;16.0000;2;0;0;0;2;0;
EBT;UF;3124104;2.0000;1;0;0;1;0;0;
EBT;UF;3124807;1.0000;1;0;0;1;0;0;
EBT;UF;3125101;241.0000;41;0;3;16;22;0;
EBT;UF;3125200;10.0000;2;0;0;1;1;0;
EBT;UF;3126000;64.0000;2;0;0;0;2;0;
EBT;UF;3126307;4.0000;2;0;0;2;0;0;
EBT;UF;3127107;0.0625;1;1;0;0;0;0;
EBT;UF;3127305;2.0000;1;0;0;1;0;0;
EBT;UF;3127602;32.0000;1;0;0;0;1;0;
EBT;UF;3127701;267.0625;23;1;4;6;12;0;
EBT;UF;3127800;2.5000;2;0;1;1;0;0;
EBT;UF;3128006;2.0000;1;0;0;1;0;0;
EBT;UF;3128402;8.0000;1;0;0;0;1;0;
EBT;UF;3128600;8.0000;1;0;0;0;1;0;
EBT;UF;3128709;37.5000;12;0;2;5;5;0;
EBT;UF;3129202;8.0000;1;0;0;0;1;0;
EBT;UF;3129509;16.0000;2;0;0;0;2;0;
EBT;UF;3129806;37.5000;14;0;1;9;4;0;
EBT;UF;3130101;22.0000;5;0;0;3;2;0;
EBT;UF;3130408;10.0000;3;0;0;1;2;0;
EBT;UF;3130903;2.0000;1;0;0;1;0;0;
EBT;UF;3131000;2.0000;1;0;0;1;0;0;
EBT;UF;3131208;2.0000;1;0;0;1;0;0;
EBT;UF;3131307;211.5625;12;1;1;6;3;1;
EBT;UF;3131703;86.5000;8;0;1;3;4;0;
EBT;UF;3131901;18.0000;3;0;0;1;2;0;
EBT;UF;3132206;8.0000;1;0;0;0;1;0;
EBT;UF;3132404;135.3750;30;2;4;9;15;0;
EBT;UF;3132503;4.0000;2;0;0;2;0;0;
EBT;UF;3132602;0.2500;1;0;1;0;0;0;
EBT;UF;3132701;2.0000;1;0;0;1;0;0;
EBT;UF;3133006;32.0000;1;0;0;0;1;0;
EBT;UF;3133501;8.0000;1;0;0;0;1;0;
EBT;UF;3133600;2.0000;1;0;0;1;0;0;
EBT;UF;3133709;14.0000;3;0;0;1;2;0;
EBT;UF;3133758;14.0625;5;1;0;3;1;0;
EBT;UF;3133808;68.3750;20;0;2;10;8;0;
EBT;UF;3134707;2.0000;1;0;0;1;0;0;
EBT;UF;3135407;36.0000;2;0;0;1;1;0;
EBT;UF;3135803;2.0000;1;0;0;1;0;0;
EBT;UF;3136207;30.0000;8;0;0;4;4;0;
EBT;UF;3136306;10.0000;2;0;0;1;1;0;
EBT;UF;3136652;33.0000;7;0;0;3;4;0;
EBT;UF;3136702;153.8750;26;0;3;5;18;0;
EBT;UF;3137205;2.0000;1;0;0;1;0;0;
EBT;UF;3137601;98.0000;13;0;0;3;10;0;
EBT;UF;3137700;2.0000;1;0;0;1;0;0;
EBT;UF;3138005;4.0000;1;0;0;0;1;0;
EBT;UF;3138203;126.7500;22;0;3;8;11;0;
EBT;UF;3138401;33.0000;8;0;0;3;5;0;
EBT;UF;3139003;74.2500;9;0;1;1;7;0;
EBT;UF;3139201;2.0000;1;0;0;1;0;0;
EBT;UF;3139409;6.0000;4;0;0;4;0;0;
EBT;UF;3139508;4.2500;3;0;1;2;0;0;
EBT;UF;3139904;8.0000;1;0;0;0;1;0;
EBT;UF;3140001;46.0000;4;0;0;1;3;0;
EBT;UF;3140704;62.0000;9;0;2;3;4;0;
EBT;UF;3140803;12.0000;2;0;0;0;2;0;
EBT;UF;3141108;38.0000;7;0;0;1;6;0;
EBT;UF;3141702;2.0000;1;0;0;1;0;0;
EBT;UF;3141801;2.0000;1;0;0;1;0;0;
EBT;UF;3142205;36.2500;4;0;1;2;1;0;
EBT;UF;3143302;199.6250;40;0;4;19;17;0;
EBT;UF;3143906;120.7500;18;0;2;4;12;0;
EBT;UF;3144102;40.0000;2;0;0;0;2;0;
EBT;UF;3144300;2.0000;1;0;0;1;0;0;
EBT;UF;3144706;4.0000;2;0;0;2;0;0;
EBT;UF;3144805;61.5000;16;0;1;7;8;0;
EBT;UF;3145307;2.0000;1;0;0;1;0;0;
EBT;UF;3145901;102.3750;15;0;4;6;5;0;
EBT;UF;3146008;6.0000;2;0;0;1;1;0;
EBT;UF;3146107;131.5000;19;0;3;5;11;0;
EBT;UF;3147006;94.7500;19;0;2;5;12;0;
EBT;UF;3147105;64.0000;12;0;0;4;8;0;
EBT;UF;3147204;8.0000;1;0;0;0;1;0;
EBT;UF;3147402;76.5000;9;0;1;0;8;0;
EBT;UF;3147907;30.0000;6;0;0;3;3;0;
EBT;UF;3148004;35.0000;10;0;0;4;6;0;
EBT;UF;3148103;12.0000;4;0;0;3;1;0;
EBT;UF;3148301;8.0000;1;0;0;0;1;0;
EBT;UF;3148608;2.0000;1;0;0;1;0;0;
EBT;UF;3149309;65.1250;15;0;1;5;9;0;
EBT;UF;3149804;2.0000;1;0;0;1;0;0;
EBT;UF;3149903;8.0000;1;0;0;0;1;0;
EBT;UF;3151107;81.0000;5;0;0;1;4;0;
EBT;UF;3151305;8.0000;1;0;0;0;1;0;
EBT;UF;3151503;32.0000;1;0;0;0;1;0;
EBT;UF;3151701;8.0000;1;0;0;0;1;0;
EBT;UF;3151800;305.6875;66;1;10;29;26;0;
EBT;UF;3152105;75.6250;12;0;2;4;6;0;
EBT;UF;3152501;209.7500;47;0;4;17;26;0;
EBT;UF;3153608;2.0000;1;0;0;1;0;0;
EBT;UF;3154002;2.0000;1;0;0;1;0;0;
EBT;UF;3154309;2.0000;1;0;0;1;0;0;
EBT;UF;3154606;50.0000;8;0;0;1;7;0;
EBT;UF;3155306;8.0000;1;0;0;0;1;0;
EBT;UF;3155405;2.0000;1;0;0;1;0;0;
EBT;UF;3155801;10.0000;2;0;0;1;1;0;
EBT;UF;3155900;0.5000;1;0;1;0;0;0;
EBT;UF;3156106;4.0000;1;0;0;0;1;0;
EBT;UF;3156304;4.0000;1;0;0;0;1;0;
EBT;UF;3156700;32.0000;8;0;0;2;6;0;
EBT;UF;3156809;2.0000;1;0;0;1;0;0;
EBT;UF;3156908;50.0000;4;0;0;1;3;0;
EBT;UF;3157203;2.1250;2;0;1;1;0;0;
EBT;UF;3157807;82.2500;21;0;1;9;11;0;
EBT;UF;3158003;24.0000;3;0;0;0;3;0;
EBT;UF;3158201;2.0000;1;0;0;1;0;0;
EBT;UF;3158953;18.0000;4;0;0;1;3;0;
EBT;UF;3159605;78.7500;15;0;2;6;7;0;
EBT;UF;3159902;8.0000;1;0;0;0;1;0;
EBT;UF;3160405;2.0000;1;0;0;1;0;0;
EBT;UF;3161007;8.0000;1;0;0;0;1;0;
EBT;UF;3161908;10.0000;2;0;0;1;1;0;
EBT;UF;3162005;4.5000;2;0;1;0;1;0;
EBT;UF;3162500;48.7500;10;0;2;2;6;0;
EBT;UF;3162807;2.0000;1;0;0;1;0;0;
EBT;UF;3162906;8.0000;3;0;0;2;1;0;
EBT;UF;3162922;48.0000;7;0;0;2;5;0;
EBT;UF;3163706;32.1250;9;0;1;3;5;0;
EBT;UF;3164407;0.1250;1;0;1;0;0;0;
EBT;UF;3164704;44.5000;7;0;1;0;6;0;
EBT;UF;3165537;2.2500;2;0;1;1;0;0;
EBT;UF;3166907;2.0000;1;0;0;1;0;0;
EBT;UF;3167202;202.5000;45;0;5;16;24;0;
EBT;UF;3167400;2.0000;1;0;0;1;0;0;
EBT;UF;3168101;26.0000;4;0;0;1;3;0;
EBT;UF;3168408;2.0000;1;0;0;1;0;0;
EBT;UF;3168507;8.0000;1;0;0;0;1;0;
EBT;UF;3168606;22.2500;5;0;1;1;3;0;
EBT;UF;3168705;62.5000;8;0;1;1;6;0;
EBT;UF;3169307;69.0625;13;1;0;6;6;0;
EBT;UF;3169356;4.0000;1;0;0;0;1;0;
EBT;UF;3169406;14.0000;3;0;0;1;2;0;
EBT;UF;3169703;2.0000;1;0;0;1;0;0;
EBT;UF;3169901;46.7500;11;0;2;1;8;0;
EBT;UF;3170057;8.0000;1;0;0;0;1;0;
EBT;UF;3170107;144.8125;35;3;4;12;16;0;
EBT;UF;3170206;378.6250;96;0;13;34;49;0;
EBT;UF;3170404;106.0000;22;0;0;9;13;0;
EBT;UF;3170701;333.0000;33;0;0;13;20;0;
EBT;UF;3170800;4.0000;1;0;0;0;1;0;
EBT;UF;3171204;108.0000;19;0;2;4;13;0;
EBT;UF;3171303;124.0625;12;1;0;6;5;0;
EBT;UF;3171808;2.0000;1;0;0;1;0;0;
EBT;UF;3172004;40.0000;6;0;0;0;6;0;
EBT;UF;3200409;42.6250;6;0;2;1;3;0;
EBT;UF;3200607;37.7500;12;0;3;3;6;0;
EBT;UF;3200805;8.7500;2;0;0;1;1;0;
EBT;UF;3201001;0.0625;1;1;0;0;0;0;
EBT;UF;3201100;34.0000;2;0;0;1;1;0;
EBT;UF;3201209;51.0625;26;1;3;19;3;0;
EBT;UF;3201308;69.4375;26;3;6;8;9;0;
EBT;UF;3201407;3.0000;4;0;3;1;0;0;
EBT;UF;3201506;24.8125;13;1;2;7;3;0;
EBT;UF;3201605;0.7500;2;0;2;0;0;0;
EBT;UF;3201902;32.2500;2;0;1;0;1;0;
EBT;UF;3202405;17.6250;7;0;1;3;3;0;
EBT;UF;3202504;2.2500;2;0;1;1;0;0;
EBT;UF;3202603;2.0000;1;0;0;1;0;0;
EBT;UF;3202801;13.0000;3;0;0;1;2;0;
EBT;UF;3203007;114.0000;5;0;0;0;5;0;
EBT;UF;3203130;6.0000;2;0;0;1;1;0;
EBT;UF;3203205;50.3750;15;0;1;8;6;0;
EBT;UF;3203320;1.5000;2;0;1;1;0;0;
EBT;UF;3203908;2.0000;1;0;0;1;0;0;
EBT;UF;3204054;2.0000;1;0;0;1;0;0;
EBT;UF;3204104;34.2500;2;0;1;0;1;0;
EBT;UF;3204203;1.0000;1;0;0;1;0;0;
EBT;UF;3204401;0.6250;3;2;1;0;0;0;
EBT;UF;3204658;0.5000;1;0;1;0;0;0;
EBT;UF;3204906;11.0000;7;0;2;5;0;0;
EBT;UF;3204955;8.0000;1;0;0;0;1;0;
EBT;UF;3205002;65.0625;37;3;10;19;5;0;
EBT;UF;3205010;2.0000;1;0;0;1;0;0;
EBT;UF;3205069;6.6250;6;0;3;2;1;0;
EBT;UF;3205101;31.2500;7;0;1;2;4;0;
EBT;UF;3205200;87.8125;31;1;10;8;12;0;
EBT;UF;3205309;69.2500;9;0;1;4;4;0;
EBT;UF;3300100;96.2500;13;0;1;3;9;0;
EBT;UF;3300258;12.0000;2;0;0;0;2;0;
EBT;UF;3300308;8.0000;3;0;0;2;1;0;
EBT;UF;3300407;50.6250;20;0;8;2;10;0;
EBT;UF;3300456;4.0000;2;0;0;2;0;0;
EBT;UF;3300704;22.6250;8;0;2;3;3;0;
EBT;UF;3300803;8.0000;3;0;0;2;1;0;
EBT;UF;3301009;55.5625;33;4;13;10;6;0;
EBT;UF;3301207;16.0000;1;0;0;0;1;0;
EBT;UF;3301702;155.9375;53;3;15;17;18;0;
EBT;UF;3301801;20.0000;4;0;0;0;4;0;
EBT;UF;3301900;36.0000;5;0;0;2;3;0;
EBT;UF;3302007;30.0000;6;0;0;1;5;0;
EBT;UF;3302205;13.0000;7;0;3;2;2;0;
EBT;UF;3302254;6.0000;2;0;0;1;1;0;
EBT;UF;3302270;8.1250;2;0;1;0;1;0;
EBT;UF;3302403;75.8750;27;4;5;5;13;0;
EBT;UF;3302502;2.0625;2;1;0;1;0;0;
EBT;UF;3302601;10.5000;4;0;1;1;2;0;
EBT;UF;3302809;4.0000;1;0;0;0;1;0;
EBT;UF;3302858;4.2500;3;0;1;2;0;0;
EBT;UF;3303104;4.0000;1;0;0;0;1;0;
EBT;UF;3303203;6.0000;2;0;0;1;1;0;
EBT;UF;3303302;86.5000;23;0;4;9;10;0;
EBT;UF;3303401;16.0000;4;0;0;0;4;0;
EBT;UF;3303500;42.3750;20;0;8;6;6;0;
EBT;UF;3303906;20.0000;5;0;0;2;3;0;
EBT;UF;3304003;16.2500;4;0;1;0;3;0;
EBT;UF;3304110;20.0000;4;0;0;2;2;0;
EBT;UF;3304144;24.0000;4;0;0;0;4;0;
EBT;UF;3304151;16.0000;1;0;0;0;1;0;
EBT;UF;3304201;80.7500;16;0;3;4;9;0;
EBT;UF;3304524;3.0000;2;0;0;2;0;0;
EBT;UF;3304557;2554.1875;400;26;95;95;179;5;
EBT;UF;3304706;4.0000;1;0;0;0;1;0;
EBT;UF;3304904;40.6875;16;1;3;5;7;0;
EBT;UF;3305000;32.0000;6;0;0;3;3;0;
EBT;UF;3305109;17.2500;6;0;3;0;3;0;
EBT;UF;3305208;20.0000;3;0;0;0;3;0;
EBT;UF;3305406;8.0000;1;0;0;0;1;0;
EBT;UF;3305554;6.1250;3;0;1;1;1;0;
EBT;UF;3306008;4.0000;1;0;0;0;1;0;
EBT;UF;3306107;26.0000;5;0;0;3;2;0;
EBT;UF;3306206;2.0000;1;0;0;1;0;0;
EBT;UF;3306305;20.7500;8;0;2;2;4;0;
EBT;UF;3500303;4.0000;1;0;0;0;1;0;
EBT;UF;3500501;2.0000;1;0;0;1;0;0;
EBT;UF;3500550;6.0000;2;0;0;1;1;0;
EBT;UF;3500709;8.0000;1;0;0;0;1;0;
EBT;UF;3501152;2.0000;1;0;0;1;0;0;
EBT;UF;3501301;32.2500;2;0;1;0;1;0;
EBT;UF;3501608;170.2500;25;0;1;8;16;0;
EBT;UF;3501707;4.2500;3;0;1;2;0;0;
EBT;UF;3501905;46.0000;7;0;0;1;6;0;
EBT;UF;3502101;8.0000;1;0;0;0;1;0;
EBT;UF;3502200;4.0000;1;0;0;0;1;0;
EBT;UF;3502754;12.5000;4;0;2;0;2;0;
EBT;UF;3502804;28.0000;8;0;0;4;4;0;
EBT;UF;3502903;4.0000;1;0;0;0;1;0;
EBT;UF;3503208;165.4375;42;1;5;10;26;0;
EBT;UF;3503307;150.0000;18;0;0;1;17;0;
EBT;UF;3503406;10.0000;2;0;0;1;1;0;
EBT;UF;3503703;16.0000;2;0;0;0;2;0;
EBT;UF;3503802;12.0000;2;0;0;0;2;0;
EBT;UF;3503901;14.0000;5;0;0;3;2;0;
EBT;UF;3504008;8.5000;4;0;1;2;1;0;
EBT;UF;3504107;30.5000;8;0;1;1;6;0;
EBT;UF;3505302;8.5000;4;0;1;2;1;0;
EBT;UF;3505500;18.2500;6;0;1;3;2;0;
EBT;UF;3505708;595.0000;91;10;15;19;46;1;
EBT;UF;3505906;12.0000;3;0;0;0;3;0;
EBT;UF;3506003;55.8750;20;0;6;5;9;0;
EBT;UF;3506102;40.3750;11;0;2;2;7;0;
EBT;UF;3506359;6.0000;2;0;0;1;1;0;
EBT;UF;3506508;4.0000;1;0;0;0;1;0;
EBT;UF;3506607;8.0000;1;0;0;0;1;0;
EBT;UF;3507001;28.2500;5;0;1;0;4;0;
EBT;UF;3507506;489.3750;11;0;2;2;4;3;
EBT;UF;3507605;62.0000;13;0;0;3;10;0;
EBT;UF;3507753;0.5000;1;0;1;0;0;0;
EBT;UF;3507902;2.0000;1;0;0;1;0;0;
EBT;UF;3508504;62.3125;10;1;1;3;5;0;
EBT;UF;3509007;4.2500;2;0;1;0;1;0;
EBT;UF;3509205;136.0000;22;0;0;6;16;0;
EBT;UF;3509502;600.3750;104;2;6;28;68;0;
EBT;UF;3509601;8.0000;1;0;0;0;1;0;
EBT;UF;3509700;8.0000;1;0;0;0;1;0;
EBT;UF;3510153;3.0000;2;0;0;2;0;0;
EBT;UF;3510203;2.0000;1;0;0;1;0;0;
EBT;UF;3510401;6.0000;2;0;0;1;1;0;
EBT;UF;3510609;22.0000;5;0;0;1;4;0;
EBT;UF;3510807;18.0000;3;0;0;1;2;0;
EBT;UF;3511102;47.0000;10;0;0;2;8;0;
EBT;UF;3511508;0.2500;1;0;1;0;0;0;
EBT;UF;3511607;16.0000;1;0;0;0;1;0;
EBT;UF;3512001;6.0000;2;0;0;1;1;0;
EBT;UF;3512100;4.0000;1;0;0;0;1;0;
EBT;UF;3512209;4.0000;1;0;0;0;1;0;
EBT;UF;3512407;26.0000;7;0;0;1;6;0;
EBT;UF;3512803;12.0000;4;0;0;2;2;0;
EBT;UF;3513009;97.2500;16;0;1;1;14;0;
EBT;UF;3513108;22.0000;3;0;0;1;2;0;
EBT;UF;3513405;22.0000;3;0;0;1;2;0;
EBT;UF;3513504;421.0000;24;0;0;7;16;1;
EBT;UF;3513702;14.2500;4;0;1;1;2;0;
EBT;UF;3513801;160.0000;23;0;0;3;20;0;
EBT;UF;3514106;8.0000;1;0;0;0;1;0;
EBT;UF;3514403;4.0000;1;0;0;0;1;0;
EBT;UF;3514809;8.0000;1;0;0;0;1;0;
EBT;UF;3514908;2.0000;1;0;0;1;0;0;
EBT;UF;3515004;98.0000;18;0;0;7;11;0;
EBT;UF;3515103;18.0000;4;0;0;1;3;0;
EBT;UF;3515152;14.0000;4;0;0;3;1;0;
EBT;UF;3515186;14.0000;3;0;0;1;2;0;
EBT;UF;3515202;2.0000;1;0;0;1;0;0;
EBT;UF;3515509;12.0000;4;0;0;2;2;0;
EBT;UF;3515707;4.0000;1;0;0;0;1;0;
EBT;UF;3516200;56.3750;17;0;2;6;9;0;
EBT;UF;3516408;14.0000;3;0;0;1;2;0;
EBT;UF;3516705;22.0000;4;0;0;1;3;0;
EBT;UF;3516853;322.2500;6;0;1;2;1;2;
EBT;UF;3517109;4.0000;1;0;0;0;1;0;
EBT;UF;3517208;2.0000;1;0;0;1;0;0;
EBT;UF;3517406;6.0000;3;0;0;3;0;0;
EBT;UF;3517703;14.0000;3;0;0;1;2;0;
EBT;UF;3518206;16.0000;2;0;0;0;2;0;
EBT;UF;3518305;12.0000;2;0;0;0;2;0;
EBT;UF;3518404;143.0000;17;0;4;5;8;0;
EBT;UF;3518602;10.4375;3;0;1;1;1;0;
EBT;UF;3518701;164.5000;18;0;1;4;13;0;
EBT;UF;3518800;721.2500;139;0;16;31;92;0;
EBT;UF;3519055;4.0000;1;0;0;0;1;0;
EBT;UF;3519071;116.0000;15;0;0;0;15;0;
EBT;UF;3519303;1.1250;2;0;1;1;0;0;
EBT;UF;3519600;13.0000;5;0;2;2;1;0;
EBT;UF;3519808;4.0000;2;0;0;2;0;0;
EBT;UF;3520103;2.0000;1;0;0;1;0;0;
EBT;UF;3520509;395.0000;33;0;0;5;27;1;
EBT;UF;3520905;2.0000;1;0;0;1;0;0;
EBT;UF;3521002;12.0000;2;0;0;0;2;0;
EBT;UF;3521200;0.0625;1;1;0;0;0;0;
EBT;UF;3521309;2.0000;1;0;0;1;0;0;
EBT;UF;3521408;8.0000;2;0;0;0;2;0;
EBT;UF;3522208;22.1250;4;0;1;1;2;0;
EBT;UF;3522307;34.2500;9;0;1;1;7;0;
EBT;UF;3522505;53.0000;7;0;0;1;6;0;
EBT;UF;3522604;8.0000;2;0;0;0;2;0;
EBT;UF;3522703;6.0000;2;0;0;1;1;0;
EBT;UF;3522901;2.0000;1;0;0;1;0;0;
EBT;UF;3523008;4.0000;1;0;0;0;1;0;
EBT;UF;3523107;30.2500;11;0;1;5;5;0;
EBT;UF;3523404;66.0000;10;0;0;2;8;0;
EBT;UF;3523602;16.0000;4;0;0;0;4;0;
EBT;UF;3523909;140.0000;27;0;0;9;18;0;
EBT;UF;3524006;62.0000;9;0;0;1;8;0;
EBT;UF;3524105;8.0000;2;0;0;0;2;0;
EBT;UF;3524303;14.0000;4;0;0;1;3;0;
EBT;UF;3524402;73.5625;14;1;1;5;7;0;
EBT;UF;3524709;102.2500;17;0;1;2;14;0;
EBT;UF;3525003;60.2500;8;0;1;0;7;0;
EBT;UF;3525102;4.0625;2;1;0;0;1;0;
EBT;UF;3525300;48.0000;3;0;0;0;3;0;
EBT;UF;3525904;419.5000;74;0;1;16;57;0;
EBT;UF;3526001;8.0000;1;0;0;0;1;0;
EBT;UF;3526100;4.5000;2;0;1;0;1;0;
EBT;UF;3526407;4.0000;1;0;0;0;1;0;
EBT;UF;3526704;12.0000;2;0;0;0;2;0;
EBT;UF;3526803;165.0000;5;0;0;3;1;1;
EBT;UF;3526902;130.2500;29;0;1;7;21;0;
EBT;UF;3527108;192.0000;15;0;0;2;13;0;
EBT;UF;3527207;34.0000;6;0;0;1;5;0;
EBT;UF;3527306;152.0000;10;0;0;0;10;0;
EBT;UF;3527603;18.0000;3;0;0;1;2;0;
EBT;UF;3528403;10.0000;2;0;0;1;1;0;
EBT;UF;3528502;38.0000;2;0;0;0;2;0;
EBT;UF;3528809;8.0000;1;0;0;0;1;0;
EBT;UF;3529005;79.5000;15;2;2;4;7;0;
EBT;UF;3529302;50.0000;8;0;0;1;7;0;
EBT;UF;3529401;116.6250;18;0;2;4;12;0;
EBT;UF;3529609;4.0000;1;0;0;0;1;0;
EBT;UF;3530102;4.0000;1;0;0;0;1;0;
EBT;UF;3530201;8.0000;1;0;0;0;1;0;
EBT;UF;3530300;12.2500;4;0;1;2;1;0;
EBT;UF;3530508;8.5000;2;0;1;0;1;0;
EBT;UF;3530607;395.7500;34;0;3;9;21;1;
EBT;UF;3530706;94.0000;9;0;0;3;6;0;
EBT;UF;3530805;40.0000;9;0;0;4;5;0;
EBT;UF;3531209;4.0000;1;0;0;0;1;0;
EBT;UF;3531308;205.0000;5;0;0;1;3;1;
EBT;UF;3531803;86.0000;5;0;0;0;5;0;
EBT;UF;3531902;4.0000;1;0;0;0;1;0;
EBT;UF;3532009;8.0000;2;0;0;0;2;0;
EBT;UF;3532058;8.0000;1;0;0;0;1;0;
EBT;UF;3532801;4.0000;1;0;0;0;1;0;
EBT;UF;3532900;8.0000;2;0;0;0;2;0;
EBT;UF;3533007;8.0000;1;0;0;0;1;0;
EBT;UF;3533403;36.0000;7;0;0;2;5;0;
EBT;UF;3533601;4.0000;1;0;0;0;1;0;
EBT;UF;3533908;16.0000;2;0;0;0;2;0;
EBT;UF;3534302;8.0000;1;0;0;0;1;0;
EBT;UF;3534401;536.5000;50;0;8;8;32;2;
EBT;UF;3534708;14.0000;5;0;0;3;2;0;
EBT;UF;3534757;2.0000;1;0;0;1;0;0;
EBT;UF;3535309;2.0000;1;0;0;1;0;0;
EBT;UF;3535507;48.0000;4;0;0;0;4;0;
EBT;UF;3535705;8.0000;1;0;0;0;1;0;
EBT;UF;3536000;2.0000;1;0;0;1;0;0;
EBT;UF;3536307;6.5000;3;0;1;1;1;0;
EBT;UF;3536505;234.5000;38;0;1;4;33;0;
EBT;UF;3536703;14.0000;3;0;0;1;2;0;
EBT;UF;3537305;18.3750;5;0;1;1;3;0;
EBT;UF;3538006;82.0000;12;0;0;3;9;0;
EBT;UF;3538600;4.0000;1;0;0;0;1;0;
EBT;UF;3538709;512.0000;43;0;0;8;34;1;
EBT;UF;3538808;10.0000;2;0;0;1;1;0;
EBT;UF;3539004;2.0000;1;0;0;1;0;0;
EBT;UF;3539103;8.0000;1;0;0;0;1;0;
EBT;UF;3539301;16.0000;4;0;0;0;4;0;
EBT;UF;3539509;13.0000;3;0;0;1;2;0;
EBT;UF;3539608;4.0000;1;0;0;0;1;0;
EBT;UF;3539806;22.7500;7;0;2;1;4;0;
EBT;UF;3540002;56.0000;3;0;0;0;3;0;
EBT;UF;3540200;4.0000;1;0;0;0;1;0;
EBT;UF;3540705;1.0000;1;0;0;1;0;0;
EBT;UF;3540804;4.0000;1;0;0;0;1;0;
EBT;UF;3541000;60.2500;9;0;1;3;5;0;
EBT;UF;3541208;8.0000;1;0;0;0;1;0;
EBT;UF;3541307;0.5000;1;0;1;0;0;0;
EBT;UF;3541406;18.2500;5;0;1;1;3;0;
EBT;UF;3541604;38.0000;4;0;0;1;3;0;
EBT;UF;3542107;8.0000;1;0;0;0;1;0;
EBT;UF;3542404;5.1250;5;0;4;0;1;0;
EBT;UF;3542602;12.0000;2;0;0;0;2;0;
EBT;UF;3543303;16.0000;2;0;0;0;2;0;
EBT;UF;3543402;297.8750;72;4;9;19;40;0;
EBT;UF;3543907;116.7500;22;0;2;4;16;0;
EBT;UF;3544004;3.0000;2;0;0;2;0;0;
EBT;UF;3544251;10.0000;2;0;0;1;1;0;
EBT;UF;3545001;4.0000;1;0;0;0;1;0;
EBT;UF;3545209;53.2500;13;0;1;5;7;0;
EBT;UF;3545704;4.0000;1;0;0;0;1;0;
EBT;UF;3545803;58.5000;14;0;1;3;10;0;
EBT;UF;3546306;8.0000;2;0;0;0;2;0;
EBT;UF;3546405;12.2500;5;0;1;2;2;0;
EBT;UF;3546603;4.0625;2;1;0;0;1;0;
EBT;UF;3546702;16.0000;4;0;0;2;2;0;
EBT;UF;3546801;2.0000;1;0;0;1;0;0;
EBT;UF;3547304;69.0000;12;0;2;4;6;0;
EBT;UF;3547502;6.2500;3;0;1;1;1;0;
EBT;UF;3547601;10.2500;4;0;1;1;2;0;
EBT;UF;3547809;201.7500;29;0;2;8;19;0;
EBT;UF;3548005;10.0000;3;0;0;1;2;0;
EBT;UF;3548500;138.0000;35;0;3;11;21;0;
EBT;UF;3548708;403.1250;56;0;1;10;45;0;
EBT;UF;3548807;62.0000;9;0;0;3;6;0;
EBT;UF;3548906;122.3125;30;1;1;11;17;0;
EBT;UF;3549102;64.0625;9;1;0;2;6;0;
EBT;UF;3549409;2.0000;1;0;0;1;0;0;
EBT;UF;3549706;4.0000;1;0;0;0;1;0;
EBT;UF;3549805;41.1250;14;0;1;7;6;0;
EBT;UF;3549904;380.6875;38;5;5;7;20;1;
EBT;UF;3549953;8.0000;1;0;0;0;1;0;
EBT;UF;3550100;6.2500;3;0;1;1;1;0;
EBT;UF;3550209;2.0000;1;0;0;1;0;0;
EBT;UF;3550308;6188.7500;857;12;86;202;551;6;
EBT;UF;3550605;14.0000;3;0;0;1;2;0;
EBT;UF;3550803;12.0000;2;0;0;0;2;0;
EBT;UF;3550902;2.0000;1;0;0;1;0;0;
EBT;UF;3551009;18.0000;4;0;0;1;3;0;
EBT;UF;3551306;4.0000;1;0;0;0;1;0;
EBT;UF;3551504;2.0000;1;0;0;1;0;0;
EBT;UF;3551603;4.0000;2;0;0;2;0;0;
EBT;UF;3551702;134.5625;23;1;1;8;13;0;
EBT;UF;3552205;223.2500;48;4;5;10;29;0;
EBT;UF;3552403;160.7500;30;0;3;4;23;0;
EBT;UF;3552502;83.7500;13;0;2;3;8;0;
EBT;UF;3552551;2.0000;1;0;0;1;0;0;
EBT;UF;3552700;2.0000;1;0;0;1;0;0;
EBT;UF;3552809;281.2500;14;0;1;3;9;1;
EBT;UF;3553302;8.0000;1;0;0;0;1;0;
EBT;UF;3553401;2.0000;1;0;0;1;0;0;
EBT;UF;3553609;12.0000;2;0;0;0;2;0;
EBT;UF;3553708;8.0000;1;0;0;0;1;0;
EBT;UF;3553906;4.0000;1;0;0;0;1;0;
EBT;UF;3553955;32.0000;1;0;0;0;1;0;
EBT;UF;3554003;36.0000;8;0;0;2;6;0;
EBT;UF;3554102;106.1875;17;1;1;5;10;0;
EBT;UF;3554508;4.0000;2;0;0;2;0;0;
EBT;UF;3554805;4.2500;2;0;1;0;1;0;
EBT;UF;3555000;2.0000;1;0;0;1;0;0;
EBT;UF;3555604;4.0000;2;0;0;2;0;0;
EBT;UF;3556206;140.0000;12;0;0;1;11;0;
EBT;UF;3556305;16.0000;2;0;0;0;2;0;
EBT;UF;3556453;16.0000;2;0;0;0;2;0;
EBT;UF;3556503;28.0000;4;0;0;0;4;0;
EBT;UF;3556701;130.2500;22;0;1;5;16;0;
EBT;UF;3557006;28.0000;5;0;0;0;5;0;
EBT;UF;3557105;2.0000;1;0;0;1;0;0;
EBT;UF;4100400;0.5000;2;0;2;0;0;0;
EBT;UF;4101408;13.0000;4;0;0;3;1;0;
EBT;UF;4101507;34.0000;7;0;0;1;6;0;
EBT;UF;4101606;12.0000;2;0;0;0;2;0;
EBT;UF;4101804;87.0000;14;0;0;5;9;0;
EBT;UF;4102307;4.5000;2;0;1;0;1;0;
EBT;UF;4103701;28.0000;7;0;0;4;3;0;
EBT;UF;4104006;16.0000;4;0;0;0;4;0;
EBT;UF;4104204;38.0000;9;0;0;3;6;0;
EBT;UF;4104303;52.5000;7;0;2;2;3;0;
EBT;UF;4104659;28.9375;9;1;3;2;3;0;
EBT;UF;4104808;70.5000;11;0;1;4;6;0;
EBT;UF;4104907;14.5000;4;0;1;1;2;0;
EBT;UF;4105805;39.0000;9;0;0;4;5;0;
EBT;UF;4106902;848.0000;118;0;5;20;92;1;
EBT;UF;4107652;8.0000;1;0;0;0;1;0;
EBT;UF;4108304;74.0000;9;0;0;2;7;0;
EBT;UF;4109401;4.0000;2;0;0;2;0;0;
EBT;UF;4109609;4.0000;1;0;0;0;1;0;
EBT;UF;4109807;6.2500;4;0;1;3;0;0;
EBT;UF;4110102;46.0000;3;0;0;0;3;0;
EBT;UF;4110706;4.0000;1;0;0;0;1;0;
EBT;UF;4111803;8.0000;2;0;0;0;2;0;
EBT;UF;4113007;4.0000;1;0;0;0;1;0;
EBT;UF;4113205;1.0000;2;0;2;0;0;0;
EBT;UF;4113700;38.0000;10;0;0;3;7;0;
EBT;UF;4115200;53.0000;11;0;0;3;8;0;
EBT;UF;4115804;0.0625;1;1;0;0;0;0;
EBT;UF;4116604;4.0000;1;0;0;0;1;0;
EBT;UF;4118204;8.0000;2;0;0;0;2;0;
EBT;UF;4118402;1.2500;2;0;1;1;0;0;
EBT;UF;4118501;4.0000;1;0;0;0;1;0;
EBT;UF;4119152;26.0000;6;0;0;1;5;0;
EBT;UF;4119509;0.0625;1;1;0;0;0;0;
EBT;UF;4119905;23.5000;6;0;1;2;3;0;
EBT;UF;4120804;24.2500;5;0;1;0;4;0;
EBT;UF;4122206;20.0000;3;0;0;0;3;0;
EBT;UF;4122404;6.0000;2;0;0;1;1;0;
EBT;UF;4124020;4.0000;1;0;0;0;1;0;
EBT;UF;4125506;110.7500;21;0;0;4;17;0;
EBT;UF;4127106;8.0000;3;0;0;2;1;0;
EBT;UF;4127304;0.2500;1;0;1;0;0;0;
EBT;UF;4127601;8.0000;1;0;0;0;1;0;
EBT;UF;4127700;10.0000;4;0;0;3;1;0;
EBT;UF;4128104;12.0000;4;0;0;2;2;0;
EBT;UF;4128401;1.0000;1;0;0;1;0;0;
EBT;UF;4128708;6.0000;2;0;0;1;1;0;
EBT;UF;4201307;8.0000;3;0;0;2;1;0;
EBT;UF;4201406;40.5000;8;0;1;2;5;0;
EBT;UF;4202008;16.0000;2;0;0;0;2;0;
EBT;UF;4202107;2.0000;1;0;0;1;0;0;
EBT;UF;4202305;12.0625;6;1;0;4;1;0;
EBT;UF;4202404;354.2500;42;0;5;17;19;1;
EBT;UF;4202800;40.5000;6;0;2;2;2;0;
EBT;UF;4202909;50.0625;15;1;0;9;5;0;
EBT;UF;4203006;36.5000;8;0;1;2;5;0;
EBT;UF;4203204;6.0000;2;0;0;1;1;0;
EBT;UF;4203907;8.0000;2;0;0;0;2;0;
EBT;UF;4203956;4.0000;1;0;0;0;1;0;
EBT;UF;4204202;57.2500;15;0;1;5;9;0;
EBT;UF;4204251;4.5000;2;0;1;0;1;0;
EBT;UF;4204301;130.0000;12;0;0;3;9;0;
EBT;UF;4204558;48.0000;5;0;0;2;3;0;
EBT;UF;4204608;167.0000;23;0;3;7;13;0;
EBT;UF;4204806;8.0000;1;0;0;0;1;0;
EBT;UF;4205308;4.0000;1;0;0;0;1;0;
EBT;UF;4205407;212.1250;39;0;4;12;23;0;
EBT;UF;4205456;1.7500;3;0;2;1;0;0;
EBT;UF;4205506;4.0000;1;0;0;0;1;0;
EBT;UF;4205704;32.0000;1;0;0;0;1;0;
EBT;UF;4205902;18.0000;5;0;0;3;2;0;
EBT;UF;4206207;0.0625;1;1;0;0;0;0;
EBT;UF;4206504;6.0000;3;0;0;3;0;0;
EBT;UF;4206702;4.0000;1;0;0;0;1;0;
EBT;UF;4207007;13.0000;7;0;0;6;1;0;
EBT;UF;4207304;14.0000;3;0;0;1;2;0;
EBT;UF;4207502;15.0000;4;0;0;2;2;0;
EBT;UF;4208104;4.0000;1;0;0;0;1;0;
EBT;UF;4208203;169.5000;29;0;1;7;21;0;
EBT;UF;4208807;4.2500;3;0;1;2;0;0;
EBT;UF;4208906;56.1250;13;0;1;2;10;0;
EBT;UF;4209003;24.0000;5;0;0;0;5;0;
EBT;UF;4209102;138.7500;22;0;2;3;17;0;
EBT;UF;4209300;68.0000;10;0;0;3;7;0;
EBT;UF;4209409;10.0000;2;0;0;1;1;0;
EBT;UF;4210100;48.0000;4;0;0;0;4;0;
EBT;UF;4210605;2.0000;1;0;0;1;0;0;
EBT;UF;4211207;6.0000;3;0;0;2;1;0;
EBT;UF;4211306;6.0000;3;0;0;3;0;0;
EBT;UF;4211603;36.0000;2;0;0;0;2;0;
EBT;UF;4211900;57.5000;17;0;1;12;4;0;
EBT;UF;4212908;2.0000;1;0;0;1;0;0;
EBT;UF;4213203;72.0000;9;0;0;2;7;0;
EBT;UF;4215000;50.0000;11;0;0;7;4;0;
EBT;UF;4215505;2.0000;1;0;0;1;0;0;
EBT;UF;4215802;26.0000;7;0;0;3;4;0;
EBT;UF;4216206;28.0000;6;0;0;2;4;0;
EBT;UF;4216602;161.5000;4;0;1;1;1;1;
EBT;UF;4217006;64.0000;2;0;0;0;2;0;
EBT;UF;4217402;4.0000;1;0;0;0;1;0;
EBT;UF;4217501;8.0000;1;0;0;0;1;0;
EBT;UF;4217600;6.0000;2;0;0;1;1;0;
EBT;UF;4217709;4.0000;1;0;0;0;1;0;
EBT;UF;4218004;34.5000;9;0;1;3;5;0;
EBT;UF;4218202;2.0000;1;0;0;1;0;0;
EBT;UF;4218509;2.0000;1;0;0;1;0;0;
EBT;UF;4218707;33.0000;8;0;0;3;5;0;
EBT;UF;4218905;2.0000;1;0;0;1;0;0;
EBT;UF;4219309;34.0000;7;0;0;3;4;0;
EBT;UF;4219507;8.0000;1;0;0;0;1;0;
EBT;UF;4300604;20.2500;6;0;1;2;3;0;
EBT;UF;4301008;8.0000;1;0;0;0;1;0;
EBT;UF;4301958;2.0000;1;0;0;1;0;0;
EBT;UF;4302105;124.0000;23;0;0;2;21;0;
EBT;UF;4302352;2.0000;1;0;0;1;0;0;
EBT;UF;4302402;4.0000;1;0;0;0;1;0;
EBT;UF;4302709;2.0000;2;0;0;2;0;0;
EBT;UF;4303103;60.6250;15;0;2;4;9;0;
EBT;UF;4303509;6.7500;4;0;2;1;1;0;
EBT;UF;4303905;82.0000;14;0;0;1;13;0;
EBT;UF;4304408;24.0000;3;0;0;0;3;0;
EBT;UF;4304606;322.3125;66;1;6;15;44;0;
EBT;UF;4304705;27.2500;8;0;1;2;5;0;
EBT;UF;4304804;34.0000;5;0;0;1;4;0;
EBT;UF;4305108;375.7500;70;0;2;6;62;0;
EBT;UF;4305306;16.0000;3;0;0;0;3;0;
EBT;UF;4305355;9.0000;2;0;0;1;1;0;
EBT;UF;4306106;24.0000;3;0;0;0;3;0;
EBT;UF;4306403;48.0000;5;0;0;0;5;0;
EBT;UF;4306767;74.0625;6;1;0;1;4;0;
EBT;UF;4307005;77.0000;19;0;0;7;12;0;
EBT;UF;4307203;34.0000;1;0;0;0;1;0;
EBT;UF;4307559;4.0000;1;0;0;0;1;0;
EBT;UF;4307609;20.0000;4;0;0;2;2;0;
EBT;UF;4307708;54.5625;20;1;1;11;7;0;
EBT;UF;4307807;44.0000;10;0;0;4;6;0;
EBT;UF;4307906;56.0000;10;0;0;0;10;0;
EBT;UF;4308078;4.0000;1;0;0;0;1;0;
EBT;UF;4308102;4.0000;1;0;0;0;1;0;
EBT;UF;4308201;14.0000;4;0;0;1;3;0;
EBT;UF;4308607;12.0000;2;0;0;0;2;0;
EBT;UF;4308904;2.0000;1;0;0;1;0;0;
EBT;UF;4309050;3.0000;2;0;0;2;0;0;
EBT;UF;4309100;40.0000;6;0;0;0;6;0;
EBT;UF;4309209;199.0000;42;0;2;11;29;0;
EBT;UF;4309308;34.6250;9;0;2;2;5;0;
EBT;UF;4309407;18.0000;4;0;0;1;3;0;
EBT;UF;4309605;4.0000;1;0;0;0;1;0;
EBT;UF;4310009;25.0000;3;0;0;1;2;0;
EBT;UF;4310108;20.0000;3;0;0;0;3;0;
EBT;UF;4310207;79.0000;21;0;0;12;9;0;
EBT;UF;4310405;4.0000;1;0;0;0;1;0;
EBT;UF;4310439;0.1250;1;0;1;0;0;0;
EBT;UF;4310801;20.0000;5;0;0;2;3;0;
EBT;UF;4311403;46.5000;11;0;1;3;7;0;
EBT;UF;4311627;8.0000;1;0;0;0;1;0;
EBT;UF;4311809;13.0000;5;0;0;3;2;0;
EBT;UF;4312138;2.0000;1;0;0;1;0;0;
EBT;UF;4312401;70.5000;22;0;2;9;11;0;
EBT;UF;4312476;4.0000;1;0;0;0;1;0;
EBT;UF;4312658;16.0000;2;0;0;0;2;0;
EBT;UF;4312906;10.0000;3;0;0;1;2;0;
EBT;UF;4313060;10.0000;2;0;0;1;1;0;
EBT;UF;4313201;14.0000;3;0;0;1;2;0;
EBT;UF;4313300;27.0000;6;0;0;2;4;0;
EBT;UF;4313375;21.0000;4;0;0;1;3;0;
EBT;UF;4313409;138.5000;38;0;1;15;22;0;
EBT;UF;4313904;58.6250;10;0;2;1;7;0;
EBT;UF;4314050;12.0000;2;0;0;0;2;0;
EBT;UF;4314100;64.7500;16;0;2;0;14;0;
EBT;UF;4314407;54.5000;15;0;1;7;7;0;
EBT;UF;4314803;16.0000;3;0;0;0;3;0;
EBT;UF;4314902;962.5625;164;7;12;30;114;1;
EBT;UF;4315602;88.5000;18;0;1;7;10;0;
EBT;UF;4315701;4.0000;1;0;0;0;1;0;
EBT;UF;4316709;4.2500;2;0;1;0;1;0;
EBT;UF;4316808;108.1250;25;0;1;8;16;0;
EBT;UF;4316907;62.1250;14;0;1;3;10;0;
EBT;UF;4317202;56.0000;11;0;0;4;7;0;
EBT;UF;4317509;58.0000;12;0;0;3;9;0;
EBT;UF;4317608;2.0000;1;0;0;1;0;0;
EBT;UF;4317905;18.0000;3;0;0;1;2;0;
EBT;UF;4318408;2.0000;1;0;0;1;0;0;
EBT;UF;4318481;2.0000;1;0;0;1;0;0;
EBT;UF;4318705;124.1250;26;0;1;10;15;0;
EBT;UF;4319000;68.0000;3;0;0;0;3;0;
EBT;UF;4319505;4.0000;1;0;0;0;1;0;
EBT;UF;4319802;2.0000;1;0;0;1;0;0;
EBT;UF;4319901;31.0000;11;0;0;8;3;0;
EBT;UF;4320008;92.5000;13;0;1;1;11;0;
EBT;UF;4320107;38.0000;3;0;0;1;2;0;
EBT;UF;4320404;38.0000;2;0;0;0;2;0;
EBT;UF;4321105;4.0000;1;0;0;0;1;0;
EBT;UF;4321204;2.0000;1;0;0;1;0;0;
EBT;UF;4321303;32.0000;4;0;0;0;4;0;
EBT;UF;4321436;4.0000;1;0;0;0;1;0;
EBT;UF;4321451;173.0000;3;0;0;1;1;1;
EBT;UF;4321501;4.0000;1;0;0;0;1;0;
EBT;UF;4321808;8.0000;2;0;0;0;2;0;
EBT;UF;4322004;136.2500;19;1;1;7;10;0;
EBT;UF;4322251;5.0000;2;0;0;1;1;0;
EBT;UF;4322301;4.0000;1;0;0;0;1;0;
EBT;UF;4322400;39.5000;13;0;2;6;5;0;
EBT;UF;4322509;48.0000;10;0;0;2;8;0;
EBT;UF;4322608;136.2500;22;0;1;8;13;0;
EBT;UF;4322707;11.0000;5;0;0;4;1;0;
EBT;UF;4322806;24.0000;5;0;0;0;5;0;
EBT;UF;4323002;26.0000;6;0;0;1;5;0;
EBT;UF;4323309;8.0000;1;0;0;0;1;0;
EBT;UF;4323804;8.0000;1;0;0;0;1;0;
EBT;UF;5000203;8.0000;2;0;0;0;2;0;
EBT;UF;5000609;2.0000;1;0;0;1;0;0;
EBT;UF;5000856;2.0000;1;0;0;1;0;0;
EBT;UF;5001003;2.0000;2;0;0;2;0;0;
EBT;UF;5001904;24.2500;4;0;1;0;3;0;
EBT;UF;5002407;2.0000;1;0;0;1;0;0;
EBT;UF;5002704;472.5625;69;5;6;23;35;0;
EBT;UF;5003207;2.2500;2;0;1;1;0;0;
EBT;UF;5003306;26.0000;6;0;0;3;3;0;
EBT;UF;5003504;1.0000;1;0;0;1;0;0;
EBT;UF;5003702;36.7500;11;0;2;4;5;0;
EBT;UF;5005707;4.2500;2;0;1;0;1;0;
EBT;UF;5006002;12.5000;4;0;1;2;1;0;
EBT;UF;5006309;9.5000;3;0;1;1;1;0;
EBT;UF;5007109;8.0000;1;0;0;0;1;0;
EBT;UF;5007208;10.2500;5;0;1;3;1;0;
EBT;UF;5007802;1.0000;1;0;0;1;0;0;
EBT;UF;5007901;41.2500;4;0;1;1;2;0;
EBT;UF;5008305;85.8750;32;2;4;18;8;0;
EBT;UF;5100102;2.0000;1;0;0;1;0;0;
EBT;UF;5100300;1.5000;3;0;3;0;0;0;
EBT;UF;5100409;8.0000;2;0;0;0;2;0;
EBT;UF;5101803;12.0000;4;0;0;2;2;0;
EBT;UF;5102504;22.7500;13;0;3;9;1;0;
EBT;UF;5103007;2.0000;1;0;0;1;0;0;
EBT;UF;5103403;267.5625;78;1;19;24;34;0;
EBT;UF;5104609;4.7500;6;0;4;2;0;0;
EBT;UF;5104807;2.0000;1;0;0;1;0;0;
EBT;UF;5105259;3.5000;4;0;3;1;0;0;
EBT;UF;5105622;21.5000;9;0;3;4;2;0;
EBT;UF;5106372;3.5000;4;0;1;3;0;0;
EBT;UF;5106752;2.2500;2;0;1;1;0;0;
EBT;UF;5107107;32.0000;2;0;0;0;2;0;
EBT;UF;5107198;2.0000;1;0;0;1;0;0;
EBT;UF;5107602;69.5625;33;1;4;21;7;0;
EBT;UF;5107800;8.0000;2;0;0;0;2;0;
EBT;UF;5107909;20.2500;7;0;1;4;2;0;
EBT;UF;5107958;4.0000;1;0;0;0;1;0;
EBT;UF;5108402;82.5000;29;0;1;19;9;0;
EBT;UF;5200050;4.0000;1;0;0;0;1;0;
EBT;UF;5200134;2.0000;1;0;0;1;0;0;
EBT;UF;5200308;19.0000;5;0;0;2;3;0;
EBT;UF;5201108;179.5000;50;0;3;18;29;0;
EBT;UF;5201405;226.5625;57;3;4;19;31;0;
EBT;UF;5203302;25.0000;5;0;0;1;4;0;
EBT;UF;5204854;2.0000;1;0;0;1;0;0;
EBT;UF;5205109;58.2500;14;0;3;3;8;0;
EBT;UF;5205406;2.0000;1;0;0;1;0;0;
EBT;UF;5205455;6.5000;3;0;1;1;1;0;
EBT;UF;5205497;8.0000;1;0;0;0;1;0;
EBT;UF;5206206;14.5000;5;0;1;1;3;0;
EBT;UF;5208707;725.9375;152;1;7;38;106;0;
EBT;UF;5208806;24.0000;6;0;0;4;2;0;
EBT;UF;5209200;2.0000;1;0;0;1;0;0;
EBT;UF;5210000;9.0000;4;0;0;3;1;0;
EBT;UF;5210109;8.2500;2;0;1;0;1;0;
EBT;UF;5211503;65.0000;10;0;0;3;7;0;
EBT;UF;5211800;4.0000;1;0;0;0;1;0;
EBT;UF;5211909;88.0000;28;0;5;11;12;0;
EBT;UF;5212501;61.0625;32;1;5;20;6;0;
EBT;UF;5213103;12.5000;4;0;1;2;1;0;
EBT;UF;5214507;8.0000;1;0;0;0;1;0;
EBT;UF;5215231;4.0000;1;0;0;0;1;0;
EBT;UF;5218003;1.5000;3;0;3;0;0;0;
EBT;UF;5218789;4.0000;1;0;0;0;1;0;
EBT;UF;5218805;95.5000;27;0;1;12;14;0;
EBT;UF;5220454;26.0000;6;0;0;1;5;0;
EBT;UF;5221403;16.5000;5;0;1;0;4;0;
EBT;UF;5221601;24.7500;12;0;2;7;3;0;
EBT;UF;5221858;4.5000;2;0;1;0;1;0;
EBT;UF;5300108;772.2500;221;4;35;92;90;0;
09;1108;
