01;CLA;IPL4;201412;
EBT;UF;1302603;12.0000;2;0;1;1;0;0;
EBT;UF;2111300;66.4766;16;13;1;1;0;1;
EBT;UF;2211001;251.3516;10;5;0;0;0;5;
EBT;UF;2403251;12.0000;2;0;1;1;0;0;
EBT;UF;2408102;205.6094;17;6;3;5;0;3;
EBT;UF;2507507;33.7813;6;0;3;3;0;0;
EBT;UF;2607901;6.5000;4;1;3;0;0;0;
EBT;UF;2609600;1.0000;1;0;1;0;0;0;
EBT;UF;2610707;3.0000;2;0;2;0;0;0;
EBT;UF;2611606;61.6602;4;1;1;1;0;1;
EBT;UF;2704302;34.1250;11;6;2;3;0;0;
EBT;UF;2927408;104.9609;17;13;2;0;0;2;
EBT;UF;3101607;2.0000;1;0;1;0;0;0;
EBT;UF;3106200;909.6718;292;57;220;3;0;12;
EBT;UF;3106309;4.0000;1;0;0;1;0;0;
EBT;UF;3106705;0.5000;1;1;0;0;0;0;
EBT;UF;3107406;2.0000;1;0;1;0;0;0;
EBT;UF;3113404;0.5000;1;1;0;0;0;0;
EBT;UF;3118601;1.2500;2;1;1;0;0;0;
EBT;UF;3121605;2.0000;1;0;1;0;0;0;
EBT;UF;3122306;0.5000;1;1;0;0;0;0;
EBT;UF;3124104;2.0000;1;0;1;0;0;0;
EBT;UF;3127701;1.9648;2;1;1;0;0;0;
EBT;UF;3131307;0.5000;1;1;0;0;0;0;
EBT;UF;3131703;2.0000;1;0;1;0;0;0;
EBT;UF;3132404;0.2500;1;1;0;0;0;0;
EBT;UF;3135100;1.0000;1;0;1;0;0;0;
EBT;UF;3136207;0.5000;1;1;0;0;0;0;
EBT;UF;3136702;1.0000;1;0;1;0;0;0;
EBT;UF;3139409;5.5000;3;1;1;1;0;0;
EBT;UF;3139508;1.0000;1;0;1;0;0;0;
EBT;UF;3144805;50.3906;2;1;0;0;0;1;
EBT;UF;3147907;2.0000;1;0;1;0;0;0;
EBT;UF;3151800;4.0000;2;0;2;0;0;0;
EBT;UF;3152105;14.0000;3;0;2;1;0;0;
EBT;UF;3154606;0.5000;1;1;0;0;0;0;
EBT;UF;3156700;1.4648;1;0;1;0;0;0;
EBT;UF;3157807;1.0000;1;0;1;0;0;0;
EBT;UF;3158953;2.0000;1;0;1;0;0;0;
EBT;UF;3160702;4.0000;2;0;2;0;0;0;
EBT;UF;3162500;2.5000;2;1;1;0;0;0;
EBT;UF;3167202;8.0000;4;0;4;0;0;0;
EBT;UF;3168705;2.0000;1;0;1;0;0;0;
EBT;UF;3169307;0.5000;1;1;0;0;0;0;
EBT;UF;3169802;1.0000;1;0;1;0;0;0;
EBT;UF;3170107;1.0000;1;0;1;0;0;0;
EBT;UF;3170206;2.7500;3;2;1;0;0;0;
EBT;UF;3170701;2.0000;1;0;1;0;0;0;
EBT;UF;3172004;0.0625;1;1;0;0;0;0;
EBT;UF;3202454;0.2500;1;1;0;0;0;0;
EBT;UF;3205002;14.5000;4;1;2;1;0;0;
EBT;UF;3205200;125.8906;30;6;19;3;1;1;
EBT;UF;3205309;370.5313;78;8;44;21;3;2;
EBT;UF;3300100;6.0000;3;0;3;0;0;0;
EBT;UF;3300308;0.3125;2;2;0;0;0;0;
EBT;UF;3300407;2.5000;2;1;1;0;0;0;
EBT;UF;3300456;4.6250;6;3;3;0;0;0;
EBT;UF;3301702;69.5000;10;1;6;2;0;1;
EBT;UF;3301900;2.0000;1;0;1;0;0;0;
EBT;UF;3302858;54.8125;12;10;1;0;0;1;
EBT;UF;3303203;5.5010;8;6;2;0;0;0;
EBT;UF;3303401;2.0000;1;0;1;0;0;0;
EBT;UF;3303500;20.4189;16;4;12;0;0;0;
EBT;UF;3303708;1.0000;1;0;1;0;0;0;
EBT;UF;3304201;1.0000;1;0;1;0;0;0;
EBT;UF;3304557;1634.0429;630;101;334;189;0;6;
EBT;UF;3305109;3.0000;2;0;2;0;0;0;
EBT;UF;3305802;0.2500;1;1;0;0;0;0;
EBT;UF;3306206;0.2500;1;1;0;0;0;0;
EBT;UF;3306305;4.0000;2;0;2;0;0;0;
EBT;UF;3501608;344.1133;27;13;10;2;0;2;
EBT;UF;3502507;9.7148;11;5;6;0;0;0;
EBT;UF;3502804;29.9297;9;0;7;2;0;0;
EBT;UF;3503208;25.5273;23;16;6;1;0;0;
EBT;UF;3503307;5.3125;10;7;3;0;0;0;
EBT;UF;3504107;27.7813;21;11;9;1;0;0;
EBT;UF;3505708;449.5820;108;56;47;2;0;3;
EBT;UF;3506003;85.2031;35;12;22;0;0;1;
EBT;UF;3506607;4.0000;2;0;2;0;0;0;
EBT;UF;3507605;25.1875;20;11;8;1;0;0;
EBT;UF;3508504;6.7031;8;3;5;0;0;0;
EBT;UF;3508603;10.0000;1;0;0;1;0;0;
EBT;UF;3509007;2.0000;1;0;1;0;0;0;
EBT;UF;3509205;12.7500;12;6;6;0;0;0;
EBT;UF;3509502;91.4922;82;29;52;1;0;0;
EBT;UF;3510401;1.7500;4;3;1;0;0;0;
EBT;UF;3510609;28.7148;21;10;10;1;0;0;
EBT;UF;3513009;36.9180;28;8;20;0;0;0;
EBT;UF;3513405;9.4648;8;3;5;0;0;0;
EBT;UF;3513504;1.5625;3;2;1;0;0;0;
EBT;UF;3513801;16.8594;16;4;12;0;0;0;
EBT;UF;3514908;1.2500;2;1;1;0;0;0;
EBT;UF;3515004;18.5313;16;7;9;0;0;0;
EBT;UF;3515707;5.7500;5;2;3;0;0;0;
EBT;UF;3516309;0.5000;1;1;0;0;0;0;
EBT;UF;3516408;1.5000;3;2;1;0;0;0;
EBT;UF;3518305;4.0000;2;0;2;0;0;0;
EBT;UF;3518404;8.7148;12;7;5;0;0;0;
EBT;UF;3518701;140.9883;22;13;8;0;0;1;
EBT;UF;3518800;50.4219;47;20;27;0;0;0;
EBT;UF;3520509;16.5000;7;1;5;1;0;0;
EBT;UF;3522208;7.9648;8;4;4;0;0;0;
EBT;UF;3522307;42.5977;24;8;14;2;0;0;
EBT;UF;3522505;26.0586;17;3;14;0;0;0;
EBT;UF;3524402;3.4375;5;3;2;0;0;0;
EBT;UF;3525003;1.6250;5;5;0;0;0;0;
EBT;UF;3525300;29.0000;9;2;5;2;0;0;
EBT;UF;3525904;23.7734;28;15;13;0;0;0;
EBT;UF;3526902;9.4258;10;3;7;0;0;0;
EBT;UF;3527207;6.7422;7;3;4;0;0;0;
EBT;UF;3528502;0.5000;1;1;0;0;0;0;
EBT;UF;3529005;10.0000;1;0;0;1;0;0;
EBT;UF;3529401;12.3750;16;7;9;0;0;0;
EBT;UF;3530607;21.3047;19;8;11;0;0;0;
EBT;UF;3530706;12.4922;12;3;9;0;0;0;
EBT;UF;3530805;8.4648;9;4;5;0;0;0;
EBT;UF;3531803;1.2500;2;1;1;0;0;0;
EBT;UF;3533403;0.5000;1;1;0;0;0;0;
EBT;UF;3534401;82.2930;72;34;36;2;0;0;
EBT;UF;3538006;26.5000;8;2;4;2;0;0;
EBT;UF;3538709;48.6758;22;8;11;3;0;0;
EBT;UF;3539806;3.2500;3;1;2;0;0;0;
EBT;UF;3540606;2.0000;2;0;2;0;0;0;
EBT;UF;3541000;4.5898;9;7;2;0;0;0;
EBT;UF;3543303;3.0000;2;0;2;0;0;0;
EBT;UF;3543402;346.8769;88;22;61;0;0;5;
EBT;UF;3543907;8.0273;9;5;4;0;0;0;
EBT;UF;3544103;0.2500;1;1;0;0;0;0;
EBT;UF;3545001;8.0000;4;0;4;0;0;0;
EBT;UF;3545209;3.9961;5;2;3;0;0;0;
EBT;UF;3545803;15.4609;17;8;9;0;0;0;
EBT;UF;3546801;1.0000;1;0;1;0;0;0;
EBT;UF;3547304;12.8125;11;5;6;0;0;0;
EBT;UF;3547809;37.6680;45;24;21;0;0;0;
EBT;UF;3548500;92.2734;55;28;26;0;0;1;
EBT;UF;3548708;50.1719;61;35;26;0;0;0;
EBT;UF;3548807;26.1367;28;9;19;0;0;0;
EBT;UF;3548906;128.9375;28;14;11;1;0;2;
EBT;UF;3549805;84.4141;48;9;36;3;0;0;
EBT;UF;3549904;55.7422;55;21;34;0;0;0;
EBT;UF;3550308;1395.1629;1166;441;716;4;1;4;
EBT;UF;3551009;140.9570;17;8;8;0;0;1;
EBT;UF;3551702;4.3086;5;1;4;0;0;0;
EBT;UF;3552205;42.4668;29;8;20;1;0;0;
EBT;UF;3552403;4.7148;5;3;2;0;0;0;
EBT;UF;3552502;5.0000;6;4;2;0;0;0;
EBT;UF;3552809;29.2148;21;5;16;0;0;0;
EBT;UF;3554003;0.2500;1;1;0;0;0;0;
EBT;UF;3554102;542.7109;13;2;8;2;0;1;
EBT;UF;3554508;4.0000;2;0;2;0;0;0;
EBT;UF;3556206;4.9297;4;0;4;0;0;0;
EBT;UF;3556453;1.9648;2;1;1;0;0;0;
EBT;UF;4106902;320.5312;198;111;83;0;1;3;
EBT;UF;4113700;38.5312;27;3;24;0;0;0;
EBT;UF;4115200;134.7266;32;10;20;0;0;2;
EBT;UF;4119905;13.6445;14;7;7;0;0;0;
EBT;UF;4202404;27.8672;23;12;10;1;0;0;
EBT;UF;4205407;10.8750;20;15;5;0;0;0;
EBT;UF;4305108;20.1445;16;4;12;0;0;0;
EBT;UF;4314100;2.7500;3;2;1;0;0;0;
EBT;UF;4314407;1.0000;1;0;1;0;0;0;
EBT;UF;4314902;607.4844;92;52;38;0;1;1;
EBT;UF;4316907;4.4648;5;2;3;0;0;0;
EBT;UF;4322400;2.5000;2;1;1;0;0;0;
EBT;UF;5002704;83.0000;11;2;1;8;0;0;
EBT;UF;5103403;123.5078;46;19;23;3;0;1;
EBT;UF;5108402;34.2500;19;9;8;2;0;0;
EBT;UF;5208707;1.3906;3;3;0;0;0;0;
EBT;UF;5300108;29.9375;51;37;13;1;0;0;
09;169;
