01;CLA;IPL4;201601;
EBT;UF;1100023;212.3750;50;5;38;4;2;1;
EBT;UF;1100049;331.6875;85;19;51;13;1;1;
EBT;UF;1100056;0.2500;1;1;0;0;0;0;
EBT;UF;1100064;1.0000;1;0;1;0;0;0;
EBT;UF;1100080;0.3750;2;2;0;0;0;0;
EBT;UF;1100098;0.5000;1;1;0;0;0;0;
EBT;UF;1100106;38.0000;8;0;5;2;1;0;
EBT;UF;1100114;108.0000;15;0;11;2;2;0;
EBT;UF;1100122;1205.1875;191;15;143;18;11;4;
EBT;UF;1100155;80.0000;7;0;4;0;3;0;
EBT;UF;1100189;182.3125;39;9;22;5;2;1;
EBT;UF;1100205;17607.1211;929;103;576;162;41;47;
EBT;UF;1100288;5.0000;3;0;3;0;0;0;
EBT;UF;1100296;1.0000;1;0;1;0;0;0;
EBT;UF;1100304;691.3750;139;17;96;18;6;2;
EBT;UF;1100346;1.0000;1;0;1;0;0;0;
EBT;UF;1100452;1.0000;1;0;1;0;0;0;
EBT;UF;1100924;2.0000;1;0;1;0;0;0;
EBT;UF;1101005;3.0000;2;0;2;0;0;0;
EBT;UF;1101468;0.5000;1;1;0;0;0;0;
EBT;UF;1101500;0.6250;2;2;0;0;0;0;
EBT;UF;1200054;4.5000;4;1;3;0;0;0;
EBT;UF;1200138;21.0000;8;0;6;2;0;0;
EBT;UF;1200203;17.0000;9;0;9;0;0;0;
EBT;UF;1200252;0.6875;3;3;0;0;0;0;
EBT;UF;1200401;9506.4766;471;56;277;96;19;23;
EBT;UF;1200450;5.0000;3;0;3;0;0;0;
EBT;UF;1301100;6.0000;4;0;4;0;0;0;
EBT;UF;1301704;338.3125;16;4;7;1;1;3;
EBT;UF;1301852;2.0000;1;0;1;0;0;0;
EBT;UF;1302603;45410.2500;1205;150;669;259;79;48;
EBT;UF;1303403;2.5000;3;2;1;0;0;0;
EBT;UF;1400100;821.5625;173;10;95;59;9;0;
EBT;UF;1500602;2.0000;1;0;1;0;0;0;
EBT;UF;1500800;50566.1816;202;13;98;66;8;17;
EBT;UF;1501303;24.0000;4;0;2;2;0;0;
EBT;UF;1501402;106269.387;1173;59;499;385;117;113;
EBT;UF;1501501;90.8750;39;6;28;5;0;0;
EBT;UF;1501709;2.2500;2;1;1;0;0;0;
EBT;UF;1501956;0.5000;1;1;0;0;0;0;
EBT;UF;1502202;241.0000;10;0;1;4;4;1;
EBT;UF;1502400;158.0313;37;3;24;8;2;0;
EBT;UF;1502939;1.0000;1;0;1;0;0;0;
EBT;UF;1503309;1.0000;1;0;1;0;0;0;
EBT;UF;1503606;6.0000;3;0;3;0;0;0;
EBT;UF;1503903;2.0000;1;0;1;0;0;0;
EBT;UF;1504208;614.7188;153;36;81;25;10;1;
EBT;UF;1504422;331.7773;87;15;47;22;2;1;
EBT;UF;1505304;1.0000;1;0;1;0;0;0;
EBT;UF;1505502;392.0000;22;0;15;2;2;3;
EBT;UF;1506138;1.0000;1;0;1;0;0;0;
EBT;UF;1506203;1.2500;3;3;0;0;0;0;
EBT;UF;1506500;2.2148;3;2;1;0;0;0;
EBT;UF;1506807;238.0938;71;14;48;6;1;2;
EBT;UF;1507607;5.0000;3;0;3;0;0;0;
EBT;UF;1507904;1.0000;1;0;1;0;0;0;
EBT;UF;1508209;0.2500;1;1;0;0;0;0;
EBT;UF;1600303;681.8828;149;16;92;30;8;3;
EBT;UF;1600600;25.6250;17;5;11;1;0;0;
EBT;UF;1700301;1024.0000;1;0;0;0;0;1;
EBT;UF;1700350;4.0000;3;0;3;0;0;0;
EBT;UF;1700400;0.5000;1;1;0;0;0;0;
EBT;UF;1700707;51.7500;8;2;4;1;1;0;
EBT;UF;1702000;0.2500;1;1;0;0;0;0;
EBT;UF;1702109;687.3750;83;12;35;28;7;1;
EBT;UF;1702208;1.0000;1;0;1;0;0;0;
EBT;UF;1705508;387.5000;11;1;6;0;1;3;
EBT;UF;1706506;14.0000;1;0;0;0;1;0;
EBT;UF;1707009;5.0000;3;0;3;0;0;0;
EBT;UF;1709302;175.6875;11;4;4;2;0;1;
EBT;UF;1709500;337.3125;27;3;13;8;1;2;
EBT;UF;1713205;11.5625;10;3;7;0;0;0;
EBT;UF;1713304;6.2500;8;4;4;0;0;0;
EBT;UF;1714203;1.0000;1;0;1;0;0;0;
EBT;UF;1714880;160.8125;7;3;3;0;0;1;
EBT;UF;1716109;203.7500;16;2;8;2;3;1;
EBT;UF;1716505;1.0000;1;0;1;0;0;0;
EBT;UF;1716604;8.0000;4;0;4;0;0;0;
EBT;UF;1718204;410.2500;37;3;19;8;4;3;
EBT;UF;1718402;4.0000;1;0;0;1;0;0;
EBT;UF;1721000;7939.2500;288;51;128;61;22;26;
EBT;UF;1721208;1.0000;1;0;1;0;0;0;
EBT;UF;1722081;4.0000;1;0;0;1;0;0;
EBT;UF;2100204;32.0000;1;0;0;0;1;0;
EBT;UF;2101202;98.0000;7;0;4;0;3;0;
EBT;UF;2101251;155.0000;1;0;0;0;0;1;
EBT;UF;2101400;169.0000;14;0;3;8;2;1;
EBT;UF;2101608;0.1250;1;1;0;0;0;0;
EBT;UF;2102804;1.0000;1;0;1;0;0;0;
EBT;UF;2103000;1134.0000;31;0;8;10;7;6;
EBT;UF;2103307;157.0000;2;0;1;0;0;1;
EBT;UF;2103406;0.2500;1;1;0;0;0;0;
EBT;UF;2103604;1.0000;1;0;1;0;0;0;
EBT;UF;2104057;6.0000;3;0;3;0;0;0;
EBT;UF;2105302;538.2500;65;4;29;27;4;1;
EBT;UF;2105427;20.0000;3;0;1;2;0;0;
EBT;UF;2108603;4.0000;1;0;0;1;0;0;
EBT;UF;2109106;2.5000;5;4;1;0;0;0;
EBT;UF;2109601;2.0000;1;0;1;0;0;0;
EBT;UF;2109908;197.0000;12;2;7;0;1;2;
EBT;UF;2110203;0.2500;1;1;0;0;0;0;
EBT;UF;2110302;52.0000;6;0;1;5;0;0;
EBT;UF;2111201;48.1445;21;8;8;5;0;0;
EBT;UF;2111300;29483.6133;410;41;114;172;50;33;
EBT;UF;2112209;164.0000;7;0;1;2;3;1;
EBT;UF;2112902;0.8750;3;3;0;0;0;0;
EBT;UF;2114007;6.0000;3;0;3;0;0;0;
EBT;UF;2200400;33.0000;2;0;1;0;1;0;
EBT;UF;2201507;42.0000;2;0;0;1;1;0;
EBT;UF;2202000;32.0000;1;0;0;0;1;0;
EBT;UF;2202208;180.0000;5;0;0;2;2;1;
EBT;UF;2202406;64.0000;2;0;0;0;2;0;
EBT;UF;2202703;64.0000;2;0;0;0;2;0;
EBT;UF;2203701;107.0000;5;0;1;1;3;0;
EBT;UF;2203909;54.0625;6;1;1;3;1;0;
EBT;UF;2207702;146.0000;9;0;2;3;4;0;
EBT;UF;2208403;625.0000;15;0;2;2;8;3;
EBT;UF;2211001;19221.0742;358;11;79;135;118;15;
EBT;UF;2301000;133.7500;13;2;8;2;0;1;
EBT;UF;2301109;50.0000;5;0;0;4;1;0;
EBT;UF;2301901;41.6250;10;3;2;5;0;0;
EBT;UF;2302503;20.0000;2;0;0;2;0;0;
EBT;UF;2303709;49.0391;25;8;12;5;0;0;
EBT;UF;2303956;0.2500;1;1;0;0;0;0;
EBT;UF;2304103;8.2500;2;1;0;1;0;0;
EBT;UF;2304202;95.0000;7;0;2;3;2;0;
EBT;UF;2304285;262.5000;31;1;15;10;4;1;
EBT;UF;2304400;13425.6953;541;36;183;223;55;44;
EBT;UF;2305233;89.9922;15;1;8;4;2;0;
EBT;UF;2305407;104.0000;4;0;0;0;3;1;
EBT;UF;2305506;42.0000;3;0;0;2;1;0;
EBT;UF;2306256;0.5000;1;1;0;0;0;0;
EBT;UF;2306405;38.0000;5;0;0;5;0;0;
EBT;UF;2307007;1.0000;1;0;1;0;0;0;
EBT;UF;2307304;350.5000;32;1;14;14;1;2;
EBT;UF;2307601;110.0000;4;0;0;2;1;1;
EBT;UF;2307650;265.2148;46;2;21;20;3;0;
EBT;UF;2307700;30.0000;3;0;0;3;0;0;
EBT;UF;2308302;18.0000;2;0;1;0;1;0;
EBT;UF;2309201;10.0000;1;0;0;1;0;0;
EBT;UF;2309607;106.0000;3;0;0;0;2;1;
EBT;UF;2310704;1.0000;1;0;1;0;0;0;
EBT;UF;2311306;53.0000;5;0;1;3;1;0;
EBT;UF;2311801;72.9375;20;8;8;3;1;0;
EBT;UF;2312403;4.0000;2;0;2;0;0;0;
EBT;UF;2312908;434.3125;46;6;16;17;5;2;
EBT;UF;2313302;3.1875;4;2;2;0;0;0;
EBT;UF;2313401;722.0000;13;0;2;4;3;4;
EBT;UF;2400109;90.0000;4;0;0;3;0;1;
EBT;UF;2400802;0.5000;1;1;0;0;0;0;
EBT;UF;2403251;164.8750;46;6;26;14;0;0;
EBT;UF;2404507;1.0000;1;0;1;0;0;0;
EBT;UF;2406700;10.0000;1;0;0;1;0;0;
EBT;UF;2407104;33.0000;13;0;11;2;0;0;
EBT;UF;2407203;10.0000;1;0;0;1;0;0;
EBT;UF;2408003;713.3125;58;7;30;14;4;3;
EBT;UF;2408102;6230.2930;166;20;38;65;18;25;
EBT;UF;2412005;434.5000;22;1;10;7;1;3;
EBT;UF;2501807;89.5000;13;1;7;4;1;0;
EBT;UF;2503209;552.2500;36;1;20;11;1;3;
EBT;UF;2504009;2072.7500;65;6;14;29;6;10;
EBT;UF;2506301;42.0000;2;0;0;1;1;0;
EBT;UF;2506905;48.0000;2;0;0;0;2;0;
EBT;UF;2507507;6126.4922;260;20;107;78;29;26;
EBT;UF;2510808;207.0000;4;0;0;2;1;1;
EBT;UF;2516201;6.0000;3;0;3;0;0;0;
EBT;UF;2600054;252.0898;41;7;28;4;1;1;
EBT;UF;2601102;18.0000;1;0;0;0;1;0;
EBT;UF;2601201;90.0000;7;0;1;2;4;0;
EBT;UF;2601706;178.5000;6;1;0;1;3;1;
EBT;UF;2601904;22.0000;1;0;0;0;1;0;
EBT;UF;2602902;1350.6719;115;7;77;21;4;6;
EBT;UF;2603454;20.5000;12;1;10;1;0;0;
EBT;UF;2604007;51.0000;5;0;1;3;1;0;
EBT;UF;2604106;1675.4727;69;7;32;23;4;3;
EBT;UF;2605103;24.7891;3;0;2;0;1;0;
EBT;UF;2606002;20.5000;3;1;0;2;0;0;
EBT;UF;2606200;4.0000;2;0;2;0;0;0;
EBT;UF;2606408;146.2500;11;3;6;1;0;1;
EBT;UF;2606804;47.5000;18;1;11;6;0;0;
EBT;UF;2607208;616.2500;44;6;19;16;0;3;
EBT;UF;2607752;2.0000;1;0;1;0;0;0;
EBT;UF;2607901;1216.2461;195;17;106;61;9;2;
EBT;UF;2608909;9.5000;12;6;6;0;0;0;
EBT;UF;2609600;581.9648;66;8;31;18;7;2;
EBT;UF;2610707;486.0547;78;11;55;9;1;2;
EBT;UF;2610905;168.0000;3;0;0;0;2;1;
EBT;UF;2611101;108.5000;16;1;9;4;2;0;
EBT;UF;2611606;20071.8086;804;56;318;268;87;75;
EBT;UF;2612000;50.0000;1;0;0;0;0;1;
EBT;UF;2612208;22.0000;3;0;0;3;0;0;
EBT;UF;2613701;46.5000;10;1;5;3;1;0;
EBT;UF;2613909;161.6250;32;18;6;2;6;0;
EBT;UF;2700300;347.5625;48;2;26;18;1;1;
EBT;UF;2704302;25630.2539;356;40;121;147;24;24;
EBT;UF;2704708;2.0000;1;0;1;0;0;0;
EBT;UF;2706307;3.0000;2;0;2;0;0;0;
EBT;UF;2706703;12.0000;2;0;1;1;0;0;
EBT;UF;2707701;178.0000;16;2;13;0;0;1;
EBT;UF;2708600;2.0000;1;0;1;0;0;0;
EBT;UF;2709301;2.0000;1;0;1;0;0;0;
EBT;UF;2800308;6922.8047;294;37;101;115;19;22;
EBT;UF;2800670;2.8750;5;3;2;0;0;0;
EBT;UF;2803203;1.0000;1;0;1;0;0;0;
EBT;UF;2804805;456.2500;62;7;33;19;1;2;
EBT;UF;2805703;22.0000;3;0;1;2;0;0;
EBT;UF;2806701;170.5625;13;3;5;3;1;1;
EBT;UF;2900702;137.0000;17;0;6;9;2;0;
EBT;UF;2901007;1.5000;2;1;1;0;0;0;
EBT;UF;2901106;1.0000;1;0;1;0;0;0;
EBT;UF;2903201;20.0000;6;0;4;2;0;0;
EBT;UF;2904605;70.0000;6;0;3;1;1;1;
EBT;UF;2904704;2.0000;1;0;1;0;0;0;
EBT;UF;2905602;130.0000;5;0;2;1;1;1;
EBT;UF;2905701;558.1250;92;6;51;31;2;2;
EBT;UF;2906501;744.0000;18;0;6;6;2;4;
EBT;UF;2906709;2.0000;1;0;1;0;0;0;
EBT;UF;2908408;1.5000;2;1;1;0;0;0;
EBT;UF;2908507;3.0000;2;0;2;0;0;0;
EBT;UF;2909802;50.0000;5;0;1;3;1;0;
EBT;UF;2910727;372.9375;27;4;13;7;1;2;
EBT;UF;2910800;3339.4648;181;23;76;59;8;15;
EBT;UF;2912103;4.0000;1;0;0;1;0;0;
EBT;UF;2913606;1022.5000;92;1;28;52;8;3;
EBT;UF;2913705;1.0000;1;0;1;0;0;0;
EBT;UF;2914653;18.0000;3;0;1;2;0;0;
EBT;UF;2914802;1847.1250;82;9;33;28;3;9;
EBT;UF;2914901;72.0000;2;0;0;1;0;1;
EBT;UF;2915304;2.0000;1;0;1;0;0;0;
EBT;UF;2915601;62.0000;9;0;7;0;2;0;
EBT;UF;2915809;12.0000;2;0;1;1;0;0;
EBT;UF;2916302;2.0000;1;0;1;0;0;0;
EBT;UF;2916401;156.1875;9;2;3;1;2;1;
EBT;UF;2917102;2.0000;1;0;1;0;0;0;
EBT;UF;2917607;100.0000;1;0;0;0;0;1;
EBT;UF;2918001;415.0000;28;3;14;6;2;3;
EBT;UF;2918407;7.5156;4;0;4;0;0;0;
EBT;UF;2919207;1612.9648;71;1;34;28;3;5;
EBT;UF;2919553;2.0000;1;0;1;0;0;0;
EBT;UF;2920601;18.0000;2;0;0;2;0;0;
EBT;UF;2921005;20.2500;3;1;0;2;0;0;
EBT;UF;2921302;12.0000;3;0;1;2;0;0;
EBT;UF;2922003;14.0000;2;0;0;2;0;0;
EBT;UF;2924009;84.1250;12;1;5;4;2;0;
EBT;UF;2925006;4.0000;2;0;2;0;0;0;
EBT;UF;2925105;21.0000;3;0;1;2;0;0;
EBT;UF;2925303;324.0000;24;0;13;6;3;2;
EBT;UF;2927002;0.5000;1;1;0;0;0;0;
EBT;UF;2927408;57609.8242;1085;110;400;410;82;83;
EBT;UF;2928703;188.0000;7;0;2;2;2;1;
EBT;UF;2929206;4.0625;2;1;0;1;0;0;
EBT;UF;2929305;50.0000;1;0;0;0;0;1;
EBT;UF;2929354;4.0000;1;0;0;1;0;0;
EBT;UF;2930105;17.0000;5;0;4;1;0;0;
EBT;UF;2930709;238.5000;57;3;34;20;0;0;
EBT;UF;2931350;3370.3125;42;4;18;6;5;9;
EBT;UF;2932507;32.0000;1;0;0;0;1;0;
EBT;UF;2932903;6.2500;10;6;4;0;0;0;
EBT;UF;2933307;1288.0625;108;7;49;40;7;5;
EBT;UF;3100302;2.0000;1;0;1;0;0;0;
EBT;UF;3101508;259.5000;12;3;1;0;8;0;
EBT;UF;3101607;73.6250;34;8;23;3;0;0;
EBT;UF;3101904;19.0000;3;0;2;0;1;0;
EBT;UF;3103504;48.8945;24;1;20;3;0;0;
EBT;UF;3104007;88.9648;34;7;25;1;1;0;
EBT;UF;3104205;13.2500;8;1;7;0;0;0;
EBT;UF;3104601;32.0000;1;0;0;0;1;0;
EBT;UF;3104908;4.0000;2;0;2;0;0;0;
EBT;UF;3105608;232.3945;32;2;20;4;6;0;
EBT;UF;3106200;133986.779;3162;340;1779;647;229;167;
EBT;UF;3106309;74.0625;5;1;1;1;2;0;
EBT;UF;3106705;5046.1523;304;54;178;39;26;7;
EBT;UF;3107109;4.0000;2;0;2;0;0;0;
EBT;UF;3107406;10.0000;5;0;5;0;0;0;
EBT;UF;3107703;0.2500;1;1;0;0;0;0;
EBT;UF;3108404;2.0000;1;0;1;0;0;0;
EBT;UF;3108909;2.2500;2;1;1;0;0;0;
EBT;UF;3109303;2.0000;1;0;1;0;0;0;
EBT;UF;3109501;2.0000;1;0;1;0;0;0;
EBT;UF;3109709;2.0000;1;0;1;0;0;0;
EBT;UF;3110004;2.0000;1;0;1;0;0;0;
EBT;UF;3110301;2.0000;1;0;1;0;0;0;
EBT;UF;3110509;7.0000;4;0;4;0;0;0;
EBT;UF;3110608;5.0000;3;0;3;0;0;0;
EBT;UF;3110707;4.0000;2;0;2;0;0;0;
EBT;UF;3111606;2.0000;1;0;1;0;0;0;
EBT;UF;3112307;2.0000;1;0;1;0;0;0;
EBT;UF;3113206;64.0000;2;0;0;0;2;0;
EBT;UF;3113404;14.0000;3;0;2;1;0;0;
EBT;UF;3114303;2.0000;1;0;1;0;0;0;
EBT;UF;3114501;2.0000;1;0;1;0;0;0;
EBT;UF;3115300;561.0000;11;0;3;3;2;3;
EBT;UF;3115508;13.6250;10;3;7;0;0;0;
EBT;UF;3117876;24.0000;3;0;0;3;0;0;
EBT;UF;3118007;16.3125;12;4;8;0;0;0;
EBT;UF;3118304;92.3437;33;8;19;5;1;0;
EBT;UF;3118403;32.0000;1;0;0;0;1;0;
EBT;UF;3118601;3817.5586;518;64;293;109;40;12;
EBT;UF;3119401;59.0000;18;2;14;1;1;0;
EBT;UF;3120904;66.0000;30;0;28;2;0;0;
EBT;UF;3122306;1193.7969;98;8;66;13;5;6;
EBT;UF;3122454;0.2500;1;1;0;0;0;0;
EBT;UF;3123601;4.0000;2;0;2;0;0;0;
EBT;UF;3123908;36.0000;2;0;1;0;1;0;
EBT;UF;3124203;32.0000;1;0;0;0;1;0;
EBT;UF;3125101;21.0000;12;0;12;0;0;0;
EBT;UF;3126109;4.0000;2;0;2;0;0;0;
EBT;UF;3127008;2.0000;1;0;1;0;0;0;
EBT;UF;3127107;17.0000;9;0;9;0;0;0;
EBT;UF;3127701;1843.5430;109;10;66;13;13;7;
EBT;UF;3128709;8.0000;1;0;0;1;0;0;
EBT;UF;3129509;2.0000;1;0;1;0;0;0;
EBT;UF;3129806;213.4297;21;3;13;1;3;1;
EBT;UF;3130101;16.0000;4;0;3;1;0;0;
EBT;UF;3130309;5.0000;3;0;3;0;0;0;
EBT;UF;3131307;911.4922;90;14;52;8;13;3;
EBT;UF;3131703;269.2031;48;14;28;4;1;1;
EBT;UF;3131901;23.8750;14;4;9;1;0;0;
EBT;UF;3132206;6.0000;3;0;3;0;0;0;
EBT;UF;3132404;440.6719;77;17;40;12;8;0;
EBT;UF;3133006;9.0000;5;0;5;0;0;0;
EBT;UF;3133808;135.7500;28;4;16;7;1;0;
EBT;UF;3134103;0.2500;1;1;0;0;0;0;
EBT;UF;3134202;35.3945;21;2;19;0;0;0;
EBT;UF;3135209;2.0000;1;0;1;0;0;0;
EBT;UF;3135407;28.1250;7;1;4;2;0;0;
EBT;UF;3135506;2.0000;1;0;1;0;0;0;
EBT;UF;3136207;42.0000;34;13;20;1;0;0;
EBT;UF;3136306;64.0000;9;0;6;2;1;0;
EBT;UF;3136603;0.2500;1;1;0;0;0;0;
EBT;UF;3136702;4712.3867;227;17;121;48;24;17;
EBT;UF;3137205;99.0000;11;0;5;4;2;0;
EBT;UF;3137601;115.6797;35;11;18;4;2;0;
EBT;UF;3138203;448.0000;67;14;36;12;3;2;
EBT;UF;3138401;189.0000;3;0;1;0;1;1;
EBT;UF;3138609;202.0000;7;0;3;0;3;1;
EBT;UF;3138807;36.0000;2;0;1;0;1;0;
EBT;UF;3139003;32.0000;1;0;0;0;1;0;
EBT;UF;3139607;34.0000;2;0;1;0;1;0;
EBT;UF;3140001;64.0000;2;0;0;0;2;0;
EBT;UF;3140803;83.0000;11;0;5;5;1;0;
EBT;UF;3140902;0.2500;1;1;0;0;0;0;
EBT;UF;3141405;40.0000;5;0;4;0;1;0;
EBT;UF;3143302;3448.0742;150;16;74;18;33;9;
EBT;UF;3143906;356.0000;6;0;2;1;1;2;
EBT;UF;3144805;1175.0703;110;6;63;22;15;4;
EBT;UF;3145208;2.0000;1;0;1;0;0;0;
EBT;UF;3145604;12.2500;7;1;5;1;0;0;
EBT;UF;3145901;4.0000;2;0;2;0;0;0;
EBT;UF;3146107;10.5625;7;2;5;0;0;0;
EBT;UF;3146305;6.0000;3;0;3;0;0;0;
EBT;UF;3147006;119.6797;29;2;21;4;2;0;
EBT;UF;3147105;219.5625;19;2;14;1;1;1;
EBT;UF;3147402;266.0000;4;0;0;0;2;2;
EBT;UF;3147600;2.0000;1;0;1;0;0;0;
EBT;UF;3147907;225.6094;47;9;29;6;2;1;
EBT;UF;3148004;109.8750;25;4;18;1;2;0;
EBT;UF;3148103;9.5000;6;1;5;0;0;0;
EBT;UF;3149101;2.0000;1;0;1;0;0;0;
EBT;UF;3149309;101.3398;33;9;19;3;2;0;
EBT;UF;3149903;221.0000;9;0;6;1;0;2;
EBT;UF;3151206;475.5000;20;1;2;3;14;0;
EBT;UF;3151404;4.0000;2;0;2;0;0;0;
EBT;UF;3151800;333.2305;108;16;73;15;4;0;
EBT;UF;3152105;22.0000;3;0;1;2;0;0;
EBT;UF;3152501;847.7930;143;27;77;28;8;3;
EBT;UF;3154200;32.0000;1;0;0;0;1;0;
EBT;UF;3154606;227.1172;70;17;41;9;3;0;
EBT;UF;3155504;2.0000;1;0;1;0;0;0;
EBT;UF;3156007;0.2500;1;1;0;0;0;0;
EBT;UF;3156502;0.2500;1;1;0;0;0;0;
EBT;UF;3156700;25.8125;16;3;13;0;0;0;
EBT;UF;3157807;209.5234;67;14;38;13;2;0;
EBT;UF;3159605;1.0000;1;0;1;0;0;0;
EBT;UF;3160405;2.0000;1;0;1;0;0;0;
EBT;UF;3160702;127.5000;8;1;4;2;0;1;
EBT;UF;3162104;20.0000;6;0;5;1;0;0;
EBT;UF;3162401;2.0000;1;0;1;0;0;0;
EBT;UF;3162500;375.1875;49;14;25;2;7;1;
EBT;UF;3162559;2.0000;1;0;1;0;0;0;
EBT;UF;3162708;2.0000;1;0;1;0;0;0;
EBT;UF;3162955;2.4648;4;3;1;0;0;0;
EBT;UF;3163706;43.5000;23;6;16;0;1;0;
EBT;UF;3164704;76.3906;50;15;34;1;0;0;
EBT;UF;3165701;64.0000;2;0;0;0;2;0;
EBT;UF;3166907;8.0000;1;0;0;1;0;0;
EBT;UF;3167202;461.4141;104;13;70;16;4;1;
EBT;UF;3168606;335.0625;45;6;21;11;7;0;
EBT;UF;3168705;599.3125;38;4;11;5;18;0;
EBT;UF;3169307;175.8125;45;18;20;3;4;0;
EBT;UF;3169356;4.0000;2;0;2;0;0;0;
EBT;UF;3169406;2.7500;3;2;1;0;0;0;
EBT;UF;3169901;177.0000;8;0;1;5;1;1;
EBT;UF;3170107;2592.4023;161;30;109;16;2;4;
EBT;UF;3170206;6123.0000;498;92;262;86;28;30;
EBT;UF;3170404;175.2500;44;3;36;3;1;1;
EBT;UF;3170701;2619.1172;114;10;64;18;9;13;
EBT;UF;3170800;193.0000;7;0;1;0;6;0;
EBT;UF;3171006;2.0000;1;0;1;0;0;0;
EBT;UF;3171204;151.5000;51;5;36;8;2;0;
EBT;UF;3171303;60.2500;13;1;10;1;1;0;
EBT;UF;3171501;1.0000;1;0;1;0;0;0;
EBT;UF;3172004;128.0000;4;0;0;0;4;0;
EBT;UF;3200102;7.0000;3;0;2;1;0;0;
EBT;UF;3200136;2.0000;1;0;1;0;0;0;
EBT;UF;3200169;4.0000;2;0;2;0;0;0;
EBT;UF;3200201;22.0000;2;0;1;0;1;0;
EBT;UF;3200300;5.0000;3;0;3;0;0;0;
EBT;UF;3200409;244.0000;4;0;0;1;1;2;
EBT;UF;3200508;1.0000;1;0;1;0;0;0;
EBT;UF;3200607;66.5000;13;3;5;4;1;0;
EBT;UF;3200706;3.0000;2;0;2;0;0;0;
EBT;UF;3200805;46.0000;4;0;0;2;2;0;
EBT;UF;3200904;18.0000;4;0;2;2;0;0;
EBT;UF;3201159;4.0000;2;0;2;0;0;0;
EBT;UF;3201209;447.0625;54;4;35;9;4;2;
EBT;UF;3201308;539.0000;74;10;45;14;2;3;
EBT;UF;3201506;1187.9375;44;4;30;5;2;3;
EBT;UF;3201902;6.5625;8;5;3;0;0;0;
EBT;UF;3202009;1.0000;1;0;1;0;0;0;
EBT;UF;3202207;4.7500;4;2;2;0;0;0;
EBT;UF;3202306;7.9375;9;5;4;0;0;0;
EBT;UF;3202405;727.0000;22;4;10;2;1;5;
EBT;UF;3202454;6.0000;4;0;4;0;0;0;
EBT;UF;3202504;75.1250;8;2;4;0;2;0;
EBT;UF;3202553;6.0000;3;0;3;0;0;0;
EBT;UF;3202603;2.0000;1;0;1;0;0;0;
EBT;UF;3202652;2.0000;1;0;1;0;0;0;
EBT;UF;3202702;5.1250;5;1;4;0;0;0;
EBT;UF;3202801;108.6875;10;6;2;1;0;1;
EBT;UF;3202900;38.0000;3;0;2;0;1;0;
EBT;UF;3203007;2.0000;1;0;1;0;0;0;
EBT;UF;3203106;6.0000;3;0;3;0;0;0;
EBT;UF;3203130;2.0000;1;0;1;0;0;0;
EBT;UF;3203163;3.1875;4;2;2;0;0;0;
EBT;UF;3203205;271.8750;35;7;18;5;4;1;
EBT;UF;3203304;10.0000;4;0;3;1;0;0;
EBT;UF;3203320;5.1875;9;5;4;0;0;0;
EBT;UF;3203346;20.0000;2;0;0;2;0;0;
EBT;UF;3203353;3.2500;3;1;2;0;0;0;
EBT;UF;3203502;10.0000;1;0;0;1;0;0;
EBT;UF;3203601;5.2500;4;1;3;0;0;0;
EBT;UF;3203809;3.0000;2;0;2;0;0;0;
EBT;UF;3203908;4.0000;2;0;2;0;0;0;
EBT;UF;3204054;24.0000;7;0;5;2;0;0;
EBT;UF;3204104;64.0000;3;0;2;0;0;1;
EBT;UF;3204203;129.6250;5;3;1;0;0;1;
EBT;UF;3204252;1.2500;2;1;1;0;0;0;
EBT;UF;3204302;10.0000;5;0;5;0;0;0;
EBT;UF;3204401;30.0000;2;0;0;1;1;0;
EBT;UF;3204500;1.2500;2;1;1;0;0;0;
EBT;UF;3204559;4.5000;3;1;2;0;0;0;
EBT;UF;3204609;49.0000;6;0;4;1;1;0;
EBT;UF;3204658;3.0000;3;0;3;0;0;0;
EBT;UF;3204708;4.0000;2;0;2;0;0;0;
EBT;UF;3204807;2.0000;1;0;1;0;0;0;
EBT;UF;3204906;764.7500;24;3;9;3;4;5;
EBT;UF;3205002;3703.8125;202;30;91;53;14;14;
EBT;UF;3205010;2.0000;1;0;1;0;0;0;
EBT;UF;3205036;5.0000;2;0;1;1;0;0;
EBT;UF;3205069;109.9375;12;6;5;0;0;1;
EBT;UF;3205101;224.0625;27;1;15;9;1;1;
EBT;UF;3205200;2587.3125;108;11;43;38;8;8;
EBT;UF;3205309;51270.8984;261;31;49;88;30;63;
EBT;UF;3300100;1159.4648;29;5;17;4;2;1;
EBT;UF;3300209;27.0000;9;2;4;3;0;0;
EBT;UF;3300233;6.7148;7;4;3;0;0;0;
EBT;UF;3300258;2.2500;2;1;1;0;0;0;
EBT;UF;3300308;22.2148;13;2;11;0;0;0;
EBT;UF;3300407;110.9648;28;4;17;5;2;0;
EBT;UF;3300456;331.7344;58;7;41;7;1;2;
EBT;UF;3300506;2.4648;2;0;2;0;0;0;
EBT;UF;3300605;0.2500;1;1;0;0;0;0;
EBT;UF;3300704;66.0000;28;4;21;3;0;0;
EBT;UF;3300803;4.0000;2;0;2;0;0;0;
EBT;UF;3301009;7653.3555;109;23;56;13;5;12;
EBT;UF;3301108;4.5000;4;2;2;0;0;0;
EBT;UF;3301306;3.0000;2;0;2;0;0;0;
EBT;UF;3301504;2.0000;1;0;1;0;0;0;
EBT;UF;3301702;4674.3789;185;20;106;24;10;25;
EBT;UF;3301850;3.0000;2;0;2;0;0;0;
EBT;UF;3301876;0.5000;1;1;0;0;0;0;
EBT;UF;3301900;2735.0898;37;5;26;4;0;2;
EBT;UF;3302007;144.9297;35;3;24;5;3;0;
EBT;UF;3302205;30.9648;19;4;15;0;0;0;
EBT;UF;3302254;295.7500;31;2;17;6;5;1;
EBT;UF;3302270;3.9648;3;1;2;0;0;0;
EBT;UF;3302403;15181.0078;337;16;130;136;32;23;
EBT;UF;3302502;15.2148;10;2;8;0;0;0;
EBT;UF;3302601;10.5000;2;1;0;1;0;0;
EBT;UF;3302700;13.9648;8;1;7;0;0;0;
EBT;UF;3302858;2122.3047;21;4;13;1;0;3;
EBT;UF;3303203;44.8945;31;6;25;0;0;0;
EBT;UF;3303302;4440.1601;386;29;272;50;23;12;
EBT;UF;3303401;27.9297;18;6;11;1;0;0;
EBT;UF;3303500;564.1055;108;13;72;19;2;2;
EBT;UF;3303609;5.7500;5;2;3;0;0;0;
EBT;UF;3303807;40.2500;11;3;5;3;0;0;
EBT;UF;3303906;3397.9687;94;11;56;15;6;6;
EBT;UF;3303955;2.9297;2;0;2;0;0;0;
EBT;UF;3304003;4.5000;4;1;3;0;0;0;
EBT;UF;3304110;1304.5898;49;7;16;15;1;10;
EBT;UF;3304144;28.7500;13;2;10;1;0;0;
EBT;UF;3304201;979.5000;78;2;45;16;10;5;
EBT;UF;3304300;13.2500;11;3;8;0;0;0;
EBT;UF;3304524;266.2500;51;7;25;17;2;0;
EBT;UF;3304557;923846.891;9809;646;4734;2938;615;876;
EBT;UF;3304706;1.0000;1;0;1;0;0;0;
EBT;UF;3304805;0.5000;1;1;0;0;0;0;
EBT;UF;3304904;683.8516;140;24;92;20;0;4;
EBT;UF;3305000;82.2500;17;3;11;1;2;0;
EBT;UF;3305109;213.5273;63;8;45;9;0;1;
EBT;UF;3305208;41.2148;21;4;16;1;0;0;
EBT;UF;3305505;3.5000;3;1;2;0;0;0;
EBT;UF;3305554;507.0000;12;5;3;0;1;3;
EBT;UF;3305752;2.0000;1;0;1;0;0;0;
EBT;UF;3305802;10146.4063;26;2;13;1;1;9;
EBT;UF;3306008;258.5000;33;1;20;10;1;1;
EBT;UF;3306107;6.4648;5;2;3;0;0;0;
EBT;UF;3306206;0.5000;1;1;0;0;0;0;
EBT;UF;3306305;2967.7500;65;6;36;9;7;7;
EBT;UF;3500105;155.0000;1;0;0;0;0;1;
EBT;UF;3500709;108.0000;3;0;1;1;0;1;
EBT;UF;3501004;0.2500;1;1;0;0;0;0;
EBT;UF;3501152;52.0000;2;0;1;0;0;1;
EBT;UF;3501608;3510.1094;169;24;98;20;7;20;
EBT;UF;3501707;310.0000;2;0;0;0;0;2;
EBT;UF;3502101;1823.0000;10;0;6;1;0;3;
EBT;UF;3502507;21.2500;6;1;2;3;0;0;
EBT;UF;3502804;548.7148;23;3;10;7;0;3;
EBT;UF;3503000;2.5000;2;1;1;0;0;0;
EBT;UF;3503208;4029.9648;121;16;62;14;5;24;
EBT;UF;3503307;87.9180;49;9;39;1;0;0;
EBT;UF;3503901;132.7500;19;4;13;1;0;1;
EBT;UF;3504008;1026.6250;23;3;8;5;1;6;
EBT;UF;3504107;33.4648;18;4;13;1;0;0;
EBT;UF;3504503;2.0000;1;0;1;0;0;0;
EBT;UF;3505302;8.0000;4;0;4;0;0;0;
EBT;UF;3505500;669.5156;13;0;3;5;0;5;
EBT;UF;3505708;110735.258;737;59;246;193;80;159;
EBT;UF;3505906;1.2598;3;2;1;0;0;0;
EBT;UF;3506003;14053.0391;289;15;112;70;15;77;
EBT;UF;3506102;2062.9141;56;10;22;9;3;12;
EBT;UF;3506359;8.5000;11;7;4;0;0;0;
EBT;UF;3506508;235.5000;3;1;0;0;0;2;
EBT;UF;3507001;299.5000;10;1;3;4;0;2;
EBT;UF;3507506;1734.2187;57;1;35;9;2;10;
EBT;UF;3507605;1589.0625;34;10;6;5;4;9;
EBT;UF;3507803;2.2500;2;1;1;0;0;0;
EBT;UF;3508207;2.5000;2;1;1;0;0;0;
EBT;UF;3508405;24.5000;8;1;5;2;0;0;
EBT;UF;3508504;135.2500;7;1;5;0;0;1;
EBT;UF;3508603;1375.0000;6;0;1;0;2;3;
EBT;UF;3509007;1.0000;1;0;1;0;0;0;
EBT;UF;3509205;2155.3555;108;13;46;32;9;8;
EBT;UF;3509254;155.2500;2;1;0;0;0;1;
EBT;UF;3509403;1.2500;2;1;1;0;0;0;
EBT;UF;3509502;68686.9922;925;76;446;176;53;174;
EBT;UF;3509700;28.3750;16;6;9;1;0;0;
EBT;UF;3510005;0.7500;2;2;0;0;0;0;
EBT;UF;3510401;2.0000;1;0;1;0;0;0;
EBT;UF;3510500;184.2500;10;1;6;2;0;1;
EBT;UF;3510609;2.4648;2;0;2;0;0;0;
EBT;UF;3511102;483.2109;28;1;12;12;1;2;
EBT;UF;3511508;0.5000;1;1;0;0;0;0;
EBT;UF;3512803;10.5625;6;2;3;1;0;0;
EBT;UF;3513009;3069.9570;48;10;24;8;2;4;
EBT;UF;3513504;1119.7969;36;4;15;6;4;7;
EBT;UF;3513702;1.5625;6;6;0;0;0;0;
EBT;UF;3513801;4030.4648;331;45;204;54;6;22;
EBT;UF;3514403;4.0000;2;0;2;0;0;0;
EBT;UF;3515186;4.2500;3;1;2;0;0;0;
EBT;UF;3515707;7.7500;6;2;4;0;0;0;
EBT;UF;3516200;3341.7441;104;14;64;4;2;20;
EBT;UF;3516408;2.0000;1;0;1;0;0;0;
EBT;UF;3516705;28.2500;7;1;5;0;1;0;
EBT;UF;3516903;2.0000;1;0;1;0;0;0;
EBT;UF;3517000;2.0000;1;0;1;0;0;0;
EBT;UF;3517406;1.2646;4;3;1;0;0;0;
EBT;UF;3517703;15.7686;11;3;8;0;0;0;
EBT;UF;3518305;155.0000;1;0;0;0;0;1;
EBT;UF;3518404;80.9922;52;9;43;0;0;0;
EBT;UF;3518701;1708.0937;105;16;68;14;3;4;
EBT;UF;3518800;3100.7617;630;98;416;91;12;13;
EBT;UF;3519071;12794.5000;77;3;20;8;10;36;
EBT;UF;3520103;0.5000;1;1;0;0;0;0;
EBT;UF;3520509;2459.4922;91;14;46;12;4;15;
EBT;UF;3521002;4.0000;2;0;2;0;0;0;
EBT;UF;3521309;4.7686;5;3;2;0;0;0;
EBT;UF;3521408;2.0000;1;0;1;0;0;0;
EBT;UF;3522208;11.4648;2;0;1;1;0;0;
EBT;UF;3522307;619.7500;9;2;0;2;1;4;
EBT;UF;3522505;17.5391;5;0;2;3;0;0;
EBT;UF;3522604;2.5625;5;3;2;0;0;0;
EBT;UF;3523107;234.6797;34;12;14;6;1;1;
EBT;UF;3523909;3965.7187;104;10;48;19;8;19;
EBT;UF;3524006;0.1250;1;1;0;0;0;0;
EBT;UF;3524105;3.7500;4;2;2;0;0;0;
EBT;UF;3524303;231.2500;10;1;1;6;1;1;
EBT;UF;3524402;704.6914;136;16;97;17;3;3;
EBT;UF;3524709;806.5000;17;5;4;1;2;5;
EBT;UF;3525003;198.4648;15;3;7;4;0;1;
EBT;UF;3525102;2.7500;4;2;2;0;0;0;
EBT;UF;3525201;20.0000;1;0;0;0;1;0;
EBT;UF;3525300;2413.5156;67;0;38;12;3;14;
EBT;UF;3525904;10756.2305;353;44;177;75;16;41;
EBT;UF;3526704;9.9648;7;1;6;0;0;0;
EBT;UF;3526803;1722.0000;28;0;11;3;3;11;
EBT;UF;3526902;2791.8086;125;10;81;14;4;16;
EBT;UF;3527108;2486.7031;45;7;13;8;2;15;
EBT;UF;3527207;10.0000;5;0;5;0;0;0;
EBT;UF;3527306;437.2148;20;3;10;3;1;3;
EBT;UF;3528007;2048.0000;2;0;0;0;0;2;
EBT;UF;3528403;12.5000;7;1;6;0;0;0;
EBT;UF;3528502;4.7500;4;2;2;0;0;0;
EBT;UF;3529005;3539.5000;121;13;54;25;8;21;
EBT;UF;3529302;318.0000;3;0;0;1;0;2;
EBT;UF;3529401;1626.5820;173;32;109;21;3;8;
EBT;UF;3529708;5.7500;5;2;3;0;0;0;
EBT;UF;3530300;334.0000;6;0;2;2;0;2;
EBT;UF;3530508;4.0000;5;3;2;0;0;0;
EBT;UF;3530607;6611.9219;281;51;165;30;18;17;
EBT;UF;3530706;82.6367;46;7;38;1;0;0;
EBT;UF;3530805;570.9062;31;0;27;1;0;3;
EBT;UF;3531100;10.8750;9;3;6;0;0;0;
EBT;UF;3531902;3.2500;5;3;2;0;0;0;
EBT;UF;3532009;7.0000;4;0;4;0;0;0;
EBT;UF;3533007;1.0000;1;0;1;0;0;0;
EBT;UF;3533403;19.5000;14;3;11;0;0;0;
EBT;UF;3534401;7347.9473;206;19;89;58;14;26;
EBT;UF;3534609;166.2500;4;1;1;1;0;1;
EBT;UF;3534708;1636.5000;33;1;11;8;2;11;
EBT;UF;3535309;1.0000;1;0;1;0;0;0;
EBT;UF;3535507;10.0000;1;0;0;1;0;0;
EBT;UF;3536505;6.3125;5;2;3;0;0;0;
EBT;UF;3536703;35.0000;2;0;1;0;1;0;
EBT;UF;3537107;3.5156;2;0;2;0;0;0;
EBT;UF;3537305;1.0000;1;0;1;0;0;0;
EBT;UF;3537404;3.3125;6;5;1;0;0;0;
EBT;UF;3537602;2.0000;1;0;1;0;0;0;
EBT;UF;3538006;5305.5898;44;4;30;4;0;6;
EBT;UF;3538709;7241.7383;151;24;82;20;7;18;
EBT;UF;3539004;2.0000;1;0;1;0;0;0;
EBT;UF;3539301;18.2773;12;3;9;0;0;0;
EBT;UF;3539806;1198.2891;56;2;10;6;32;6;
EBT;UF;3541000;76.0195;43;13;28;1;1;0;
EBT;UF;3541307;0.2500;1;1;0;0;0;0;
EBT;UF;3541406;3379.0781;109;8;54;19;8;20;
EBT;UF;3541505;20.5000;5;1;3;0;1;0;
EBT;UF;3542206;13.0000;3;0;2;1;0;0;
EBT;UF;3542404;2.0000;1;0;1;0;0;0;
EBT;UF;3543303;30.8125;16;5;10;1;0;0;
EBT;UF;3543402;18244.0000;530;38;249;130;16;97;
EBT;UF;3543907;2072.6836;127;17;79;17;2;12;
EBT;UF;3544004;156.7500;4;2;1;0;0;1;
EBT;UF;3544103;7.2500;5;1;4;0;0;0;
EBT;UF;3544202;2.0000;1;0;1;0;0;0;
EBT;UF;3545209;649.4648;14;0;7;3;0;4;
EBT;UF;3545803;307.5742;59;3;45;10;0;1;
EBT;UF;3546306;2.0000;1;0;1;0;0;0;
EBT;UF;3546405;23.0000;5;2;1;2;0;0;
EBT;UF;3547304;8739.3633;63;4;24;13;4;18;
EBT;UF;3547809;16830.4609;482;86;255;66;13;62;
EBT;UF;3548500;16696.1484;436;34;223;107;19;53;
EBT;UF;3548708;16586.6797;769;178;376;93;47;75;
EBT;UF;3548807;7938.4961;209;30;105;44;13;17;
EBT;UF;3548906;3619.8398;73;2;36;22;0;13;
EBT;UF;3549409;7.6250;10;6;4;0;0;0;
EBT;UF;3549706;22.8125;10;3;6;1;0;0;
EBT;UF;3549805;7927.7148;106;1;29;40;6;30;
EBT;UF;3549904;10380.2226;497;60;304;85;15;33;
EBT;UF;3550100;5.2500;6;3;3;0;0;0;
EBT;UF;3550308;510442.941;13146;1160;5905;3539;802;1740;
EBT;UF;3550605;12.3750;12;5;7;0;0;0;
EBT;UF;3550704;18.0000;4;0;2;2;0;0;
EBT;UF;3551009;3192.9844;105;26;59;12;0;8;
EBT;UF;3551702;656.5000;15;1;8;2;0;4;
EBT;UF;3552205;15738.9609;477;41;237;90;25;84;
EBT;UF;3552403;105.5000;18;2;12;1;3;0;
EBT;UF;3552502;232.8750;53;13;37;1;0;2;
EBT;UF;3552809;12525.7500;36;2;12;9;2;11;
EBT;UF;3553401;2.0000;1;0;1;0;0;0;
EBT;UF;3554102;2764.4102;184;32;106;19;12;15;
EBT;UF;3554508;11.0000;5;0;4;1;0;0;
EBT;UF;3555000;12.0000;2;0;1;1;0;0;
EBT;UF;3555406;0.5000;1;1;0;0;0;0;
EBT;UF;3556206;1175.7148;46;9;22;6;1;8;
EBT;UF;3556404;0.5000;1;1;0;0;0;0;
EBT;UF;3556503;0.2500;1;1;0;0;0;0;
EBT;UF;3556701;212.4063;11;2;5;2;1;1;
EBT;UF;3557006;1033.2148;55;8;36;5;0;6;
EBT;UF;3557105;26.1250;11;2;8;1;0;0;
EBT;UF;3557303;0.2500;1;1;0;0;0;0;
EBT;UF;4100202;0.2500;1;1;0;0;0;0;
EBT;UF;4100301;0.2500;1;1;0;0;0;0;
EBT;UF;4100400;27.2656;16;6;8;2;0;0;
EBT;UF;4100509;1.0000;1;0;1;0;0;0;
EBT;UF;4100608;1.0000;1;0;1;0;0;0;
EBT;UF;4100707;1.2500;2;1;1;0;0;0;
EBT;UF;4100806;1.2500;2;1;1;0;0;0;
EBT;UF;4100905;1.0000;3;3;0;0;0;0;
EBT;UF;4101002;0.5000;1;1;0;0;0;0;
EBT;UF;4101101;12.7500;9;2;7;0;0;0;
EBT;UF;4101408;165.9063;39;4;26;8;1;0;
EBT;UF;4101507;2126.0781;23;2;12;7;0;2;
EBT;UF;4101606;3.0000;2;0;2;0;0;0;
EBT;UF;4101705;1.0000;1;0;1;0;0;0;
EBT;UF;4101804;838.5898;130;33;72;17;5;3;
EBT;UF;4101903;3.0000;2;0;2;0;0;0;
EBT;UF;4102000;3.0000;2;0;2;0;0;0;
EBT;UF;4102109;1.0000;1;0;1;0;0;0;
EBT;UF;4102307;15.5000;10;1;9;0;0;0;
EBT;UF;4102406;18.1875;10;5;4;1;0;0;
EBT;UF;4102505;3.0000;2;0;2;0;0;0;
EBT;UF;4102802;7.2500;5;1;4;0;0;0;
EBT;UF;4102901;1.0000;1;0;1;0;0;0;
EBT;UF;4103057;0.2500;1;1;0;0;0;0;
EBT;UF;4103206;0.2500;1;1;0;0;0;0;
EBT;UF;4103354;0.2500;1;1;0;0;0;0;
EBT;UF;4103503;0.2500;1;1;0;0;0;0;
EBT;UF;4103602;4.2500;3;1;2;0;0;0;
EBT;UF;4103701;66.5781;49;15;32;2;0;0;
EBT;UF;4103800;1.0000;3;3;0;0;0;0;
EBT;UF;4104006;6.2813;6;1;5;0;0;0;
EBT;UF;4104105;0.2500;1;1;0;0;0;0;
EBT;UF;4104204;139.0000;27;4;14;8;0;1;
EBT;UF;4104253;4.2500;4;1;3;0;0;0;
EBT;UF;4104303;18.9297;11;0;11;0;0;0;
EBT;UF;4104428;10.0000;5;3;1;1;0;0;
EBT;UF;4104501;1.2500;2;1;1;0;0;0;
EBT;UF;4104659;27.4375;7;3;2;1;1;0;
EBT;UF;4104709;2.0000;1;0;1;0;0;0;
EBT;UF;4104808;2551.9531;170;42;96;26;4;2;
EBT;UF;4104907;26.9531;32;20;11;1;0;0;
EBT;UF;4105003;0.2500;1;1;0;0;0;0;
EBT;UF;4105102;3.0000;2;0;2;0;0;0;
EBT;UF;4105409;3.1250;3;1;2;0;0;0;
EBT;UF;4105508;86.6563;39;11;24;4;0;0;
EBT;UF;4105607;0.2500;1;1;0;0;0;0;
EBT;UF;4105706;3.0000;2;0;2;0;0;0;
EBT;UF;4105805;258.6172;57;16;34;5;1;1;
EBT;UF;4106001;0.7500;2;2;0;0;0;0;
EBT;UF;4106209;1.0000;1;0;1;0;0;0;
EBT;UF;4106308;1.0000;1;0;1;0;0;0;
EBT;UF;4106407;53.2500;8;1;4;2;1;0;
EBT;UF;4106506;1.5625;4;3;1;0;0;0;
EBT;UF;4106605;1.0000;1;0;1;0;0;0;
EBT;UF;4106704;0.2500;1;1;0;0;0;0;
EBT;UF;4106803;2.0000;1;0;1;0;0;0;
EBT;UF;4106902;49345.4531;2028;357;978;426;151;116;
EBT;UF;4107009;2.0000;2;0;2;0;0;0;
EBT;UF;4107108;0.5000;2;2;0;0;0;0;
EBT;UF;4107207;10.5547;9;2;7;0;0;0;
EBT;UF;4107256;12.8750;4;3;0;1;0;0;
EBT;UF;4107306;1.0000;3;3;0;0;0;0;
EBT;UF;4107405;0.2500;1;1;0;0;0;0;
EBT;UF;4107504;0.2500;1;1;0;0;0;0;
EBT;UF;4107538;1.0000;1;0;1;0;0;0;
EBT;UF;4107603;1.0000;1;0;1;0;0;0;
EBT;UF;4107652;366.8359;24;6;14;1;1;2;
EBT;UF;4107702;0.2500;1;1;0;0;0;0;
EBT;UF;4107736;6.0000;2;0;1;1;0;0;
EBT;UF;4107801;3.0000;4;3;1;0;0;0;
EBT;UF;4107900;2.2500;2;1;1;0;0;0;
EBT;UF;4108007;1.5000;3;2;1;0;0;0;
EBT;UF;4108106;0.2500;1;1;0;0;0;0;
EBT;UF;4108205;1.2500;2;1;1;0;0;0;
EBT;UF;4108304;404.8750;165;62;92;9;1;1;
EBT;UF;4108320;0.7500;2;2;0;0;0;0;
EBT;UF;4108403;60.0781;22;7;14;0;1;0;
EBT;UF;4108452;0.0625;1;1;0;0;0;0;
EBT;UF;4108502;2.0000;1;0;1;0;0;0;
EBT;UF;4108551;0.2500;1;1;0;0;0;0;
EBT;UF;4108601;6.3125;9;5;4;0;0;0;
EBT;UF;4108700;1.0000;1;0;1;0;0;0;
EBT;UF;4108809;17.5000;10;1;9;0;0;0;
EBT;UF;4109302;1.0000;1;0;1;0;0;0;
EBT;UF;4109401;684.8281;35;7;24;3;0;1;
EBT;UF;4109500;2.5000;3;2;1;0;0;0;
EBT;UF;4109609;9.0000;5;0;5;0;0;0;
EBT;UF;4109708;3.0000;2;0;2;0;0;0;
EBT;UF;4109807;17.3750;25;14;11;0;0;0;
EBT;UF;4110102;1.0000;1;0;1;0;0;0;
EBT;UF;4110201;0.2500;1;1;0;0;0;0;
EBT;UF;4110607;1.0000;1;0;1;0;0;0;
EBT;UF;4110706;15.7500;27;21;6;0;0;0;
EBT;UF;4110904;0.2500;1;1;0;0;0;0;
EBT;UF;4110953;1.0000;1;0;1;0;0;0;
EBT;UF;4111407;0.2500;1;1;0;0;0;0;
EBT;UF;4111506;5.2500;4;1;3;0;0;0;
EBT;UF;4111803;12.7500;10;4;6;0;0;0;
EBT;UF;4112009;2.2500;4;3;1;0;0;0;
EBT;UF;4112108;3.6250;6;4;2;0;0;0;
EBT;UF;4112504;1.0000;1;0;1;0;0;0;
EBT;UF;4112702;1.7500;3;2;1;0;0;0;
EBT;UF;4112801;1.0000;1;0;1;0;0;0;
EBT;UF;4113205;3.0625;3;1;2;0;0;0;
EBT;UF;4113304;2.7500;4;2;2;0;0;0;
EBT;UF;4113502;3.0000;2;0;2;0;0;0;
EBT;UF;4113601;14.0000;4;0;3;1;0;0;
EBT;UF;4113700;8988.3320;348;92;148;73;15;20;
EBT;UF;4113734;0.2500;1;1;0;0;0;0;
EBT;UF;4113809;1.0000;1;0;1;0;0;0;
EBT;UF;4114005;1.0000;1;0;1;0;0;0;
EBT;UF;4114104;6.2500;6;3;3;0;0;0;
EBT;UF;4114203;45.0000;14;6;6;1;1;0;
EBT;UF;4114351;0.2500;1;1;0;0;0;0;
EBT;UF;4114401;4.2500;4;1;3;0;0;0;
EBT;UF;4114500;1.2500;2;1;1;0;0;0;
EBT;UF;4114609;0.5000;1;1;0;0;0;0;
EBT;UF;4114807;11.7500;7;2;4;1;0;0;
EBT;UF;4114906;3.0000;2;0;2;0;0;0;
EBT;UF;4115101;0.2500;1;1;0;0;0;0;
EBT;UF;4115200;6664.6211;328;76;167;71;5;9;
EBT;UF;4115309;0.2500;1;1;0;0;0;0;
EBT;UF;4115358;1.0000;1;0;1;0;0;0;
EBT;UF;4115606;3.2500;3;1;2;0;0;0;
EBT;UF;4115705;5.0000;3;0;3;0;0;0;
EBT;UF;4115804;3.2500;3;1;2;0;0;0;
EBT;UF;4116059;0.5000;1;1;0;0;0;0;
EBT;UF;4116208;1.0000;1;0;1;0;0;0;
EBT;UF;4116703;1.0000;1;0;1;0;0;0;
EBT;UF;4116901;2.3750;5;4;1;0;0;0;
EBT;UF;4117008;0.2500;1;1;0;0;0;0;
EBT;UF;4117107;1.0000;1;0;1;0;0;0;
EBT;UF;4117206;0.2500;1;1;0;0;0;0;
EBT;UF;4117271;0.7500;2;2;0;0;0;0;
EBT;UF;4117503;9.3750;7;2;5;0;0;0;
EBT;UF;4117602;6.5000;5;1;4;0;0;0;
EBT;UF;4117701;3.0000;2;0;2;0;0;0;
EBT;UF;4117909;7.5000;6;2;4;0;0;0;
EBT;UF;4118105;1.0000;1;0;1;0;0;0;
EBT;UF;4118204;489.1563;121;22;79;17;2;1;
EBT;UF;4118402;113.8594;51;16;32;2;1;0;
EBT;UF;4118451;1.7500;3;2;1;0;0;0;
EBT;UF;4118501;80.5625;36;8;26;1;1;0;
EBT;UF;4118600;0.2500;1;1;0;0;0;0;
EBT;UF;4118709;0.2500;1;1;0;0;0;0;
EBT;UF;4118907;1.0000;1;0;1;0;0;0;
EBT;UF;4119152;289.7266;63;3;42;14;4;0;
EBT;UF;4119202;0.2500;1;1;0;0;0;0;
EBT;UF;4119301;37.5625;6;3;2;0;1;0;
EBT;UF;4119400;2.0000;1;0;1;0;0;0;
EBT;UF;4119509;13.5625;13;6;7;0;0;0;
EBT;UF;4119608;3.0000;2;0;2;0;0;0;
EBT;UF;4119707;0.2500;1;1;0;0;0;0;
EBT;UF;4119806;1.0000;1;0;1;0;0;0;
EBT;UF;4119905;566.6719;147;42;79;20;5;1;
EBT;UF;4119954;12.7500;9;2;7;0;0;0;
EBT;UF;4120002;3.0000;2;0;2;0;0;0;
EBT;UF;4120101;0.5000;2;2;0;0;0;0;
EBT;UF;4120309;0.2500;1;1;0;0;0;0;
EBT;UF;4120606;3.2500;3;1;2;0;0;0;
EBT;UF;4120705;1.0000;3;3;0;0;0;0;
EBT;UF;4120804;449.0000;26;5;12;4;3;2;
EBT;UF;4120853;1.0000;1;0;1;0;0;0;
EBT;UF;4120903;3.0000;2;0;2;0;0;0;
EBT;UF;4121307;0.2500;1;1;0;0;0;0;
EBT;UF;4121406;3.2500;3;1;2;0;0;0;
EBT;UF;4121505;1.0000;1;0;1;0;0;0;
EBT;UF;4121604;0.7500;2;2;0;0;0;0;
EBT;UF;4121703;3.0000;2;0;2;0;0;0;
EBT;UF;4121901;1.0000;1;0;1;0;0;0;
EBT;UF;4122008;1.0000;1;0;1;0;0;0;
EBT;UF;4122206;1.7500;3;2;1;0;0;0;
EBT;UF;4122305;47.7500;19;9;5;5;0;0;
EBT;UF;4122404;62.5156;27;3;22;2;0;0;
EBT;UF;4122701;0.2500;1;1;0;0;0;0;
EBT;UF;4122800;0.7500;2;2;0;0;0;0;
EBT;UF;4123204;1.0000;1;0;1;0;0;0;
EBT;UF;4123402;1.0000;1;0;1;0;0;0;
EBT;UF;4123501;4.0000;3;0;3;0;0;0;
EBT;UF;4123709;1.0000;1;0;1;0;0;0;
EBT;UF;4123808;1.0000;1;0;1;0;0;0;
EBT;UF;4123907;1.2500;2;1;1;0;0;0;
EBT;UF;4124020;1.0000;1;0;1;0;0;0;
EBT;UF;4124053;1.0625;2;1;1;0;0;0;
EBT;UF;4124103;13.0625;8;1;7;0;0;0;
EBT;UF;4124301;0.2500;1;1;0;0;0;0;
EBT;UF;4124400;1.0000;1;0;1;0;0;0;
EBT;UF;4124509;2.2500;3;1;2;0;0;0;
EBT;UF;4124608;0.2500;1;1;0;0;0;0;
EBT;UF;4124707;2.2500;3;1;2;0;0;0;
EBT;UF;4124905;0.2500;1;1;0;0;0;0;
EBT;UF;4125001;4.0000;3;0;3;0;0;0;
EBT;UF;4125357;0.2500;1;1;0;0;0;0;
EBT;UF;4125506;23590.7734;332;60;200;51;8;13;
EBT;UF;4125605;5.7500;6;2;4;0;0;0;
EBT;UF;4125704;20.0000;5;2;2;0;1;0;
EBT;UF;4126009;0.5000;2;2;0;0;0;0;
EBT;UF;4126207;0.2500;1;1;0;0;0;0;
EBT;UF;4126256;20.2656;22;10;12;0;0;0;
EBT;UF;4126306;1.0000;1;0;1;0;0;0;
EBT;UF;4126504;5.0000;3;0;3;0;0;0;
EBT;UF;4126603;3.0000;2;0;2;0;0;0;
EBT;UF;4126678;1.2500;2;1;1;0;0;0;
EBT;UF;4126801;3.0000;2;0;2;0;0;0;
EBT;UF;4126900;0.2500;1;1;0;0;0;0;
EBT;UF;4127007;1.5000;3;2;1;0;0;0;
EBT;UF;4127106;36.5313;13;1;11;0;1;0;
EBT;UF;4127403;3.0000;2;0;2;0;0;0;
EBT;UF;4127502;1.0000;1;0;1;0;0;0;
EBT;UF;4127700;207.0625;43;13;20;9;0;1;
EBT;UF;4127809;1.2500;2;1;1;0;0;0;
EBT;UF;4128104;218.4219;48;5;30;11;1;1;
EBT;UF;4128203;19.0000;11;0;11;0;0;0;
EBT;UF;4128401;3.0000;2;0;2;0;0;0;
EBT;UF;4128500;2.0000;2;0;2;0;0;0;
EBT;UF;4128708;4.5000;4;2;2;0;0;0;
EBT;UF;4128807;0.2500;1;1;0;0;0;0;
EBT;UF;4200101;3.3750;4;2;2;0;0;0;
EBT;UF;4201307;207.5625;36;5;16;12;3;0;
EBT;UF;4201703;0.2500;1;1;0;0;0;0;
EBT;UF;4202008;264.0703;46;3;26;15;1;1;
EBT;UF;4202073;1.0000;1;0;1;0;0;0;
EBT;UF;4202305;137.7031;60;24;29;5;2;0;
EBT;UF;4202404;3663.4062;307;55;140;77;23;12;
EBT;UF;4202602;5.3750;4;2;1;1;0;0;
EBT;UF;4202909;876.5664;85;9;44;22;4;6;
EBT;UF;4203006;85.8750;19;5;7;6;1;0;
EBT;UF;4203204;33.1250;22;8;12;2;0;0;
EBT;UF;4203600;2.0000;1;0;1;0;0;0;
EBT;UF;4203956;18.7500;5;2;1;2;0;0;
EBT;UF;4204202;760.0938;111;26;55;23;4;3;
EBT;UF;4204251;87.5000;14;4;7;1;2;0;
EBT;UF;4204301;655.0156;21;1;6;7;3;4;
EBT;UF;4204350;0.6875;4;4;0;0;0;0;
EBT;UF;4204509;5.6250;6;3;3;0;0;0;
EBT;UF;4204558;17.0000;5;2;1;2;0;0;
EBT;UF;4204608;491.5000;84;18;34;29;2;1;
EBT;UF;4204806;30.5000;4;1;0;3;0;0;
EBT;UF;4205191;10.0000;1;0;0;1;0;0;
EBT;UF;4205407;6903.2070;444;67;156;154;39;28;
EBT;UF;4205506;10.0000;15;9;6;0;0;0;
EBT;UF;4205704;21.3750;13;5;7;1;0;0;
EBT;UF;4205803;9.0000;3;0;1;2;0;0;
EBT;UF;4205902;117.3750;38;15;15;6;2;0;
EBT;UF;4206504;215.5391;33;7;18;6;1;1;
EBT;UF;4206702;6.6250;7;4;3;0;0;0;
EBT;UF;4207007;44.8125;15;5;7;3;0;0;
EBT;UF;4207106;1.2500;2;1;1;0;0;0;
EBT;UF;4207304;5.5156;3;0;3;0;0;0;
EBT;UF;4207502;270.0781;42;2;24;15;0;1;
EBT;UF;4208203;5287.9805;352;27;184;115;16;10;
EBT;UF;4208807;1.2500;2;1;1;0;0;0;
EBT;UF;4208906;556.6289;85;12;49;20;3;1;
EBT;UF;4209003;211.0000;32;2;18;8;4;0;
EBT;UF;4209102;3462.9727;496;89;221;155;21;10;
EBT;UF;4209300;493.0469;77;17;30;25;3;2;
EBT;UF;4209409;1.0000;1;0;1;0;0;0;
EBT;UF;4209706;1.2500;2;1;1;0;0;0;
EBT;UF;4210035;5.2500;5;1;4;0;0;0;
EBT;UF;4210100;29.9531;28;16;10;2;0;0;
EBT;UF;4210209;3.0000;2;0;2;0;0;0;
EBT;UF;4210605;17.0781;8;3;4;1;0;0;
EBT;UF;4211306;324.6875;61;5;28;23;5;0;
EBT;UF;4211454;1.0000;1;0;1;0;0;0;
EBT;UF;4211603;8.2500;7;1;6;0;0;0;
EBT;UF;4211702;4.2500;5;3;2;0;0;0;
EBT;UF;4211900;655.6523;103;16;61;21;4;1;
EBT;UF;4212205;1.0000;1;0;1;0;0;0;
EBT;UF;4213005;1.3125;4;3;1;0;0;0;
EBT;UF;4213203;53.5000;10;2;3;4;1;0;
EBT;UF;4214706;2.2500;2;1;1;0;0;0;
EBT;UF;4214805;632.2656;85;16;37;24;4;4;
EBT;UF;4215000;43.0000;6;0;4;0;2;0;
EBT;UF;4215109;104.7500;5;2;2;0;0;1;
EBT;UF;4215455;1.0000;1;0;1;0;0;0;
EBT;UF;4215802;389.5742;114;38;55;18;2;1;
EBT;UF;4215901;0.5000;1;1;0;0;0;0;
EBT;UF;4216107;3.5000;4;2;2;0;0;0;
EBT;UF;4216206;398.6875;42;10;11;15;4;2;
EBT;UF;4216255;1.0000;1;0;1;0;0;0;
EBT;UF;4216602;739.5000;121;18;49;47;6;1;
EBT;UF;4216909;50.2500;11;4;4;2;1;0;
EBT;UF;4217006;4.5000;3;1;2;0;0;0;
EBT;UF;4217402;229.5000;9;2;3;1;1;2;
EBT;UF;4217709;620.0000;8;0;2;1;0;5;
EBT;UF;4217907;1.0000;1;0;1;0;0;0;
EBT;UF;4218202;162.0000;23;2;15;5;0;1;
EBT;UF;4218707;285.1836;24;2;14;6;1;1;
EBT;UF;4218806;14.0000;3;0;2;1;0;0;
EBT;UF;4219309;53.2500;27;12;11;3;1;0;
EBT;UF;4219507;35.8125;19;8;10;0;1;0;
EBT;UF;4219705;208.2656;16;5;6;1;3;1;
EBT;UF;4300406;75.8125;42;23;9;10;0;0;
EBT;UF;4300604;151.5000;37;12;14;9;2;0;
EBT;UF;4301008;20.0000;8;2;4;2;0;0;
EBT;UF;4301206;1.0000;1;0;1;0;0;0;
EBT;UF;4301552;1.2500;2;1;1;0;0;0;
EBT;UF;4301602;509.1250;44;9;13;15;5;2;
EBT;UF;4302105;1212.2598;149;11;64;62;9;3;
EBT;UF;4302204;1.0000;1;0;1;0;0;0;
EBT;UF;4302352;6.5000;4;1;2;1;0;0;
EBT;UF;4302709;2.2500;3;1;2;0;0;0;
EBT;UF;4302808;1.0000;1;0;1;0;0;0;
EBT;UF;4302907;0.6250;2;2;0;0;0;0;
EBT;UF;4303004;25.9375;25;13;11;1;0;0;
EBT;UF;4303103;508.4375;93;11;39;38;5;0;
EBT;UF;4303509;320.2891;32;5;14;9;3;1;
EBT;UF;4303806;2.2500;3;1;2;0;0;0;
EBT;UF;4303905;1196.2500;88;20;35;21;5;7;
EBT;UF;4304408;45.2500;18;10;5;2;1;0;
EBT;UF;4304507;4.5000;4;1;3;0;0;0;
EBT;UF;4304606;1620.7988;203;44;78;62;12;7;
EBT;UF;4304630;10604.6250;13;5;2;3;1;2;
EBT;UF;4304663;35.0000;8;2;3;3;0;0;
EBT;UF;4304705;54.5625;32;15;12;5;0;0;
EBT;UF;4304804;101.6875;13;6;3;1;3;0;
EBT;UF;4304903;4.0000;7;4;3;0;0;0;
EBT;UF;4305108;2806.4609;515;86;232;168;23;6;
EBT;UF;4305207;2.0000;2;0;2;0;0;0;
EBT;UF;4305355;34.0000;1;0;0;0;1;0;
EBT;UF;4305439;1.0000;1;0;1;0;0;0;
EBT;UF;4305801;0.2500;1;1;0;0;0;0;
EBT;UF;4305975;2.0000;1;0;1;0;0;0;
EBT;UF;4306056;1.0000;1;0;1;0;0;0;
EBT;UF;4306106;2257.4375;50;22;19;5;1;3;
EBT;UF;4306205;2.5000;3;1;2;0;0;0;
EBT;UF;4306304;1.0000;1;0;1;0;0;0;
EBT;UF;4306403;0.5000;2;2;0;0;0;0;
EBT;UF;4306601;7.0000;2;0;1;1;0;0;
EBT;UF;4306767;1015.2500;46;4;15;17;5;5;
EBT;UF;4307005;10614.0703;62;3;32;20;6;1;
EBT;UF;4307559;118.5000;4;1;1;0;1;1;
EBT;UF;4307609;47.2500;21;6;10;5;0;0;
EBT;UF;4307708;163.4063;51;21;21;7;2;0;
EBT;UF;4307807;29.2500;14;7;5;2;0;0;
EBT;UF;4307906;968.4102;77;6;27;33;10;1;
EBT;UF;4308102;4.0000;4;0;4;0;0;0;
EBT;UF;4308508;5.0000;8;4;4;0;0;0;
EBT;UF;4308607;250.8125;61;13;29;17;2;0;
EBT;UF;4308904;13.5000;7;4;2;1;0;0;
EBT;UF;4309001;2.5625;5;3;2;0;0;0;
EBT;UF;4309050;10.1406;4;2;1;1;0;0;
EBT;UF;4309100;104.7813;37;12;20;4;1;0;
EBT;UF;4309209;594.3203;152;44;56;47;4;1;
EBT;UF;4309308;179.6875;35;16;11;4;4;0;
EBT;UF;4309407;5.0000;6;3;3;0;0;0;
EBT;UF;4309605;5.8750;11;7;4;0;0;0;
EBT;UF;4309803;1.0000;1;0;1;0;0;0;
EBT;UF;4310108;20.7500;19;10;6;3;0;0;
EBT;UF;4310207;83.0625;18;3;9;5;1;0;
EBT;UF;4310330;2.1250;5;4;1;0;0;0;
EBT;UF;4310603;2.0000;1;0;1;0;0;0;
EBT;UF;4310801;15.5000;12;8;3;1;0;0;
EBT;UF;4311007;8.9375;8;4;3;1;0;0;
EBT;UF;4311205;4.7500;5;2;3;0;0;0;
EBT;UF;4311403;1123.5625;36;7;20;8;0;1;
EBT;UF;4311809;97.1250;17;9;4;2;2;0;
EBT;UF;4312401;69.0625;32;17;10;4;1;0;
EBT;UF;4312500;1.0000;1;0;1;0;0;0;
EBT;UF;4312658;10.0000;1;0;0;1;0;0;
EBT;UF;4312708;0.3750;6;6;0;0;0;0;
EBT;UF;4312906;6.2500;4;1;2;1;0;0;
EBT;UF;4313060;14.5000;4;1;2;1;0;0;
EBT;UF;4313201;57.5625;12;5;1;5;1;0;
EBT;UF;4313300;22.5625;15;6;8;1;0;0;
EBT;UF;4313375;38.5469;4;0;3;0;1;0;
EBT;UF;4313409;1207.2539;178;35;74;60;8;1;
EBT;UF;4313508;50.3750;27;15;8;4;0;0;
EBT;UF;4313656;0.5000;1;1;0;0;0;0;
EBT;UF;4313706;7.5625;10;5;5;0;0;0;
EBT;UF;4313904;78.8125;31;17;10;3;1;0;
EBT;UF;4314050;36.6875;23;14;7;2;0;0;
EBT;UF;4314100;1140.5156;119;23;49;33;11;3;
EBT;UF;4314308;0.2500;1;1;0;0;0;0;
EBT;UF;4314407;2208.9531;99;23;49;18;5;4;
EBT;UF;4314506;4.0000;1;0;0;1;0;0;
EBT;UF;4314803;12.7656;8;4;3;1;0;0;
EBT;UF;4314902;52538.1406;1312;138;427;511;135;101;
EBT;UF;4315206;1.0000;1;0;1;0;0;0;
EBT;UF;4315305;1.0000;1;0;1;0;0;0;
EBT;UF;4315503;0.5000;1;1;0;0;0;0;
EBT;UF;4315602;2291.0156;123;36;43;30;8;6;
EBT;UF;4315701;3.3750;6;4;2;0;0;0;
EBT;UF;4315800;2.0000;2;0;2;0;0;0;
EBT;UF;4316402;169.2500;12;6;4;1;0;1;
EBT;UF;4316501;0.3125;2;2;0;0;0;0;
EBT;UF;4316709;1.0000;1;0;1;0;0;0;
EBT;UF;4316808;2760.6875;64;12;19;24;3;6;
EBT;UF;4316907;1872.0938;148;59;53;30;2;4;
EBT;UF;4317103;132.5625;18;3;8;5;1;1;
EBT;UF;4317202;5.0000;4;0;4;0;0;0;
EBT;UF;4317301;2.0000;1;0;1;0;0;0;
EBT;UF;4317400;6.9375;11;7;4;0;0;0;
EBT;UF;4317509;458.0000;15;0;7;6;0;2;
EBT;UF;4317608;12.7500;9;6;2;1;0;0;
EBT;UF;4317905;1.5000;2;1;1;0;0;0;
EBT;UF;4318002;2.0000;1;0;1;0;0;0;
EBT;UF;4318101;1.5000;3;2;1;0;0;0;
EBT;UF;4318200;1.7500;3;2;1;0;0;0;
EBT;UF;4318309;2.5000;3;1;2;0;0;0;
EBT;UF;4318507;0.2500;1;1;0;0;0;0;
EBT;UF;4318705;1347.0000;109;30;35;35;5;4;
EBT;UF;4318804;102.4375;6;3;2;0;0;1;
EBT;UF;4319000;10.0000;1;0;0;1;0;0;
EBT;UF;4319406;3.0000;5;3;2;0;0;0;
EBT;UF;4319505;24.0625;12;6;3;3;0;0;
EBT;UF;4319802;1.5000;3;2;1;0;0;0;
EBT;UF;4319901;96.5156;17;0;9;7;1;0;
EBT;UF;4320008;148.1875;45;17;15;12;1;0;
EBT;UF;4320107;128.8750;12;7;2;1;1;1;
EBT;UF;4320206;0.2500;1;1;0;0;0;0;
EBT;UF;4320404;4.5625;5;2;3;0;0;0;
EBT;UF;4320701;1.0000;1;0;1;0;0;0;
EBT;UF;4320800;2.0000;2;0;2;0;0;0;
EBT;UF;4320909;1.0000;1;0;1;0;0;0;
EBT;UF;4321204;224.0000;21;9;9;1;0;2;
EBT;UF;4321303;6.0000;3;0;3;0;0;0;
EBT;UF;4321451;1452.4531;25;12;5;1;2;5;
EBT;UF;4321501;21.8906;24;18;4;2;0;0;
EBT;UF;4321600;30.4531;24;17;5;2;0;0;
EBT;UF;4321709;2.7500;4;2;2;0;0;0;
EBT;UF;4321808;1.0000;1;0;1;0;0;0;
EBT;UF;4322004;32.0000;1;0;0;0;1;0;
EBT;UF;4322400;10851.3750;39;9;10;13;3;4;
EBT;UF;4322509;288.0859;41;4;19;17;0;1;
EBT;UF;4322608;65.7500;20;6;8;6;0;0;
EBT;UF;4322806;1.0000;1;0;1;0;0;0;
EBT;UF;4323002;128.3750;32;15;10;3;4;0;
EBT;UF;4323408;1.7500;3;2;1;0;0;0;
EBT;UF;4323804;3.0625;9;8;1;0;0;0;
EBT;UF;5000203;104.0000;16;0;5;10;1;0;
EBT;UF;5001003;3.0000;2;0;2;0;0;0;
EBT;UF;5001102;1.5000;2;1;1;0;0;0;
EBT;UF;5002407;4.0000;2;0;2;0;0;0;
EBT;UF;5002704;19478.2344;622;110;244;199;37;32;
EBT;UF;5002902;0.5000;1;1;0;0;0;0;
EBT;UF;5002951;4.0625;3;1;2;0;0;0;
EBT;UF;5003207;103.0000;14;0;8;4;2;0;
EBT;UF;5003256;2.0000;1;0;1;0;0;0;
EBT;UF;5003306;24.0000;3;0;2;0;1;0;
EBT;UF;5003504;0.5000;1;1;0;0;0;0;
EBT;UF;5003702;1366.3125;76;10;33;24;4;5;
EBT;UF;5003751;1.0000;1;0;1;0;0;0;
EBT;UF;5003801;2.0000;1;0;1;0;0;0;
EBT;UF;5004106;2.0000;1;0;1;0;0;0;
EBT;UF;5004502;30.2500;10;3;5;2;0;0;
EBT;UF;5004700;1.0000;1;0;1;0;0;0;
EBT;UF;5005004;2.0000;1;0;1;0;0;0;
EBT;UF;5005103;1.0000;1;0;1;0;0;0;
EBT;UF;5005202;4.0000;2;0;2;0;0;0;
EBT;UF;5005400;448.5000;16;1;5;4;3;3;
EBT;UF;5005608;2.0000;1;0;1;0;0;0;
EBT;UF;5005681;2.0000;1;0;1;0;0;0;
EBT;UF;5005707;8.0000;4;0;4;0;0;0;
EBT;UF;5006002;8.0000;5;2;2;1;0;0;
EBT;UF;5006200;2.0000;1;0;1;0;0;0;
EBT;UF;5006309;10.0000;4;0;3;1;0;0;
EBT;UF;5006358;0.5000;1;1;0;0;0;0;
EBT;UF;5006606;12.0000;7;0;7;0;0;0;
EBT;UF;5006903;2.0000;1;0;1;0;0;0;
EBT;UF;5007109;43.0000;6;0;1;4;1;0;
EBT;UF;5007208;8.0000;4;0;3;1;0;0;
EBT;UF;5007695;2.5000;2;1;1;0;0;0;
EBT;UF;5007703;1.0000;1;0;1;0;0;0;
EBT;UF;5007901;147.5000;13;1;4;4;4;0;
EBT;UF;5008008;2.0000;1;0;1;0;0;0;
EBT;UF;5008305;1744.0000;74;0;32;31;8;3;
EBT;UF;5100201;9.0000;5;0;5;0;0;0;
EBT;UF;5100250;15.5000;9;1;8;0;0;0;
EBT;UF;5100300;0.5000;1;1;0;0;0;0;
EBT;UF;5100409;2.0000;1;0;1;0;0;0;
EBT;UF;5100805;1.0000;1;0;1;0;0;0;
EBT;UF;5101704;2.0000;1;0;1;0;0;0;
EBT;UF;5101803;20.5000;12;1;11;0;0;0;
EBT;UF;5102504;261.0000;68;12;43;10;3;0;
EBT;UF;5102678;3.0000;2;0;2;0;0;0;
EBT;UF;5103056;1.0000;1;0;1;0;0;0;
EBT;UF;5103205;2.0000;1;0;1;0;0;0;
EBT;UF;5103403;32318.3047;1046;148;550;199;92;57;
EBT;UF;5103502;5.5000;4;1;3;0;0;0;
EBT;UF;5104104;0.5000;1;1;0;0;0;0;
EBT;UF;5104609;2.0000;1;0;1;0;0;0;
EBT;UF;5104807;2.0000;1;0;1;0;0;0;
EBT;UF;5105002;103.7500;11;2;4;3;1;1;
EBT;UF;5105101;2.0000;1;0;1;0;0;0;
EBT;UF;5105150;8.0000;4;0;4;0;0;0;
EBT;UF;5105259;2133.2930;198;39;97;41;11;10;
EBT;UF;5105580;0.5000;1;1;0;0;0;0;
EBT;UF;5105622;52.5000;20;3;14;3;0;0;
EBT;UF;5105903;0.5000;1;1;0;0;0;0;
EBT;UF;5106224;709.1875;107;18;59;21;6;3;
EBT;UF;5106257;2.0000;1;0;1;0;0;0;
EBT;UF;5106372;2.0000;1;0;1;0;0;0;
EBT;UF;5106505;2.0000;1;0;1;0;0;0;
EBT;UF;5106752;442.3750;65;21;31;4;7;2;
EBT;UF;5107040;7.5625;6;2;4;0;0;0;
EBT;UF;5107065;0.5000;1;1;0;0;0;0;
EBT;UF;5107107;2.0000;1;0;1;0;0;0;
EBT;UF;5107180;0.5000;1;1;0;0;0;0;
EBT;UF;5107198;0.5625;2;2;0;0;0;0;
EBT;UF;5107602;2219.1133;278;28;169;56;13;12;
EBT;UF;5107800;1.0000;1;0;1;0;0;0;
EBT;UF;5107859;1.2500;2;1;1;0;0;0;
EBT;UF;5107875;2.0000;1;0;1;0;0;0;
EBT;UF;5107909;10029.5859;252;24;160;45;7;16;
EBT;UF;5107925;1695.7500;180;18;102;44;5;11;
EBT;UF;5107958;13.3750;12;6;6;0;0;0;
EBT;UF;5108402;2510.6523;194;29;88;63;7;7;
EBT;UF;5108600;1.2500;2;1;1;0;0;0;
EBT;UF;5200050;2.0000;1;0;1;0;0;0;
EBT;UF;5200134;1.0000;1;0;1;0;0;0;
EBT;UF;5200258;162.2969;29;6;18;3;1;1;
EBT;UF;5200308;11.7500;14;8;6;0;0;0;
EBT;UF;5200605;0.2500;1;1;0;0;0;0;
EBT;UF;5200803;3.2500;3;1;2;0;0;0;
EBT;UF;5201108;14057.6250;279;32;96;122;13;16;
EBT;UF;5201306;2.0000;1;0;1;0;0;0;
EBT;UF;5201405;3266.5625;229;44;140;38;1;6;
EBT;UF;5201702;1.0000;1;0;1;0;0;0;
EBT;UF;5202502;1.0000;1;0;1;0;0;0;
EBT;UF;5202601;0.2500;1;1;0;0;0;0;
EBT;UF;5203203;1.0000;1;0;1;0;0;0;
EBT;UF;5203302;2.0000;1;0;1;0;0;0;
EBT;UF;5203500;2.0000;1;0;1;0;0;0;
EBT;UF;5203906;4.0000;2;0;2;0;0;0;
EBT;UF;5204003;0.2500;1;1;0;0;0;0;
EBT;UF;5204102;0.5000;1;1;0;0;0;0;
EBT;UF;5204300;2.0000;1;0;1;0;0;0;
EBT;UF;5204508;33.0000;9;2;4;3;0;0;
EBT;UF;5204706;7.7500;6;2;4;0;0;0;
EBT;UF;5204805;0.7500;2;2;0;0;0;0;
EBT;UF;5204904;2.0000;1;0;1;0;0;0;
EBT;UF;5205109;591.3750;48;6;22;10;6;4;
EBT;UF;5205307;1.0000;1;0;1;0;0;0;
EBT;UF;5205406;6.0625;4;1;3;0;0;0;
EBT;UF;5205455;0.2500;1;1;0;0;0;0;
EBT;UF;5205497;7.0000;5;2;3;0;0;0;
EBT;UF;5205513;1.7500;3;2;1;0;0;0;
EBT;UF;5205802;0.2500;1;1;0;0;0;0;
EBT;UF;5205901;1.5000;2;1;1;0;0;0;
EBT;UF;5206206;403.3125;23;4;6;7;3;3;
EBT;UF;5206800;0.2500;1;1;0;0;0;0;
EBT;UF;5207402;2.0000;1;0;1;0;0;0;
EBT;UF;5207501;1.0000;1;0;1;0;0;0;
EBT;UF;5207808;0.2500;1;1;0;0;0;0;
EBT;UF;5208004;11.0000;6;0;6;0;0;0;
EBT;UF;5208103;0.2500;1;1;0;0;0;0;
EBT;UF;5208608;3.0625;3;1;2;0;0;0;
EBT;UF;5208707;47270.7500;999;130;571;180;45;73;
EBT;UF;5208806;8.0000;3;0;2;1;0;0;
EBT;UF;5208905;2.0000;1;0;1;0;0;0;
EBT;UF;5209101;9.0000;9;5;4;0;0;0;
EBT;UF;5209200;2.0000;1;0;1;0;0;0;
EBT;UF;5209705;2.0000;1;0;1;0;0;0;
EBT;UF;5209804;0.2500;1;1;0;0;0;0;
EBT;UF;5209937;2.0000;1;0;1;0;0;0;
EBT;UF;5210000;11.5000;7;1;6;0;0;0;
EBT;UF;5210208;6.0000;3;0;3;0;0;0;
EBT;UF;5210802;0.2500;1;1;0;0;0;0;
EBT;UF;5210901;1.0000;1;0;1;0;0;0;
EBT;UF;5211206;0.5000;1;1;0;0;0;0;
EBT;UF;5211503;144.0000;43;3;32;6;2;0;
EBT;UF;5211800;5.0000;4;2;2;0;0;0;
EBT;UF;5211909;132.0000;18;2;14;1;0;1;
EBT;UF;5212105;0.2500;1;1;0;0;0;0;
EBT;UF;5212204;2.0000;1;0;1;0;0;0;
EBT;UF;5212303;0.2500;1;1;0;0;0;0;
EBT;UF;5212501;120.3906;58;17;32;9;0;0;
EBT;UF;5213004;2.2500;2;1;1;0;0;0;
EBT;UF;5213103;3.0000;3;2;1;0;0;0;
EBT;UF;5213509;0.2500;1;1;0;0;0;0;
EBT;UF;5213756;1.2500;2;1;1;0;0;0;
EBT;UF;5213806;357.4375;19;8;8;0;1;2;
EBT;UF;5213905;0.2500;1;1;0;0;0;0;
EBT;UF;5214002;0.2500;1;1;0;0;0;0;
EBT;UF;5214408;1.0000;1;0;1;0;0;0;
EBT;UF;5214507;2.0000;1;0;1;0;0;0;
EBT;UF;5214606;2.0000;1;0;1;0;0;0;
EBT;UF;5214838;1.0000;1;0;1;0;0;0;
EBT;UF;5215231;23.5625;14;6;7;1;0;0;
EBT;UF;5215306;1.2500;2;1;1;0;0;0;
EBT;UF;5215504;0.2500;1;1;0;0;0;0;
EBT;UF;5215603;1.4648;1;0;1;0;0;0;
EBT;UF;5215702;2.0000;1;0;1;0;0;0;
EBT;UF;5216304;0.2500;1;1;0;0;0;0;
EBT;UF;5216403;1.0000;2;2;0;0;0;0;
EBT;UF;5216809;1.0000;1;0;1;0;0;0;
EBT;UF;5217104;2.0000;1;0;1;0;0;0;
EBT;UF;5217203;0.2500;1;1;0;0;0;0;
EBT;UF;5217401;37.0000;3;0;2;0;1;0;
EBT;UF;5217609;7.5000;5;1;4;0;0;0;
EBT;UF;5218003;105.5000;8;1;3;1;2;1;
EBT;UF;5218508;2.0000;1;0;1;0;0;0;
EBT;UF;5218789;0.2500;1;1;0;0;0;0;
EBT;UF;5218805;6123.5000;105;11;52;28;5;9;
EBT;UF;5218904;2.0000;1;0;1;0;0;0;
EBT;UF;5219100;0.2500;1;1;0;0;0;0;
EBT;UF;5219308;2.0000;1;0;1;0;0;0;
EBT;UF;5219605;2.0000;1;0;1;0;0;0;
EBT;UF;5219753;11.0000;8;2;6;0;0;0;
EBT;UF;5219902;0.2500;1;1;0;0;0;0;
EBT;UF;5220108;2.5000;2;1;1;0;0;0;
EBT;UF;5220405;2.0000;1;0;1;0;0;0;
EBT;UF;5220454;44.0000;20;2;17;1;0;0;
EBT;UF;5220603;2.0000;1;0;1;0;0;0;
EBT;UF;5221403;113.3125;21;6;10;3;1;1;
EBT;UF;5221601;16.0625;14;8;4;2;0;0;
EBT;UF;5221700;0.2500;1;1;0;0;0;0;
EBT;UF;5221809;4.2500;3;1;2;0;0;0;
EBT;UF;5221858;91.9219;42;14;21;6;1;0;
EBT;UF;5222005;2.0000;1;0;1;0;0;0;
EBT;UF;5300108;555587.961;4330;606;1742;1192;310;480;
TLB;UF;3106200;0.2500;1;1;0;0;0;0;
TLB;UF;3304557;1.0000;1;0;1;0;0;0;
TLB;UF;4205407;34.0000;1;0;0;0;1;0;
09;1308;
