01;CLA;IPL4;201501;
EBT;UF;1100023;150.3750;41;5;31;3;2;0;
EBT;UF;1100049;336.6875;88;20;52;14;1;1;
EBT;UF;1100080;0.3750;2;2;0;0;0;0;
EBT;UF;1100098;0.5000;1;1;0;0;0;0;
EBT;UF;1100106;16.0000;6;0;4;2;0;0;
EBT;UF;1100114;109.0000;19;0;16;1;2;0;
EBT;UF;1100122;1089.6875;184;14;141;17;9;3;
EBT;UF;1100155;90.0000;8;0;4;1;3;0;
EBT;UF;1100189;139.3125;45;9;30;4;2;0;
EBT;UF;1100205;15005.2031;780;98;475;137;29;41;
EBT;UF;1100288;4.0000;2;0;2;0;0;0;
EBT;UF;1100296;1.0000;1;0;1;0;0;0;
EBT;UF;1100304;635.6875;139;17;99;16;6;1;
EBT;UF;1100346;1.0000;1;0;1;0;0;0;
EBT;UF;1100452;1.0000;1;0;1;0;0;0;
EBT;UF;1100924;2.0000;1;0;1;0;0;0;
EBT;UF;1101005;1.0000;1;0;1;0;0;0;
EBT;UF;1101468;0.5000;1;1;0;0;0;0;
EBT;UF;1101500;0.1250;1;1;0;0;0;0;
EBT;UF;1200054;2.0000;2;0;2;0;0;0;
EBT;UF;1200104;1.0000;1;0;1;0;0;0;
EBT;UF;1200138;19.0000;7;0;5;2;0;0;
EBT;UF;1200203;5.0000;3;0;3;0;0;0;
EBT;UF;1200252;0.6875;3;3;0;0;0;0;
EBT;UF;1200344;1.0000;1;0;1;0;0;0;
EBT;UF;1200401;7842.5391;384;46;228;77;14;19;
EBT;UF;1200450;4.0000;2;0;2;0;0;0;
EBT;UF;1301100;4.0000;3;0;3;0;0;0;
EBT;UF;1301704;116.3125;10;2;6;1;0;1;
EBT;UF;1301852;2.0000;1;0;1;0;0;0;
EBT;UF;1302603;12738.2500;1028;127;600;194;72;35;
EBT;UF;1303403;2.5000;3;2;1;0;0;0;
EBT;UF;1400100;799.0000;144;10;74;51;8;1;
EBT;UF;1500602;2.0000;1;0;1;0;0;0;
EBT;UF;1500800;8056.4648;158;9;85;51;6;7;
EBT;UF;1501303;24.0000;4;0;2;2;0;0;
EBT;UF;1501402;52549.5156;990;37;408;339;105;101;
EBT;UF;1501501;45.3750;19;5;11;3;0;0;
EBT;UF;1501709;2.2500;2;1;1;0;0;0;
EBT;UF;1502202;131.0000;8;0;1;3;4;0;
EBT;UF;1502400;124.0000;32;3;22;5;2;0;
EBT;UF;1503606;6.0000;3;0;3;0;0;0;
EBT;UF;1503903;2.0000;1;0;1;0;0;0;
EBT;UF;1504208;476.4375;122;31;63;20;7;1;
EBT;UF;1504422;261.8125;74;12;42;17;3;0;
EBT;UF;1505304;1.0000;1;0;1;0;0;0;
EBT;UF;1505502;390.0000;21;0;14;2;2;3;
EBT;UF;1506203;1.0000;2;2;0;0;0;0;
EBT;UF;1506500;0.2500;1;1;0;0;0;0;
EBT;UF;1506807;201.7813;48;9;32;4;1;2;
EBT;UF;1507607;4.0000;2;0;2;0;0;0;
EBT;UF;1508209;0.2500;1;1;0;0;0;0;
EBT;UF;1600303;430.5781;114;12;75;23;3;1;
EBT;UF;1600600;19.6250;14;5;8;1;0;0;
EBT;UF;1700350;4.0000;3;0;3;0;0;0;
EBT;UF;1700707;17.7500;7;2;4;1;0;0;
EBT;UF;1702000;0.2500;1;1;0;0;0;0;
EBT;UF;1702109;466.3750;81;12;36;28;5;0;
EBT;UF;1705508;212.0000;8;0;6;0;0;2;
EBT;UF;1707009;5.0000;3;0;3;0;0;0;
EBT;UF;1709302;102.6875;11;4;4;2;0;1;
EBT;UF;1709500;233.3125;22;3;10;7;0;2;
EBT;UF;1713205;8.5625;8;3;5;0;0;0;
EBT;UF;1713304;4.7500;6;3;3;0;0;0;
EBT;UF;1714880;15.3125;6;2;3;1;0;0;
EBT;UF;1716109;68.7500;14;2;8;2;2;0;
EBT;UF;1716604;8.0000;4;0;4;0;0;0;
EBT;UF;1718204;248.7500;30;4;16;6;3;1;
EBT;UF;1718402;4.0000;1;0;0;1;0;0;
EBT;UF;1721000;2120.4375;230;41;109;58;16;6;
EBT;UF;1722081;4.0000;1;0;0;1;0;0;
EBT;UF;2100204;32.0000;1;0;0;0;1;0;
EBT;UF;2101202;100.0000;8;0;5;0;3;0;
EBT;UF;2101251;155.0000;1;0;0;0;0;1;
EBT;UF;2101400;134.0000;8;0;0;5;2;1;
EBT;UF;2101608;0.1250;1;1;0;0;0;0;
EBT;UF;2103000;1084.0000;25;0;5;8;6;6;
EBT;UF;2103307;155.0000;1;0;0;0;0;1;
EBT;UF;2103604;0.5000;1;1;0;0;0;0;
EBT;UF;2105302;417.2500;41;2;17;18;3;1;
EBT;UF;2105427;20.0000;3;0;1;2;0;0;
EBT;UF;2108603;4.0000;1;0;0;1;0;0;
EBT;UF;2109106;2.2500;4;3;1;0;0;0;
EBT;UF;2109908;43.0000;8;2;5;0;1;0;
EBT;UF;2110302;52.0000;6;0;1;5;0;0;
EBT;UF;2111201;34.2500;11;5;2;4;0;0;
EBT;UF;2111300;15617.5313;314;28;80;142;44;20;
EBT;UF;2112209;162.0000;6;0;0;2;3;1;
EBT;UF;2112902;0.3750;2;2;0;0;0;0;
EBT;UF;2114007;2.0000;1;0;1;0;0;0;
EBT;UF;2200400;32.0000;1;0;0;0;1;0;
EBT;UF;2201507;32.0000;1;0;0;0;1;0;
EBT;UF;2202000;32.0000;1;0;0;0;1;0;
EBT;UF;2202208;72.0000;3;0;0;1;2;0;
EBT;UF;2202406;64.0000;2;0;0;0;2;0;
EBT;UF;2202703;32.0000;1;0;0;0;1;0;
EBT;UF;2203701;106.0000;4;0;0;1;3;0;
EBT;UF;2203909;42.0000;3;0;1;1;1;0;
EBT;UF;2206407;32.0000;1;0;0;0;1;0;
EBT;UF;2207702;144.0000;7;0;0;3;4;0;
EBT;UF;2208403;489.0000;13;0;1;2;9;1;
EBT;UF;2211001;17984.7383;304;5;67;109;110;13;
EBT;UF;2300309;6.0000;1;0;0;1;0;0;
EBT;UF;2301000;130.2500;10;1;6;2;0;1;
EBT;UF;2301109;52.0000;5;0;0;4;1;0;
EBT;UF;2301901;40.6250;9;3;1;5;0;0;
EBT;UF;2302503;20.0000;2;0;0;2;0;0;
EBT;UF;2303709;38.2891;22;6;13;3;0;0;
EBT;UF;2303808;2.0000;1;0;1;0;0;0;
EBT;UF;2303956;0.2500;1;1;0;0;0;0;
EBT;UF;2304103;8.2500;2;1;0;1;0;0;
EBT;UF;2304202;87.0000;6;0;2;2;2;0;
EBT;UF;2304285;230.0000;27;0;16;6;4;1;
EBT;UF;2304400;12755.0977;442;28;140;184;50;40;
EBT;UF;2305233;81.0625;11;1;5;3;2;0;
EBT;UF;2305407;100.0000;4;0;0;1;2;1;
EBT;UF;2305506;42.0000;3;0;0;2;1;0;
EBT;UF;2306256;0.5000;1;1;0;0;0;0;
EBT;UF;2306405;38.0000;5;0;0;5;0;0;
EBT;UF;2307007;1.0000;1;0;1;0;0;0;
EBT;UF;2307304;343.5000;28;1;11;13;1;2;
EBT;UF;2307601;120.0000;5;0;0;3;1;1;
EBT;UF;2307650;195.7500;41;2;20;18;1;0;
EBT;UF;2307700;20.0000;2;0;0;2;0;0;
EBT;UF;2308302;16.0000;1;0;0;0;1;0;
EBT;UF;2309201;10.0000;1;0;0;1;0;0;
EBT;UF;2309607;106.0000;3;0;0;0;2;1;
EBT;UF;2310704;1.0000;1;0;1;0;0;0;
EBT;UF;2311306;69.0000;6;0;1;3;2;0;
EBT;UF;2311801;64.3750;17;6;8;2;1;0;
EBT;UF;2312403;4.0000;2;0;2;0;0;0;
EBT;UF;2312908;394.3125;42;6;14;16;4;2;
EBT;UF;2313302;2.1875;3;2;1;0;0;0;
EBT;UF;2313401;722.0000;13;0;2;4;3;4;
EBT;UF;2400109;106.0000;5;0;0;3;1;1;
EBT;UF;2400802;20.5000;3;1;0;2;0;0;
EBT;UF;2403251;154.8750;43;6;23;14;0;0;
EBT;UF;2404507;1.0000;1;0;1;0;0;0;
EBT;UF;2406700;10.0000;1;0;0;1;0;0;
EBT;UF;2407104;50.0000;17;0;14;3;0;0;
EBT;UF;2407203;10.0000;1;0;0;1;0;0;
EBT;UF;2407401;26.0000;2;0;0;1;1;0;
EBT;UF;2408003;839.0625;56;6;29;11;6;4;
EBT;UF;2408102;5640.0000;157;18;37;63;18;21;
EBT;UF;2409332;4.0000;1;0;0;1;0;0;
EBT;UF;2412005;231.5000;23;1;13;6;1;2;
EBT;UF;2501807;79.0000;11;0;7;3;1;0;
EBT;UF;2503209;543.2500;33;1;17;11;1;3;
EBT;UF;2504009;1433.7500;63;6;14;28;7;8;
EBT;UF;2506301;42.0000;2;0;0;1;1;0;
EBT;UF;2506905;48.0000;2;0;0;0;2;0;
EBT;UF;2507507;5965.2773;232;18;94;69;25;26;
EBT;UF;2510808;197.0000;3;0;0;1;1;1;
EBT;UF;2516201;2.0000;1;0;1;0;0;0;
EBT;UF;2600054;232.6250;35;7;24;2;1;1;
EBT;UF;2601102;18.0000;1;0;0;0;1;0;
EBT;UF;2601201;90.0000;7;0;1;2;4;0;
EBT;UF;2601706;90.5000;5;1;0;1;3;0;
EBT;UF;2601904;22.0000;1;0;0;0;1;0;
EBT;UF;2602902;1213.0000;84;6;53;17;2;6;
EBT;UF;2603454;19.5000;11;1;9;1;0;0;
EBT;UF;2604007;51.0000;5;0;1;3;1;0;
EBT;UF;2604106;1637.4727;59;7;26;19;4;3;
EBT;UF;2605103;24.7891;3;0;2;0;1;0;
EBT;UF;2606002;20.5000;3;1;0;2;0;0;
EBT;UF;2606408;145.2500;10;3;5;1;0;1;
EBT;UF;2606804;42.5000;16;1;10;5;0;0;
EBT;UF;2607208;596.2500;39;6;16;14;0;3;
EBT;UF;2607901;872.7813;160;17;82;52;8;1;
EBT;UF;2608909;6.0000;9;5;4;0;0;0;
EBT;UF;2609600;482.4648;56;7;28;14;5;2;
EBT;UF;2610707;464.1250;64;9;45;7;1;2;
EBT;UF;2610905;168.0000;3;0;0;0;2;1;
EBT;UF;2611101;72.5000;14;1;8;4;1;0;
EBT;UF;2611606;17490.5664;637;44;244;208;73;68;
EBT;UF;2612000;50.0000;1;0;0;0;0;1;
EBT;UF;2612208;22.0000;3;0;0;3;0;0;
EBT;UF;2613701;37.0000;6;0;4;1;1;0;
EBT;UF;2613909;161.6250;32;18;6;2;6;0;
EBT;UF;2700300;328.5625;42;2;21;17;1;1;
EBT;UF;2704302;4706.3750;312;39;101;131;22;19;
EBT;UF;2704708;2.0000;1;0;1;0;0;0;
EBT;UF;2706307;2.0000;1;0;1;0;0;0;
EBT;UF;2706703;12.0000;2;0;1;1;0;0;
EBT;UF;2707701;171.5000;12;1;10;0;0;1;
EBT;UF;2708600;2.0000;1;0;1;0;0;0;
EBT;UF;2800308;6828.4375;284;37;95;109;22;21;
EBT;UF;2800670;2.8750;5;3;2;0;0;0;
EBT;UF;2802106;10.0000;1;0;0;1;0;0;
EBT;UF;2803203;1.0000;1;0;1;0;0;0;
EBT;UF;2804805;430.0000;58;7;32;16;1;2;
EBT;UF;2805703;30.0000;3;0;0;3;0;0;
EBT;UF;2806701;70.5625;12;3;5;3;1;0;
EBT;UF;2900702;119.5000;16;1;6;7;2;0;
EBT;UF;2901007;1.0000;1;0;1;0;0;0;
EBT;UF;2901106;1.0000;1;0;1;0;0;0;
EBT;UF;2903201;18.0000;5;0;3;2;0;0;
EBT;UF;2904605;46.0000;3;0;1;1;0;1;
EBT;UF;2904704;2.0000;1;0;1;0;0;0;
EBT;UF;2905602;130.0000;5;0;2;1;1;1;
EBT;UF;2905701;485.6250;80;5;47;24;2;2;
EBT;UF;2906501;744.0000;18;0;6;6;2;4;
EBT;UF;2906709;2.0000;1;0;1;0;0;0;
EBT;UF;2908408;1.0000;1;0;1;0;0;0;
EBT;UF;2908507;1.0000;1;0;1;0;0;0;
EBT;UF;2909802;58.0000;5;0;0;4;1;0;
EBT;UF;2910727;374.8125;27;3;14;7;1;2;
EBT;UF;2910800;3148.4531;158;22;64;49;9;14;
EBT;UF;2912103;4.0000;1;0;0;1;0;0;
EBT;UF;2913606;944.5000;80;1;23;46;7;3;
EBT;UF;2913705;1.0000;1;0;1;0;0;0;
EBT;UF;2914653;18.0000;3;0;1;2;0;0;
EBT;UF;2914802;1717.1250;75;9;29;26;3;8;
EBT;UF;2914901;72.0000;2;0;0;1;0;1;
EBT;UF;2915304;2.0000;1;0;1;0;0;0;
EBT;UF;2915601;46.0000;9;0;6;2;1;0;
EBT;UF;2915809;12.0000;2;0;1;1;0;0;
EBT;UF;2916302;2.0000;1;0;1;0;0;0;
EBT;UF;2916401;154.1875;8;2;2;1;2;1;
EBT;UF;2917102;2.0000;1;0;1;0;0;0;
EBT;UF;2917607;100.0000;1;0;0;0;0;1;
EBT;UF;2918001;207.0000;23;3;10;8;1;1;
EBT;UF;2918407;8.0000;4;0;4;0;0;0;
EBT;UF;2919207;821.5000;59;1;27;24;4;3;
EBT;UF;2919553;2.0000;1;0;1;0;0;0;
EBT;UF;2920601;18.0000;2;0;0;2;0;0;
EBT;UF;2921005;20.2500;3;1;0;2;0;0;
EBT;UF;2921302;10.0000;2;0;0;2;0;0;
EBT;UF;2922003;14.0000;2;0;0;2;0;0;
EBT;UF;2924009;80.1250;11;1;5;3;2;0;
EBT;UF;2925006;4.0000;2;0;2;0;0;0;
EBT;UF;2925105;20.0000;2;0;0;2;0;0;
EBT;UF;2925303;320.0000;22;0;11;6;3;2;
EBT;UF;2927002;0.5000;1;1;0;0;0;0;
EBT;UF;2927408;36451.2656;960;104;330;369;77;80;
EBT;UF;2928703;196.0000;7;0;1;3;2;1;
EBT;UF;2929206;4.0625;2;1;0;1;0;0;
EBT;UF;2929305;50.0000;1;0;0;0;0;1;
EBT;UF;2929354;4.0000;1;0;0;1;0;0;
EBT;UF;2930105;15.0000;4;0;3;1;0;0;
EBT;UF;2930709;202.5000;49;3;29;17;0;0;
EBT;UF;2931350;3336.3125;37;4;14;6;4;9;
EBT;UF;2932507;32.0000;1;0;0;0;1;0;
EBT;UF;2932903;6.2500;10;6;4;0;0;0;
EBT;UF;2933307;1065.0625;80;7;33;31;5;4;
EBT;UF;3100302;2.0000;1;0;1;0;0;0;
EBT;UF;3101508;259.0000;11;2;1;0;8;0;
EBT;UF;3101607;74.1250;34;7;24;3;0;0;
EBT;UF;3101904;2.0000;1;0;1;0;0;0;
EBT;UF;3103504;45.5547;23;2;18;3;0;0;
EBT;UF;3104007;80.9648;34;7;26;0;1;0;
EBT;UF;3104205;13.2500;8;1;7;0;0;0;
EBT;UF;3104601;32.0000;1;0;0;0;1;0;
EBT;UF;3104908;4.0000;2;0;2;0;0;0;
EBT;UF;3105608;216.8945;27;1;17;3;6;0;
EBT;UF;3106200;129083.228;2837;332;1604;544;208;149;
EBT;UF;3106309;74.0625;5;1;1;1;2;0;
EBT;UF;3106705;2200.1875;276;55;162;29;26;4;
EBT;UF;3107109;4.0000;2;0;2;0;0;0;
EBT;UF;3107406;6.0000;3;0;3;0;0;0;
EBT;UF;3107703;0.2500;1;1;0;0;0;0;
EBT;UF;3108404;2.0000;1;0;1;0;0;0;
EBT;UF;3108909;2.2500;2;1;1;0;0;0;
EBT;UF;3109303;2.0000;1;0;1;0;0;0;
EBT;UF;3109501;2.0000;1;0;1;0;0;0;
EBT;UF;3109709;2.0000;1;0;1;0;0;0;
EBT;UF;3110004;2.5000;2;1;1;0;0;0;
EBT;UF;3110301;2.0000;1;0;1;0;0;0;
EBT;UF;3110509;5.0000;3;0;3;0;0;0;
EBT;UF;3110608;3.0000;2;0;2;0;0;0;
EBT;UF;3110707;4.0000;2;0;2;0;0;0;
EBT;UF;3111606;2.0000;1;0;1;0;0;0;
EBT;UF;3112307;2.0000;1;0;1;0;0;0;
EBT;UF;3113206;64.0000;2;0;0;0;2;0;
EBT;UF;3113404;14.0000;3;0;2;1;0;0;
EBT;UF;3114303;2.0000;1;0;1;0;0;0;
EBT;UF;3114501;2.0000;1;0;1;0;0;0;
EBT;UF;3115300;559.0000;10;0;2;3;2;3;
EBT;UF;3115508;10.6250;8;3;5;0;0;0;
EBT;UF;3117876;24.0000;3;0;0;3;0;0;
EBT;UF;3118007;23.8125;11;3;7;1;0;0;
EBT;UF;3118304;92.8437;33;7;20;5;1;0;
EBT;UF;3118403;32.0000;1;0;0;0;1;0;
EBT;UF;3118601;3215.1172;455;66;263;80;37;9;
EBT;UF;3119401;92.5000;19;1;15;1;2;0;
EBT;UF;3120904;67.0000;30;0;28;2;0;0;
EBT;UF;3122306;1039.0781;86;8;59;11;3;5;
EBT;UF;3122454;0.2500;1;1;0;0;0;0;
EBT;UF;3123601;4.0000;2;0;2;0;0;0;
EBT;UF;3123908;2.0000;1;0;1;0;0;0;
EBT;UF;3124203;32.0000;1;0;0;0;1;0;
EBT;UF;3125101;21.0000;12;0;12;0;0;0;
EBT;UF;3126109;4.0000;2;0;2;0;0;0;
EBT;UF;3127008;4.0000;2;0;2;0;0;0;
EBT;UF;3127107;17.0000;9;0;9;0;0;0;
EBT;UF;3127701;1746.0937;96;10;55;12;13;6;
EBT;UF;3128709;8.0000;1;0;0;1;0;0;
EBT;UF;3129509;2.0000;1;0;1;0;0;0;
EBT;UF;3129806;212.9648;20;3;12;1;3;1;
EBT;UF;3130101;6.0000;3;0;3;0;0;0;
EBT;UF;3130309;5.0000;3;0;3;0;0;0;
EBT;UF;3131307;800.5273;88;15;49;9;13;2;
EBT;UF;3131703;418.4531;47;15;25;4;1;2;
EBT;UF;3131901;18.8750;10;4;5;1;0;0;
EBT;UF;3132206;6.0000;3;0;3;0;0;0;
EBT;UF;3132404;358.8320;69;17;37;8;7;0;
EBT;UF;3133006;9.0000;5;0;5;0;0;0;
EBT;UF;3133600;1.0000;1;0;1;0;0;0;
EBT;UF;3133808;144.2500;28;3;16;8;1;0;
EBT;UF;3134103;0.2500;1;1;0;0;0;0;
EBT;UF;3134202;34.3945;20;2;18;0;0;0;
EBT;UF;3135209;2.0000;1;0;1;0;0;0;
EBT;UF;3135407;28.1250;7;1;4;2;0;0;
EBT;UF;3135506;2.0000;1;0;1;0;0;0;
EBT;UF;3136207;37.0000;31;13;17;1;0;0;
EBT;UF;3136306;62.0000;8;0;5;2;1;0;
EBT;UF;3136603;0.2500;1;1;0;0;0;0;
EBT;UF;3136702;4662.6758;189;12;98;39;24;16;
EBT;UF;3137205;88.0000;9;0;4;3;2;0;
EBT;UF;3137601;91.1797;32;10;18;3;1;0;
EBT;UF;3138203;440.0000;67;14;37;11;3;2;
EBT;UF;3138401;189.0000;3;0;1;0;1;1;
EBT;UF;3138609;200.0000;6;0;2;0;3;1;
EBT;UF;3138807;2.0000;1;0;1;0;0;0;
EBT;UF;3139003;32.0000;1;0;0;0;1;0;
EBT;UF;3139607;32.0000;1;0;0;0;1;0;
EBT;UF;3140001;64.0000;2;0;0;0;2;0;
EBT;UF;3140803;83.0000;11;0;5;5;1;0;
EBT;UF;3140902;0.2500;1;1;0;0;0;0;
EBT;UF;3141405;40.0000;5;0;4;0;1;0;
EBT;UF;3143302;3503.6172;138;13;64;17;35;9;
EBT;UF;3143906;412.0000;9;0;3;1;3;2;
EBT;UF;3144805;904.2070;97;6;56;20;13;2;
EBT;UF;3145208;2.0000;1;0;1;0;0;0;
EBT;UF;3145604;11.2500;6;1;4;1;0;0;
EBT;UF;3145901;5.0000;3;0;3;0;0;0;
EBT;UF;3146107;14.5625;9;2;7;0;0;0;
EBT;UF;3146305;4.0000;2;0;2;0;0;0;
EBT;UF;3147006;106.2500;25;1;19;3;2;0;
EBT;UF;3147105;22.0625;12;1;10;1;0;0;
EBT;UF;3147402;200.0000;2;0;0;0;0;2;
EBT;UF;3147600;2.0000;1;0;1;0;0;0;
EBT;UF;3147907;214.1445;41;9;24;5;2;1;
EBT;UF;3148004;37.4375;20;4;15;1;0;0;
EBT;UF;3148103;6.0000;3;0;3;0;0;0;
EBT;UF;3149101;2.0000;1;0;1;0;0;0;
EBT;UF;3149309;101.8398;33;8;20;3;2;0;
EBT;UF;3149903;219.0000;8;0;5;1;0;2;
EBT;UF;3151206;475.5000;20;1;2;3;14;0;
EBT;UF;3151404;4.0000;2;0;2;0;0;0;
EBT;UF;3151800;306.1211;97;15;65;13;4;0;
EBT;UF;3152105;22.0000;3;0;1;2;0;0;
EBT;UF;3152501;454.1133;118;23;66;22;7;0;
EBT;UF;3154200;32.0000;1;0;0;0;1;0;
EBT;UF;3154606;193.6523;60;17;34;6;3;0;
EBT;UF;3155504;2.0000;1;0;1;0;0;0;
EBT;UF;3156007;0.2500;1;1;0;0;0;0;
EBT;UF;3156502;0.2500;1;1;0;0;0;0;
EBT;UF;3156700;23.8125;15;3;12;0;0;0;
EBT;UF;3157807;216.0586;60;14;34;9;3;0;
EBT;UF;3160405;2.0000;1;0;1;0;0;0;
EBT;UF;3160702;124.0000;5;0;2;2;0;1;
EBT;UF;3162104;20.0000;6;0;5;1;0;0;
EBT;UF;3162401;2.0000;1;0;1;0;0;0;
EBT;UF;3162500;372.9375;48;14;24;2;7;1;
EBT;UF;3162559;2.0000;1;0;1;0;0;0;
EBT;UF;3162708;2.0000;1;0;1;0;0;0;
EBT;UF;3162955;2.4648;4;3;1;0;0;0;
EBT;UF;3163706;39.5000;19;4;14;0;1;0;
EBT;UF;3164704;59.3750;44;14;30;0;0;0;
EBT;UF;3165701;64.0000;2;0;0;0;2;0;
EBT;UF;3166907;8.0000;1;0;0;1;0;0;
EBT;UF;3167202;328.2578;90;11;62;13;4;0;
EBT;UF;3168606;361.1094;44;5;22;9;8;0;
EBT;UF;3168705;595.5625;37;5;9;5;18;0;
EBT;UF;3169307;165.8750;46;19;21;2;4;0;
EBT;UF;3169356;4.0000;2;0;2;0;0;0;
EBT;UF;3169406;2.2500;2;1;1;0;0;0;
EBT;UF;3169901;156.0000;5;0;0;3;1;1;
EBT;UF;3170107;2422.4687;128;28;82;13;2;3;
EBT;UF;3170206;5255.4531;424;86;214;73;26;25;
EBT;UF;3170404;176.0000;43;2;36;3;1;1;
EBT;UF;3170701;2387.1562;97;9;51;17;9;11;
EBT;UF;3170800;193.0000;7;0;1;0;6;0;
EBT;UF;3171006;2.0000;1;0;1;0;0;0;
EBT;UF;3171204;117.5391;46;6;32;6;2;0;
EBT;UF;3171303;78.2500;11;1;8;0;2;0;
EBT;UF;3171501;1.0000;1;0;1;0;0;0;
EBT;UF;3172004;128.0000;4;0;0;0;4;0;
EBT;UF;3200102;8.0000;4;0;3;1;0;0;
EBT;UF;3200136;2.0000;1;0;1;0;0;0;
EBT;UF;3200169;4.0000;2;0;2;0;0;0;
EBT;UF;3200201;44.0000;4;0;1;2;1;0;
EBT;UF;3200300;7.0625;5;1;4;0;0;0;
EBT;UF;3200409;144.0000;3;0;0;1;1;1;
EBT;UF;3200508;1.0000;1;0;1;0;0;0;
EBT;UF;3200607;51.5000;8;1;3;3;1;0;
EBT;UF;3200706;3.0000;2;0;2;0;0;0;
EBT;UF;3200805;80.0000;5;0;0;2;3;0;
EBT;UF;3200904;16.0000;3;0;1;2;0;0;
EBT;UF;3201159;4.0000;2;0;2;0;0;0;
EBT;UF;3201209;2619.8125;49;4;29;7;4;5;
EBT;UF;3201308;546.0000;73;10;43;15;2;3;
EBT;UF;3201506;1197.4375;45;5;29;6;2;3;
EBT;UF;3201902;4.6250;8;6;2;0;0;0;
EBT;UF;3202009;1.0000;1;0;1;0;0;0;
EBT;UF;3202108;2.0000;1;0;1;0;0;0;
EBT;UF;3202306;5.9375;8;5;3;0;0;0;
EBT;UF;3202405;535.5000;21;3;10;3;1;4;
EBT;UF;3202454;6.0000;4;0;4;0;0;0;
EBT;UF;3202504;176.1250;10;2;5;0;2;1;
EBT;UF;3202553;6.0000;3;0;3;0;0;0;
EBT;UF;3202603;2.0000;1;0;1;0;0;0;
EBT;UF;3202652;2.0000;1;0;1;0;0;0;
EBT;UF;3202702;5.1250;5;1;4;0;0;0;
EBT;UF;3202801;104.1875;8;5;2;0;0;1;
EBT;UF;3202900;38.0000;3;0;2;0;1;0;
EBT;UF;3203007;2.0000;1;0;1;0;0;0;
EBT;UF;3203106;6.0000;3;0;3;0;0;0;
EBT;UF;3203130;2.0000;1;0;1;0;0;0;
EBT;UF;3203163;3.1875;4;2;2;0;0;0;
EBT;UF;3203205;217.6250;29;6;16;4;2;1;
EBT;UF;3203304;10.0000;4;0;3;1;0;0;
EBT;UF;3203320;5.1875;9;5;4;0;0;0;
EBT;UF;3203346;20.0000;2;0;0;2;0;0;
EBT;UF;3203353;2.0000;1;0;1;0;0;0;
EBT;UF;3203502;10.0000;1;0;0;1;0;0;
EBT;UF;3203601;0.2500;1;1;0;0;0;0;
EBT;UF;3203809;3.0000;2;0;2;0;0;0;
EBT;UF;3203908;4.0000;2;0;2;0;0;0;
EBT;UF;3204054;22.0000;6;0;4;2;0;0;
EBT;UF;3204104;96.0000;3;0;1;0;1;1;
EBT;UF;3204203;129.6250;5;3;1;0;0;1;
EBT;UF;3204302;8.0000;4;0;4;0;0;0;
EBT;UF;3204401;30.0000;2;0;0;1;1;0;
EBT;UF;3204500;1.2500;2;1;1;0;0;0;
EBT;UF;3204559;4.5625;4;2;2;0;0;0;
EBT;UF;3204609;49.0000;6;0;4;1;1;0;
EBT;UF;3204658;1.0000;1;0;1;0;0;0;
EBT;UF;3204708;4.0000;2;0;2;0;0;0;
EBT;UF;3204906;789.7500;23;3;6;4;5;5;
EBT;UF;3205002;2472.2500;182;28;78;50;15;11;
EBT;UF;3205010;2.0000;1;0;1;0;0;0;
EBT;UF;3205036;5.0000;2;0;1;1;0;0;
EBT;UF;3205069;110.1875;13;7;5;0;0;1;
EBT;UF;3205101;219.0625;25;1;14;8;1;1;
EBT;UF;3205200;2516.8125;95;12;36;32;7;8;
EBT;UF;3205309;40127.0859;210;24;35;69;24;58;
EBT;UF;3300100;1165.7500;29;5;16;5;2;1;
EBT;UF;3300209;27.0000;9;2;4;3;0;0;
EBT;UF;3300233;2.7500;4;3;1;0;0;0;
EBT;UF;3300258;2.0000;1;0;1;0;0;0;
EBT;UF;3300308;12.7500;8;2;6;0;0;0;
EBT;UF;3300407;105.0000;24;3;14;5;2;0;
EBT;UF;3300456;276.8750;46;7;33;3;1;2;
EBT;UF;3300605;0.2500;1;1;0;0;0;0;
EBT;UF;3300704;51.0000;22;2;18;2;0;0;
EBT;UF;3300803;4.0000;2;0;2;0;0;0;
EBT;UF;3301009;7050.5898;83;20;41;9;4;9;
EBT;UF;3301108;5.5000;5;2;3;0;0;0;
EBT;UF;3301306;2.0000;1;0;1;0;0;0;
EBT;UF;3301702;4362.7344;150;20;80;20;7;23;
EBT;UF;3301850;2.0000;1;0;1;0;0;0;
EBT;UF;3301900;2715.7305;25;4;15;4;0;2;
EBT;UF;3302007;112.0000;29;3;21;3;2;0;
EBT;UF;3302056;1.0000;1;0;1;0;0;0;
EBT;UF;3302205;38.0000;23;5;18;0;0;0;
EBT;UF;3302254;265.2500;26;1;15;5;4;1;
EBT;UF;3302270;3.5000;3;1;2;0;0;0;
EBT;UF;3302403;11534.5430;296;14;116;118;29;19;
EBT;UF;3302502;9.7500;7;2;5;0;0;0;
EBT;UF;3302601;10.5000;2;1;0;1;0;0;
EBT;UF;3302700;10.5000;6;1;5;0;0;0;
EBT;UF;3302858;73.0547;17;3;12;1;0;1;
EBT;UF;3303203;41.6797;30;7;23;0;0;0;
EBT;UF;3303302;4059.3359;340;26;250;35;19;10;
EBT;UF;3303401;23.5000;16;7;8;1;0;0;
EBT;UF;3303500;486.2852;90;10;61;17;0;2;
EBT;UF;3303609;3.2500;3;1;2;0;0;0;
EBT;UF;3303807;38.7500;9;2;4;3;0;0;
EBT;UF;3303906;891.2344;81;9;51;13;6;2;
EBT;UF;3304003;3.5000;3;1;2;0;0;0;
EBT;UF;3304110;1285.1250;45;7;14;13;1;10;
EBT;UF;3304144;26.5000;11;1;9;1;0;0;
EBT;UF;3304151;1.0000;1;0;1;0;0;0;
EBT;UF;3304201;827.2500;67;4;36;14;9;4;
EBT;UF;3304300;11.2500;10;3;7;0;0;0;
EBT;UF;3304524;262.2500;49;7;23;17;2;0;
EBT;UF;3304557;629385.556;8176;462;4302;2140;505;767;
EBT;UF;3304706;1.0000;1;0;1;0;0;0;
EBT;UF;3304904;549.0547;123;23;79;18;0;3;
EBT;UF;3305000;82.2500;17;3;11;1;2;0;
EBT;UF;3305109;196.0625;58;8;42;7;0;1;
EBT;UF;3305208;26.7500;17;4;13;0;0;0;
EBT;UF;3305505;3.5000;3;1;2;0;0;0;
EBT;UF;3305554;506.0000;12;5;3;0;1;3;
EBT;UF;3305802;10094.3750;24;2;12;1;1;8;
EBT;UF;3306008;236.5000;25;1;13;9;1;1;
EBT;UF;3306107;5.0000;4;2;2;0;0;0;
EBT;UF;3306305;889.7500;50;6;24;8;7;5;
EBT;UF;3500105;155.0000;1;0;0;0;0;1;
EBT;UF;3501004;0.2500;1;1;0;0;0;0;
EBT;UF;3501152;52.0000;2;0;1;0;0;1;
EBT;UF;3501608;3581.1797;154;20;90;19;4;21;
EBT;UF;3501707;310.0000;2;0;0;0;0;2;
EBT;UF;3502101;1819.0000;8;0;4;1;0;3;
EBT;UF;3502507;4.7148;4;1;3;0;0;0;
EBT;UF;3502804;541.4648;19;2;8;6;0;3;
EBT;UF;3503000;2.5000;2;1;1;0;0;0;
EBT;UF;3503208;4153.7500;101;14;44;13;5;25;
EBT;UF;3503307;48.1875;32;8;24;0;0;0;
EBT;UF;3503901;118.7500;15;4;10;0;0;1;
EBT;UF;3504008;984.6250;17;3;3;5;0;6;
EBT;UF;3504107;32.9648;16;3;12;1;0;0;
EBT;UF;3505302;6.0000;3;0;3;0;0;0;
EBT;UF;3505500;671.5156;14;0;4;5;0;5;
EBT;UF;3505708;43638.2070;625;50;224;148;66;137;
EBT;UF;3505906;1.2598;3;2;1;0;0;0;
EBT;UF;3506003;13486.0625;242;11;86;58;13;74;
EBT;UF;3506102;2043.3750;51;10;20;6;3;12;
EBT;UF;3506359;6.5000;8;5;3;0;0;0;
EBT;UF;3506508;235.0000;2;0;0;0;0;2;
EBT;UF;3507001;287.0000;7;0;2;3;0;2;
EBT;UF;3507506;1708.7891;46;0;26;8;2;10;
EBT;UF;3507605;1555.0625;33;10;6;5;3;9;
EBT;UF;3507803;2.2500;2;1;1;0;0;0;
EBT;UF;3508207;2.5000;2;1;1;0;0;0;
EBT;UF;3508405;16.5000;6;1;4;1;0;0;
EBT;UF;3508504;135.2500;7;1;5;0;0;1;
EBT;UF;3508603;1375.2500;7;1;1;0;2;3;
EBT;UF;3509007;1.0000;1;0;1;0;0;0;
EBT;UF;3509205;1492.6094;85;13;34;28;5;5;
EBT;UF;3509254;155.2500;2;1;0;0;0;1;
EBT;UF;3509403;1.2500;2;1;1;0;0;0;
EBT;UF;3509502;66138.3555;769;62;357;143;42;165;
EBT;UF;3509700;25.3750;14;6;7;1;0;0;
EBT;UF;3510005;0.7500;2;2;0;0;0;0;
EBT;UF;3510500;209.0000;5;0;1;2;1;1;
EBT;UF;3510609;1.4648;1;0;1;0;0;0;
EBT;UF;3511102;599.4648;20;0;7;9;1;3;
EBT;UF;3512803;6.0625;3;1;1;1;0;0;
EBT;UF;3513009;335.2070;46;11;25;6;2;2;
EBT;UF;3513504;953.1250;29;3;13;5;2;6;
EBT;UF;3513702;1.5625;6;6;0;0;0;0;
EBT;UF;3513801;4095.9648;311;43;194;47;4;23;
EBT;UF;3515186;4.2500;3;1;2;0;0;0;
EBT;UF;3516200;3118.6270;87;12;52;3;2;18;
EBT;UF;3516705;7.2500;5;1;4;0;0;0;
EBT;UF;3517406;1.2646;4;3;1;0;0;0;
EBT;UF;3517703;13.7686;10;3;7;0;0;0;
EBT;UF;3518305;155.0000;1;0;0;0;0;1;
EBT;UF;3518404;75.5625;45;5;40;0;0;0;
EBT;UF;3518701;1613.3789;92;15;60;12;2;3;
EBT;UF;3518800;2605.9765;516;86;339;71;9;11;
EBT;UF;3519071;11348.8750;77;4;19;7;10;37;
EBT;UF;3520103;0.5000;1;1;0;0;0;0;
EBT;UF;3520509;2581.5625;81;13;38;11;3;16;
EBT;UF;3521002;4.0000;2;0;2;0;0;0;
EBT;UF;3521309;4.7686;5;3;2;0;0;0;
EBT;UF;3522208;10.0000;1;0;0;1;0;0;
EBT;UF;3522307;610.0000;9;3;0;1;1;4;
EBT;UF;3522505;15.0000;4;0;2;2;0;0;
EBT;UF;3522604;0.5625;3;3;0;0;0;0;
EBT;UF;3523107;218.2500;25;11;7;5;1;1;
EBT;UF;3523909;3901.2031;95;8;42;18;8;19;
EBT;UF;3524006;0.1250;1;1;0;0;0;0;
EBT;UF;3524105;3.8750;5;3;2;0;0;0;
EBT;UF;3524303;225.2500;8;1;0;5;1;1;
EBT;UF;3524402;546.1172;118;15;86;15;0;2;
EBT;UF;3524709;963.5000;19;5;5;1;2;6;
EBT;UF;3525003;196.7500;13;2;6;4;0;1;
EBT;UF;3525102;3.7500;5;2;3;0;0;0;
EBT;UF;3525300;2708.0000;63;0;34;10;3;16;
EBT;UF;3525904;10765.4062;299;42;144;54;18;41;
EBT;UF;3526803;1648.0000;25;0;10;3;2;10;
EBT;UF;3526902;2513.0195;101;10;65;10;1;15;
EBT;UF;3527108;2485.0156;44;9;10;8;2;15;
EBT;UF;3527207;10.0000;5;0;5;0;0;0;
EBT;UF;3527306;420.2148;15;3;6;2;1;3;
EBT;UF;3528007;2048.0000;2;0;0;0;0;2;
EBT;UF;3528403;12.7500;8;2;6;0;0;0;
EBT;UF;3528502;4.7500;4;2;2;0;0;0;
EBT;UF;3529005;3675.6250;115;14;48;23;8;22;
EBT;UF;3529302;318.0000;3;0;0;1;0;2;
EBT;UF;3529401;1893.7773;155;27;94;21;2;11;
EBT;UF;3529708;3.7500;4;2;2;0;0;0;
EBT;UF;3530300;322.0000;4;0;1;1;0;2;
EBT;UF;3530508;3.0000;4;3;1;0;0;0;
EBT;UF;3530607;6166.6523;254;49;154;23;14;14;
EBT;UF;3530706;67.5000;37;6;30;1;0;0;
EBT;UF;3530805;355.0000;21;0;18;1;0;2;
EBT;UF;3531100;9.8750;8;3;5;0;0;0;
EBT;UF;3531902;3.2500;5;3;2;0;0;0;
EBT;UF;3532009;1.0000;1;0;1;0;0;0;
EBT;UF;3533403;18.0000;12;2;10;0;0;0;
EBT;UF;3534401;6851.7754;161;12;69;43;13;24;
EBT;UF;3534609;155.2500;2;1;0;0;0;1;
EBT;UF;3534708;1631.5000;30;1;8;8;2;11;
EBT;UF;3535507;10.0000;1;0;0;1;0;0;
EBT;UF;3536505;6.3125;5;2;3;0;0;0;
EBT;UF;3536703;35.0000;2;0;1;0;1;0;
EBT;UF;3537404;3.3125;6;5;1;0;0;0;
EBT;UF;3537602;2.0000;1;0;1;0;0;0;
EBT;UF;3538006;5287.1250;34;4;20;4;0;6;
EBT;UF;3538709;4548.6289;126;18;71;17;3;17;
EBT;UF;3539301;14.8125;10;3;7;0;0;0;
EBT;UF;3539806;1146.0000;39;0;0;1;32;6;
EBT;UF;3541000;40.8047;28;7;20;1;0;0;
EBT;UF;3541307;0.2500;1;1;0;0;0;0;
EBT;UF;3541406;3235.5781;98;7;47;18;7;19;
EBT;UF;3541505;16.0000;1;0;0;0;1;0;
EBT;UF;3542206;10.0000;1;0;0;1;0;0;
EBT;UF;3542404;2.0000;1;0;1;0;0;0;
EBT;UF;3543303;28.7500;14;4;9;1;0;0;
EBT;UF;3543402;16814.6094;449;28;206;113;13;89;
EBT;UF;3543907;2008.1367;101;9;66;12;2;12;
EBT;UF;3544004;157.2500;5;3;1;0;0;1;
EBT;UF;3544103;7.2500;5;1;4;0;0;0;
EBT;UF;3544202;2.0000;1;0;1;0;0;0;
EBT;UF;3545209;649.4648;14;0;7;3;0;4;
EBT;UF;3545803;296.1445;50;2;37;10;0;1;
EBT;UF;3546306;2.0000;1;0;1;0;0;0;
EBT;UF;3546405;21.0000;4;2;0;2;0;0;
EBT;UF;3547304;7972.7969;49;3;20;10;3;13;
EBT;UF;3547809;16425.4922;429;78;224;58;9;60;
EBT;UF;3548500;15223.1680;373;29;192;87;16;49;
EBT;UF;3548708;14669.9102;679;173;326;72;40;68;
EBT;UF;3548807;7539.1445;180;31;93;31;10;15;
EBT;UF;3548906;3732.8398;58;2;27;18;0;11;
EBT;UF;3549409;6.1250;8;5;3;0;0;0;
EBT;UF;3549706;8.3125;6;2;4;0;0;0;
EBT;UF;3549805;5566.0000;99;0;22;40;6;31;
EBT;UF;3549904;9065.0703;394;54;227;72;11;30;
EBT;UF;3550100;2.2500;4;3;1;0;0;0;
EBT;UF;3550308;470035.402;11802;1076;5374;3093;623;1636;
EBT;UF;3550605;6.3750;8;5;3;0;0;0;
EBT;UF;3550704;18.0000;4;0;2;2;0;0;
EBT;UF;3551009;3190.8398;102;26;55;13;0;8;
EBT;UF;3551702;497.0000;11;0;6;2;0;3;
EBT;UF;3552205;15184.0039;420;37;212;71;19;81;
EBT;UF;3552403;70.5000;16;2;11;1;2;0;
EBT;UF;3552502;108.1250;39;11;27;0;0;1;
EBT;UF;3552809;6289.7500;32;2;13;7;1;9;
EBT;UF;3554102;2266.1172;156;27;91;18;6;14;
EBT;UF;3554508;9.0000;4;0;3;1;0;0;
EBT;UF;3555000;2.0000;1;0;1;0;0;0;
EBT;UF;3555406;0.5000;1;1;0;0;0;0;
EBT;UF;3556206;704.7148;42;9;22;5;1;5;
EBT;UF;3556404;0.5000;1;1;0;0;0;0;
EBT;UF;3556503;0.2500;1;1;0;0;0;0;
EBT;UF;3556701;187.0000;2;0;0;0;1;1;
EBT;UF;3557006;1024.7500;49;8;30;5;0;6;
EBT;UF;3557105;26.1250;7;2;3;2;0;0;
EBT;UF;3557303;0.2500;1;1;0;0;0;0;
EBT;UF;4100202;0.2500;1;1;0;0;0;0;
EBT;UF;4100301;0.2500;1;1;0;0;0;0;
EBT;UF;4100400;26.2500;16;7;7;2;0;0;
EBT;UF;4100509;1.0000;1;0;1;0;0;0;
EBT;UF;4100608;1.0000;1;0;1;0;0;0;
EBT;UF;4100707;1.2500;2;1;1;0;0;0;
EBT;UF;4100806;1.2500;2;1;1;0;0;0;
EBT;UF;4100905;0.5000;2;2;0;0;0;0;
EBT;UF;4101002;0.5000;1;1;0;0;0;0;
EBT;UF;4101101;10.5000;7;1;6;0;0;0;
EBT;UF;4101408;141.1250;28;2;18;7;1;0;
EBT;UF;4101507;2111.5000;14;2;4;6;0;2;
EBT;UF;4101606;1.0000;1;0;1;0;0;0;
EBT;UF;4101705;1.0000;1;0;1;0;0;0;
EBT;UF;4101804;696.6875;114;35;60;12;5;2;
EBT;UF;4101903;1.0000;1;0;1;0;0;0;
EBT;UF;4102000;1.0000;1;0;1;0;0;0;
EBT;UF;4102109;1.0000;1;0;1;0;0;0;
EBT;UF;4102307;14.5000;9;1;8;0;0;0;
EBT;UF;4102406;23.1875;8;5;1;2;0;0;
EBT;UF;4102505;1.0000;1;0;1;0;0;0;
EBT;UF;4102802;5.2500;4;1;3;0;0;0;
EBT;UF;4102901;1.0000;1;0;1;0;0;0;
EBT;UF;4103057;0.2500;1;1;0;0;0;0;
EBT;UF;4103206;0.2500;1;1;0;0;0;0;
EBT;UF;4103354;0.2500;1;1;0;0;0;0;
EBT;UF;4103503;0.2500;1;1;0;0;0;0;
EBT;UF;4103602;2.0000;1;0;1;0;0;0;
EBT;UF;4103701;58.4375;47;18;27;2;0;0;
EBT;UF;4103800;0.5000;2;2;0;0;0;0;
EBT;UF;4104006;4.2500;4;1;3;0;0;0;
EBT;UF;4104105;0.2500;1;1;0;0;0;0;
EBT;UF;4104204;190.7500;28;3;15;8;0;2;
EBT;UF;4104253;4.2500;4;1;3;0;0;0;
EBT;UF;4104303;12.0000;7;0;7;0;0;0;
EBT;UF;4104428;9.2500;3;1;1;1;0;0;
EBT;UF;4104501;1.2500;2;1;1;0;0;0;
EBT;UF;4104659;1.4375;4;3;1;0;0;0;
EBT;UF;4104709;2.0000;1;0;1;0;0;0;
EBT;UF;4104808;2469.5625;144;41;76;22;3;2;
EBT;UF;4104907;21.4375;30;21;8;1;0;0;
EBT;UF;4105003;0.2500;1;1;0;0;0;0;
EBT;UF;4105102;1.0000;1;0;1;0;0;0;
EBT;UF;4105409;3.1250;3;1;2;0;0;0;
EBT;UF;4105508;81.6250;35;11;20;4;0;0;
EBT;UF;4105607;0.2500;1;1;0;0;0;0;
EBT;UF;4105706;1.0000;1;0;1;0;0;0;
EBT;UF;4105805;234.0625;49;17;27;3;1;1;
EBT;UF;4106001;0.2500;1;1;0;0;0;0;
EBT;UF;4106209;1.0000;1;0;1;0;0;0;
EBT;UF;4106308;1.0000;1;0;1;0;0;0;
EBT;UF;4106407;52.2500;7;1;3;2;1;0;
EBT;UF;4106506;1.5625;4;3;1;0;0;0;
EBT;UF;4106605;1.0000;1;0;1;0;0;0;
EBT;UF;4106704;0.2500;1;1;0;0;0;0;
EBT;UF;4106902;43755.3086;1815;313;865;403;136;98;
EBT;UF;4107009;2.0000;2;0;2;0;0;0;
EBT;UF;4107108;0.5000;2;2;0;0;0;0;
EBT;UF;4107207;16.2500;7;2;4;1;0;0;
EBT;UF;4107256;12.7500;3;2;0;1;0;0;
EBT;UF;4107306;0.5000;2;2;0;0;0;0;
EBT;UF;4107405;0.2500;1;1;0;0;0;0;
EBT;UF;4107538;1.0000;1;0;1;0;0;0;
EBT;UF;4107603;1.0000;1;0;1;0;0;0;
EBT;UF;4107652;351.4375;15;6;5;1;1;2;
EBT;UF;4107702;0.2500;1;1;0;0;0;0;
EBT;UF;4107736;6.0000;2;0;1;1;0;0;
EBT;UF;4107801;2.5000;3;2;1;0;0;0;
EBT;UF;4107900;2.2500;2;1;1;0;0;0;
EBT;UF;4108007;1.5000;3;2;1;0;0;0;
EBT;UF;4108106;0.2500;1;1;0;0;0;0;
EBT;UF;4108205;1.2500;2;1;1;0;0;0;
EBT;UF;4108304;374.5000;142;54;79;7;1;1;
EBT;UF;4108320;0.2500;1;1;0;0;0;0;
EBT;UF;4108403;56.5625;20;7;12;0;1;0;
EBT;UF;4108452;0.0625;1;1;0;0;0;0;
EBT;UF;4108502;2.0000;1;0;1;0;0;0;
EBT;UF;4108551;0.2500;1;1;0;0;0;0;
EBT;UF;4108601;6.3125;9;5;4;0;0;0;
EBT;UF;4108700;1.0000;1;0;1;0;0;0;
EBT;UF;4108809;18.5000;11;1;10;0;0;0;
EBT;UF;4109302;1.0000;1;0;1;0;0;0;
EBT;UF;4109401;46.0000;24;6;16;2;0;0;
EBT;UF;4109500;2.5000;3;2;1;0;0;0;
EBT;UF;4109609;9.0000;5;0;5;0;0;0;
EBT;UF;4109708;1.0000;1;0;1;0;0;0;
EBT;UF;4109807;17.8750;24;13;11;0;0;0;
EBT;UF;4110201;0.2500;1;1;0;0;0;0;
EBT;UF;4110607;1.0000;1;0;1;0;0;0;
EBT;UF;4110706;10.8125;25;22;3;0;0;0;
EBT;UF;4110904;0.2500;1;1;0;0;0;0;
EBT;UF;4110953;1.0000;1;0;1;0;0;0;
EBT;UF;4111407;0.2500;1;1;0;0;0;0;
EBT;UF;4111506;3.2500;3;1;2;0;0;0;
EBT;UF;4111803;13.0000;11;5;6;0;0;0;
EBT;UF;4112009;17.0000;2;0;1;0;1;0;
EBT;UF;4112108;2.3750;4;3;1;0;0;0;
EBT;UF;4112504;1.0000;1;0;1;0;0;0;
EBT;UF;4112702;1.2500;2;1;1;0;0;0;
EBT;UF;4112801;1.0000;1;0;1;0;0;0;
EBT;UF;4113205;1.0625;2;1;1;0;0;0;
EBT;UF;4113304;2.7500;4;2;2;0;0;0;
EBT;UF;4113502;1.0000;1;0;1;0;0;0;
EBT;UF;4113601;14.0000;4;0;3;1;0;0;
EBT;UF;4113700;8737.3203;315;83;129;69;17;17;
EBT;UF;4113734;0.2500;1;1;0;0;0;0;
EBT;UF;4113809;1.0000;1;0;1;0;0;0;
EBT;UF;4114005;1.0000;1;0;1;0;0;0;
EBT;UF;4114104;6.2500;6;3;3;0;0;0;
EBT;UF;4114203;41.5000;10;4;4;1;1;0;
EBT;UF;4114302;0.2500;1;1;0;0;0;0;
EBT;UF;4114351;0.2500;1;1;0;0;0;0;
EBT;UF;4114401;2.2500;3;1;2;0;0;0;
EBT;UF;4114500;1.2500;2;1;1;0;0;0;
EBT;UF;4114609;0.5000;1;1;0;0;0;0;
EBT;UF;4114807;11.7500;7;2;4;1;0;0;
EBT;UF;4114906;1.0000;1;0;1;0;0;0;
EBT;UF;4115101;0.2500;1;1;0;0;0;0;
EBT;UF;4115200;2509.2109;298;72;148;69;4;5;
EBT;UF;4115309;0.2500;1;1;0;0;0;0;
EBT;UF;4115358;1.0000;1;0;1;0;0;0;
EBT;UF;4115606;3.2500;3;1;2;0;0;0;
EBT;UF;4115705;5.0000;3;0;3;0;0;0;
EBT;UF;4115804;1.2500;2;1;1;0;0;0;
EBT;UF;4116208;1.0000;1;0;1;0;0;0;
EBT;UF;4116703;1.0000;1;0;1;0;0;0;
EBT;UF;4116901;2.3750;5;4;1;0;0;0;
EBT;UF;4117008;0.2500;1;1;0;0;0;0;
EBT;UF;4117107;1.0000;1;0;1;0;0;0;
EBT;UF;4117206;0.2500;1;1;0;0;0;0;
EBT;UF;4117271;0.2500;1;1;0;0;0;0;
EBT;UF;4117503;9.3750;7;2;5;0;0;0;
EBT;UF;4117602;4.5000;4;1;3;0;0;0;
EBT;UF;4117701;1.0000;1;0;1;0;0;0;
EBT;UF;4117909;7.2500;5;1;4;0;0;0;
EBT;UF;4118204;443.2500;105;19;68;16;1;1;
EBT;UF;4118402;84.6875;45;18;26;0;1;0;
EBT;UF;4118451;1.2500;2;1;1;0;0;0;
EBT;UF;4118501;74.5625;33;8;23;1;1;0;
EBT;UF;4118600;0.2500;1;1;0;0;0;0;
EBT;UF;4118709;0.2500;1;1;0;0;0;0;
EBT;UF;4118907;1.0000;1;0;1;0;0;0;
EBT;UF;4119152;277.2500;60;3;40;13;4;0;
EBT;UF;4119202;0.2500;1;1;0;0;0;0;
EBT;UF;4119301;3.5625;5;3;2;0;0;0;
EBT;UF;4119400;2.0000;1;0;1;0;0;0;
EBT;UF;4119509;12.5625;11;4;7;0;0;0;
EBT;UF;4119608;1.0000;1;0;1;0;0;0;
EBT;UF;4119707;0.2500;1;1;0;0;0;0;
EBT;UF;4119806;1.0000;1;0;1;0;0;0;
EBT;UF;4119905;520.1250;139;42;73;19;4;1;
EBT;UF;4119954;26.7500;9;2;6;0;1;0;
EBT;UF;4120002;1.0000;1;0;1;0;0;0;
EBT;UF;4120101;0.5000;2;2;0;0;0;0;
EBT;UF;4120309;0.2500;1;1;0;0;0;0;
EBT;UF;4120606;3.2500;3;1;2;0;0;0;
EBT;UF;4120705;0.5000;2;2;0;0;0;0;
EBT;UF;4120804;413.2500;25;6;11;4;2;2;
EBT;UF;4120853;1.0000;1;0;1;0;0;0;
EBT;UF;4120903;1.0000;1;0;1;0;0;0;
EBT;UF;4121307;0.2500;1;1;0;0;0;0;
EBT;UF;4121406;1.2500;2;1;1;0;0;0;
EBT;UF;4121505;1.0000;1;0;1;0;0;0;
EBT;UF;4121604;0.2500;1;1;0;0;0;0;
EBT;UF;4121703;1.0000;1;0;1;0;0;0;
EBT;UF;4121901;1.0000;1;0;1;0;0;0;
EBT;UF;4122008;1.0000;1;0;1;0;0;0;
EBT;UF;4122206;1.7500;3;2;1;0;0;0;
EBT;UF;4122305;28.2500;18;10;5;3;0;0;
EBT;UF;4122404;57.5000;23;2;19;2;0;0;
EBT;UF;4122701;0.2500;1;1;0;0;0;0;
EBT;UF;4122800;0.2500;1;1;0;0;0;0;
EBT;UF;4123204;1.0000;1;0;1;0;0;0;
EBT;UF;4123402;1.0000;1;0;1;0;0;0;
EBT;UF;4123501;2.0000;2;0;2;0;0;0;
EBT;UF;4123709;1.0000;1;0;1;0;0;0;
EBT;UF;4123808;1.0000;1;0;1;0;0;0;
EBT;UF;4123907;1.2500;2;1;1;0;0;0;
EBT;UF;4124020;1.0000;1;0;1;0;0;0;
EBT;UF;4124053;1.0625;2;1;1;0;0;0;
EBT;UF;4124103;7.0625;5;1;4;0;0;0;
EBT;UF;4124301;0.2500;1;1;0;0;0;0;
EBT;UF;4124400;1.0000;1;0;1;0;0;0;
EBT;UF;4124509;2.2500;3;1;2;0;0;0;
EBT;UF;4124608;0.2500;1;1;0;0;0;0;
EBT;UF;4124707;1.2500;2;1;1;0;0;0;
EBT;UF;4124905;0.2500;1;1;0;0;0;0;
EBT;UF;4125001;2.0000;2;0;2;0;0;0;
EBT;UF;4125357;0.2500;1;1;0;0;0;0;
EBT;UF;4125456;0.2500;1;1;0;0;0;0;
EBT;UF;4125506;23397.4375;303;62;174;48;7;12;
EBT;UF;4125605;1.5000;2;1;1;0;0;0;
EBT;UF;4125704;19.0000;4;2;1;0;1;0;
EBT;UF;4126009;0.5000;2;2;0;0;0;0;
EBT;UF;4126207;0.2500;1;1;0;0;0;0;
EBT;UF;4126256;17.2500;20;11;9;0;0;0;
EBT;UF;4126306;1.0000;1;0;1;0;0;0;
EBT;UF;4126504;1.0000;1;0;1;0;0;0;
EBT;UF;4126603;1.0000;1;0;1;0;0;0;
EBT;UF;4126678;1.2500;2;1;1;0;0;0;
EBT;UF;4126801;1.0000;1;0;1;0;0;0;
EBT;UF;4126900;0.2500;1;1;0;0;0;0;
EBT;UF;4127007;1.5000;3;2;1;0;0;0;
EBT;UF;4127106;27.5000;8;1;6;0;1;0;
EBT;UF;4127403;1.0000;1;0;1;0;0;0;
EBT;UF;4127502;1.0000;1;0;1;0;0;0;
EBT;UF;4127700;194.6250;34;10;15;8;0;1;
EBT;UF;4127809;1.2500;2;1;1;0;0;0;
EBT;UF;4128104;192.1250;38;6;20;10;1;1;
EBT;UF;4128203;17.0000;9;0;9;0;0;0;
EBT;UF;4128401;1.0000;1;0;1;0;0;0;
EBT;UF;4128500;2.0000;2;0;2;0;0;0;
EBT;UF;4128708;2.5000;3;2;1;0;0;0;
EBT;UF;4128807;0.2500;1;1;0;0;0;0;
EBT;UF;4200101;1.3750;3;2;1;0;0;0;
EBT;UF;4201307;203.5625;32;3;14;12;3;0;
EBT;UF;4201703;0.2500;1;1;0;0;0;0;
EBT;UF;4202008;271.7500;40;2;19;17;1;1;
EBT;UF;4202073;1.0000;1;0;1;0;0;0;
EBT;UF;4202305;128.9375;53;24;22;5;2;0;
EBT;UF;4202404;3345.4375;264;51;115;70;17;11;
EBT;UF;4202602;5.3750;4;2;1;1;0;0;
EBT;UF;4202909;778.1250;70;8;31;23;3;5;
EBT;UF;4203006;163.8750;17;5;6;4;1;1;
EBT;UF;4203204;33.1250;22;8;12;2;0;0;
EBT;UF;4203600;2.0000;1;0;1;0;0;0;
EBT;UF;4203956;20.7500;7;2;3;2;0;0;
EBT;UF;4204202;637.8125;82;23;37;15;4;3;
EBT;UF;4204251;87.0000;13;3;7;1;2;0;
EBT;UF;4204301;634.5000;17;1;3;7;2;4;
EBT;UF;4204350;0.6875;4;4;0;0;0;0;
EBT;UF;4204509;5.6250;6;3;3;0;0;0;
EBT;UF;4204558;5.1250;4;3;0;1;0;0;
EBT;UF;4204608;405.6875;65;16;24;22;2;1;
EBT;UF;4204806;30.0000;3;0;0;3;0;0;
EBT;UF;4205191;10.0000;1;0;0;1;0;0;
EBT;UF;4205407;8823.4648;378;54;124;139;34;27;
EBT;UF;4205506;8.0000;14;9;5;0;0;0;
EBT;UF;4205704;20.6250;14;6;7;1;0;0;
EBT;UF;4205803;9.0000;3;0;1;2;0;0;
EBT;UF;4205902;106.8750;30;12;10;6;2;0;
EBT;UF;4206504;204.7500;31;7;17;5;1;1;
EBT;UF;4206702;4.1250;5;3;2;0;0;0;
EBT;UF;4207007;42.3125;13;4;6;3;0;0;
EBT;UF;4207106;1.2500;2;1;1;0;0;0;
EBT;UF;4207304;4.0000;2;0;2;0;0;0;
EBT;UF;4207502;276.5625;40;2;21;16;0;1;
EBT;UF;4208203;2169.4141;295;23;153;101;11;7;
EBT;UF;4208807;1.2500;2;1;1;0;0;0;
EBT;UF;4208906;528.0664;77;11;44;18;3;1;
EBT;UF;4209003;160.5000;21;1;10;7;3;0;
EBT;UF;4209102;2739.5508;414;75;193;124;14;8;
EBT;UF;4209300;219.2500;53;14;19;20;0;0;
EBT;UF;4209409;1.0000;1;0;1;0;0;0;
EBT;UF;4209706;1.2500;2;1;1;0;0;0;
EBT;UF;4210035;5.2500;5;1;4;0;0;0;
EBT;UF;4210100;16.9375;22;15;7;0;0;0;
EBT;UF;4210209;3.2500;3;1;2;0;0;0;
EBT;UF;4210605;15.5625;7;3;3;1;0;0;
EBT;UF;4211306;289.8125;57;6;25;22;4;0;
EBT;UF;4211454;1.0000;1;0;1;0;0;0;
EBT;UF;4211603;8.2500;7;1;6;0;0;0;
EBT;UF;4211702;2.2500;4;3;1;0;0;0;
EBT;UF;4211900;612.0625;88;15;46;23;3;1;
EBT;UF;4213005;0.3125;3;3;0;0;0;0;
EBT;UF;4213203;43.5000;9;2;3;3;1;0;
EBT;UF;4214706;2.2500;2;1;1;0;0;0;
EBT;UF;4214805;353.2500;69;15;28;24;2;0;
EBT;UF;4215000;42.0000;5;0;3;0;2;0;
EBT;UF;4215109;104.7500;5;2;2;0;0;1;
EBT;UF;4215455;1.0000;1;0;1;0;0;0;
EBT;UF;4215802;311.5625;99;34;47;16;2;0;
EBT;UF;4215901;0.5000;1;1;0;0;0;0;
EBT;UF;4216107;3.2500;3;1;2;0;0;0;
EBT;UF;4216206;364.4375;34;7;9;12;4;2;
EBT;UF;4216255;1.0000;1;0;1;0;0;0;
EBT;UF;4216602;688.7500;105;14;42;43;5;1;
EBT;UF;4216701;0.2500;1;1;0;0;0;0;
EBT;UF;4216909;45.7500;8;3;2;2;1;0;
EBT;UF;4217006;2.5000;2;1;1;0;0;0;
EBT;UF;4217402;229.5000;9;2;3;1;1;2;
EBT;UF;4217709;618.0000;7;0;1;1;0;5;
EBT;UF;4218202;154.5000;18;1;11;5;0;1;
EBT;UF;4218707;287.5000;17;1;7;7;1;1;
EBT;UF;4218806;14.0000;3;0;2;1;0;0;
EBT;UF;4219309;49.2500;26;12;11;2;1;0;
EBT;UF;4219507;34.7500;17;7;9;0;1;0;
EBT;UF;4219705;172.6250;13;4;5;1;2;1;
EBT;UF;4300406;66.8125;36;21;5;10;0;0;
EBT;UF;4300604;149.0000;34;11;12;9;2;0;
EBT;UF;4301008;13.0000;5;2;2;1;0;0;
EBT;UF;4301206;1.0000;1;0;1;0;0;0;
EBT;UF;4301552;1.2500;2;1;1;0;0;0;
EBT;UF;4301602;681.1250;42;9;10;14;6;3;
EBT;UF;4302105;1226.7500;141;10;56;62;10;3;
EBT;UF;4302204;1.0000;1;0;1;0;0;0;
EBT;UF;4302352;6.5000;4;1;2;1;0;0;
EBT;UF;4302709;2.2500;3;1;2;0;0;0;
EBT;UF;4302808;1.0000;1;0;1;0;0;0;
EBT;UF;4302907;0.6250;2;2;0;0;0;0;
EBT;UF;4303004;24.9375;24;13;10;1;0;0;
EBT;UF;4303103;495.0000;73;8;24;35;6;0;
EBT;UF;4303509;325.5000;30;5;10;11;3;1;
EBT;UF;4303806;2.5000;4;2;2;0;0;0;
EBT;UF;4303905;1139.5000;79;16;31;21;5;6;
EBT;UF;4304408;44.7500;17;9;5;2;1;0;
EBT;UF;4304507;4.5000;4;1;3;0;0;0;
EBT;UF;4304606;1349.8750;166;41;54;55;11;5;
EBT;UF;4304630;10612.5625;13;4;2;4;1;2;
EBT;UF;4304663;4.2500;5;3;2;0;0;0;
EBT;UF;4304705;58.5625;30;15;9;6;0;0;
EBT;UF;4304804;112.1875;14;5;4;2;3;0;
EBT;UF;4304903;3.7500;6;3;3;0;0;0;
EBT;UF;4305108;4302.0625;474;76;207;162;22;7;
EBT;UF;4305207;2.0000;2;0;2;0;0;0;
EBT;UF;4305439;1.0000;1;0;1;0;0;0;
EBT;UF;4305801;0.2500;1;1;0;0;0;0;
EBT;UF;4305975;2.0000;1;0;1;0;0;0;
EBT;UF;4306056;1.0000;1;0;1;0;0;0;
EBT;UF;4306106;1236.4375;49;20;21;5;1;2;
EBT;UF;4306205;2.5625;4;2;2;0;0;0;
EBT;UF;4306403;0.5000;2;2;0;0;0;0;
EBT;UF;4306601;6.0000;1;0;0;1;0;0;
EBT;UF;4306767;434.0000;38;2;13;17;4;2;
EBT;UF;4307005;10931.8125;55;3;23;20;7;2;
EBT;UF;4307559;118.5000;4;1;1;0;1;1;
EBT;UF;4307609;43.7500;17;5;7;5;0;0;
EBT;UF;4307708;89.8750;43;20;15;8;0;0;
EBT;UF;4307807;26.7500;12;6;4;2;0;0;
EBT;UF;4307906;945.6133;69;3;23;32;10;1;
EBT;UF;4308102;3.0000;3;0;3;0;0;0;
EBT;UF;4308508;4.7500;7;3;4;0;0;0;
EBT;UF;4308607;231.1875;54;9;28;15;2;0;
EBT;UF;4308904;17.5000;8;4;2;2;0;0;
EBT;UF;4309001;2.6875;6;4;2;0;0;0;
EBT;UF;4309050;8.6250;3;2;0;1;0;0;
EBT;UF;4309100;91.7500;29;12;12;4;1;0;
EBT;UF;4309209;442.2500;122;37;41;41;3;0;
EBT;UF;4309308;180.1875;28;13;6;5;4;0;
EBT;UF;4309407;5.0000;6;3;3;0;0;0;
EBT;UF;4309605;5.8750;11;7;4;0;0;0;
EBT;UF;4310108;16.7500;16;10;3;3;0;0;
EBT;UF;4310207;92.0625;15;3;4;7;1;0;
EBT;UF;4310330;2.1250;5;4;1;0;0;0;
EBT;UF;4310603;2.0000;1;0;1;0;0;0;
EBT;UF;4310801;15.1250;12;8;3;1;0;0;
EBT;UF;4311007;8.9375;8;4;3;1;0;0;
EBT;UF;4311205;2.7500;4;2;2;0;0;0;
EBT;UF;4311403;1105.5625;28;7;13;7;0;1;
EBT;UF;4311809;85.0625;15;8;4;1;2;0;
EBT;UF;4312401;33.0625;24;15;5;4;0;0;
EBT;UF;4312500;1.0000;1;0;1;0;0;0;
EBT;UF;4312658;10.0000;1;0;0;1;0;0;
EBT;UF;4312906;6.2500;4;1;2;1;0;0;
EBT;UF;4313201;57.6875;13;6;1;5;1;0;
EBT;UF;4313300;42.5625;16;6;8;1;1;0;
EBT;UF;4313409;738.6250;138;21;54;55;8;0;
EBT;UF;4313508;46.8750;25;14;7;4;0;0;
EBT;UF;4313656;0.5000;1;1;0;0;0;0;
EBT;UF;4313706;7.5625;10;5;5;0;0;0;
EBT;UF;4313904;78.8125;31;17;10;3;1;0;
EBT;UF;4314050;14.4375;19;13;6;0;0;0;
EBT;UF;4314100;1111.1250;105;18;43;30;11;3;
EBT;UF;4314308;0.2500;1;1;0;0;0;0;
EBT;UF;4314407;2286.9375;88;20;37;20;6;5;
EBT;UF;4314506;4.0000;1;0;0;1;0;0;
EBT;UF;4314803;11.2500;7;4;2;1;0;0;
EBT;UF;4314902;47396.9258;1088;106;316;450;131;85;
EBT;UF;4315206;2.0000;2;0;2;0;0;0;
EBT;UF;4315305;1.0000;1;0;1;0;0;0;
EBT;UF;4315503;0.5000;1;1;0;0;0;0;
EBT;UF;4315602;763.2500;100;31;30;29;5;5;
EBT;UF;4315701;3.3750;6;4;2;0;0;0;
EBT;UF;4315800;2.0000;2;0;2;0;0;0;
EBT;UF;4316402;168.7500;11;5;4;1;0;1;
EBT;UF;4316501;0.3125;2;2;0;0;0;0;
EBT;UF;4316808;2663.0625;49;10;11;20;3;5;
EBT;UF;4316907;1815.6250;133;56;46;25;2;4;
EBT;UF;4317103;128.5625;16;3;6;5;1;1;
EBT;UF;4317202;5.0000;4;0;4;0;0;0;
EBT;UF;4317301;2.0000;1;0;1;0;0;0;
EBT;UF;4317400;14.4375;11;6;4;1;0;0;
EBT;UF;4317509;340.0000;8;0;2;5;0;1;
EBT;UF;4317608;11.7500;9;6;2;1;0;0;
EBT;UF;4317905;1.5000;2;1;1;0;0;0;
EBT;UF;4318002;2.0000;1;0;1;0;0;0;
EBT;UF;4318101;1.5000;3;2;1;0;0;0;
EBT;UF;4318200;1.7500;3;2;1;0;0;0;
EBT;UF;4318309;4.0000;3;0;3;0;0;0;
EBT;UF;4318507;0.2500;1;1;0;0;0;0;
EBT;UF;4318705;1274.5625;100;27;30;35;5;3;
EBT;UF;4318804;102.4375;6;3;2;0;0;1;
EBT;UF;4319406;3.0000;5;3;2;0;0;0;
EBT;UF;4319505;23.5625;11;5;3;3;0;0;
EBT;UF;4319802;1.5000;3;2;1;0;0;0;
EBT;UF;4319901;106.0000;18;0;9;8;1;0;
EBT;UF;4320008;144.9375;43;17;13;12;1;0;
EBT;UF;4320107;128.3750;11;6;2;1;1;1;
EBT;UF;4320206;0.2500;1;1;0;0;0;0;
EBT;UF;4320404;4.5625;5;2;3;0;0;0;
EBT;UF;4320701;1.0000;1;0;1;0;0;0;
EBT;UF;4320800;2.0000;2;0;2;0;0;0;
EBT;UF;4320909;1.0000;1;0;1;0;0;0;
EBT;UF;4321204;223.5000;20;8;9;1;0;2;
EBT;UF;4321451;826.9375;22;12;3;1;2;4;
EBT;UF;4321501;21.3750;22;16;4;2;0;0;
EBT;UF;4321600;32.4375;23;16;4;3;0;0;
EBT;UF;4321709;2.7500;4;2;2;0;0;0;
EBT;UF;4321808;1.0000;1;0;1;0;0;0;
EBT;UF;4322004;34.0000;2;0;1;0;1;0;
EBT;UF;4322400;10629.1250;35;6;12;11;3;3;
EBT;UF;4322509;282.5859;37;3;16;17;0;1;
EBT;UF;4322608;65.7500;21;6;9;6;0;0;
EBT;UF;4322806;1.0000;1;0;1;0;0;0;
EBT;UF;4323002;100.3750;23;11;6;3;3;0;
EBT;UF;4323408;1.2500;2;1;1;0;0;0;
EBT;UF;4323804;2.8750;10;9;1;0;0;0;
EBT;UF;5000203;86.0000;12;0;3;8;1;0;
EBT;UF;5001003;1.0000;1;0;1;0;0;0;
EBT;UF;5002407;1.0000;1;0;1;0;0;0;
EBT;UF;5002704;6924.5625;541;100;206;176;33;26;
EBT;UF;5002902;0.5000;1;1;0;0;0;0;
EBT;UF;5002951;2.0625;2;1;1;0;0;0;
EBT;UF;5003207;26.0000;12;0;9;3;0;0;
EBT;UF;5003306;2.0000;1;0;1;0;0;0;
EBT;UF;5003702;1100.3125;57;8;22;22;2;3;
EBT;UF;5003751;1.0000;1;0;1;0;0;0;
EBT;UF;5004502;5.2500;5;3;2;0;0;0;
EBT;UF;5005202;4.0000;2;0;2;0;0;0;
EBT;UF;5005400;224.5000;12;1;3;4;2;2;
EBT;UF;5005707;4.0000;2;0;2;0;0;0;
EBT;UF;5006002;2.5000;3;1;2;0;0;0;
EBT;UF;5006309;6.0000;3;0;3;0;0;0;
EBT;UF;5006606;7.0000;4;0;4;0;0;0;
EBT;UF;5007109;27.0000;6;0;1;5;0;0;
EBT;UF;5007208;3.0000;2;0;2;0;0;0;
EBT;UF;5007695;1.0000;2;2;0;0;0;0;
EBT;UF;5007703;1.0000;1;0;1;0;0;0;
EBT;UF;5007901;267.5000;13;1;4;2;5;1;
EBT;UF;5008008;2.0000;1;0;1;0;0;0;
EBT;UF;5008305;522.0000;59;0;24;30;4;1;
EBT;UF;5100201;7.0000;4;0;4;0;0;0;
EBT;UF;5100250;12.5000;7;1;6;0;0;0;
EBT;UF;5100300;0.5000;1;1;0;0;0;0;
EBT;UF;5100805;1.0000;1;0;1;0;0;0;
EBT;UF;5101803;8.0000;6;2;4;0;0;0;
EBT;UF;5102504;170.0000;56;12;33;10;1;0;
EBT;UF;5102678;1.0000;1;0;1;0;0;0;
EBT;UF;5103056;1.0000;1;0;1;0;0;0;
EBT;UF;5103403;29127.8125;1018;145;546;187;90;50;
EBT;UF;5103502;5.5000;4;1;3;0;0;0;
EBT;UF;5104104;0.5000;1;1;0;0;0;0;
EBT;UF;5105002;84.2500;9;1;3;2;3;0;
EBT;UF;5105150;2.0000;1;0;1;0;0;0;
EBT;UF;5105259;2082.6250;187;40;87;38;11;11;
EBT;UF;5105622;111.5000;21;3;14;2;2;0;
EBT;UF;5105903;0.5000;1;1;0;0;0;0;
EBT;UF;5106224;781.6875;115;17;64;24;7;3;
EBT;UF;5106752;369.3750;58;21;26;5;4;2;
EBT;UF;5107040;4.5625;4;2;2;0;0;0;
EBT;UF;5107065;0.5000;1;1;0;0;0;0;
EBT;UF;5107180;0.5000;1;1;0;0;0;0;
EBT;UF;5107198;0.5625;2;2;0;0;0;0;
EBT;UF;5107602;2100.5000;254;25;150;54;14;11;
EBT;UF;5107800;1.0000;1;0;1;0;0;0;
EBT;UF;5107859;1.2500;2;1;1;0;0;0;
EBT;UF;5107909;7592.6250;255;22;163;47;7;16;
EBT;UF;5107925;1254.2500;165;21;87;45;4;8;
EBT;UF;5107958;4.8750;7;5;2;0;0;0;
EBT;UF;5108402;931.1875;174;25;86;56;6;1;
EBT;UF;5108600;0.2500;1;1;0;0;0;0;
EBT;UF;5200050;2.0000;1;0;1;0;0;0;
EBT;UF;5200258;33.2500;19;3;13;3;0;0;
EBT;UF;5200308;11.0000;12;6;6;0;0;0;
EBT;UF;5200605;0.2500;1;1;0;0;0;0;
EBT;UF;5200803;1.2500;2;1;1;0;0;0;
EBT;UF;5201108;2547.1250;258;27;92;119;13;7;
EBT;UF;5201405;535.5625;215;42;139;34;0;0;
EBT;UF;5202502;1.0000;1;0;1;0;0;0;
EBT;UF;5202601;0.2500;1;1;0;0;0;0;
EBT;UF;5203203;1.0000;1;0;1;0;0;0;
EBT;UF;5204003;0.2500;1;1;0;0;0;0;
EBT;UF;5204508;27.0000;7;2;3;2;0;0;
EBT;UF;5204706;6.0000;6;3;3;0;0;0;
EBT;UF;5204805;0.2500;1;1;0;0;0;0;
EBT;UF;5205109;369.8750;46;5;23;10;6;2;
EBT;UF;5205406;2.0625;2;1;1;0;0;0;
EBT;UF;5205455;0.2500;1;1;0;0;0;0;
EBT;UF;5205497;4.5000;3;1;2;0;0;0;
EBT;UF;5205513;0.7500;2;2;0;0;0;0;
EBT;UF;5205802;0.2500;1;1;0;0;0;0;
EBT;UF;5205901;1.0000;1;0;1;0;0;0;
EBT;UF;5206206;152.8125;19;3;6;7;3;0;
EBT;UF;5206800;0.2500;1;1;0;0;0;0;
EBT;UF;5207808;0.2500;1;1;0;0;0;0;
EBT;UF;5208004;5.0000;3;0;3;0;0;0;
EBT;UF;5208103;0.2500;1;1;0;0;0;0;
EBT;UF;5208608;0.0625;1;1;0;0;0;0;
EBT;UF;5208707;8689.1875;865;112;527;162;37;27;
EBT;UF;5208806;6.0000;2;0;1;1;0;0;
EBT;UF;5209101;0.7500;2;2;0;0;0;0;
EBT;UF;5209705;2.0000;1;0;1;0;0;0;
EBT;UF;5209804;0.2500;1;1;0;0;0;0;
EBT;UF;5209937;2.0000;1;0;1;0;0;0;
EBT;UF;5210000;8.0000;4;0;4;0;0;0;
EBT;UF;5210802;0.2500;1;1;0;0;0;0;
EBT;UF;5210901;1.0000;1;0;1;0;0;0;
EBT;UF;5211206;0.5000;1;1;0;0;0;0;
EBT;UF;5211503;128.7500;36;2;26;6;2;0;
EBT;UF;5211909;127.5000;15;1;12;1;0;1;
EBT;UF;5212105;0.2500;1;1;0;0;0;0;
EBT;UF;5212303;0.2500;1;1;0;0;0;0;
EBT;UF;5212501;96.3750;48;16;24;8;0;0;
EBT;UF;5213004;0.2500;1;1;0;0;0;0;
EBT;UF;5213103;0.5000;1;1;0;0;0;0;
EBT;UF;5213509;0.2500;1;1;0;0;0;0;
EBT;UF;5213756;0.2500;1;1;0;0;0;0;
EBT;UF;5213806;11.1250;13;7;6;0;0;0;
EBT;UF;5213905;0.2500;1;1;0;0;0;0;
EBT;UF;5214002;0.2500;1;1;0;0;0;0;
EBT;UF;5214408;1.0000;1;0;1;0;0;0;
EBT;UF;5214838;1.0000;1;0;1;0;0;0;
EBT;UF;5215231;11.5625;12;6;6;0;0;0;
EBT;UF;5215306;1.2500;2;1;1;0;0;0;
EBT;UF;5215504;0.2500;1;1;0;0;0;0;
EBT;UF;5216304;0.2500;1;1;0;0;0;0;
EBT;UF;5216809;1.0000;1;0;1;0;0;0;
EBT;UF;5217203;0.2500;1;1;0;0;0;0;
EBT;UF;5217401;1.0000;1;0;1;0;0;0;
EBT;UF;5217609;3.5000;3;1;2;0;0;0;
EBT;UF;5218003;92.5000;7;1;1;1;4;0;
EBT;UF;5218789;0.2500;1;1;0;0;0;0;
EBT;UF;5218805;503.4375;89;10;46;27;5;1;
EBT;UF;5219100;0.2500;1;1;0;0;0;0;
EBT;UF;5219308;2.0000;1;0;1;0;0;0;
EBT;UF;5219605;2.0000;1;0;1;0;0;0;
EBT;UF;5219753;9.0000;5;0;5;0;0;0;
EBT;UF;5219902;0.2500;1;1;0;0;0;0;
EBT;UF;5220108;0.5000;1;1;0;0;0;0;
EBT;UF;5220454;40.0000;18;2;15;1;0;0;
EBT;UF;5221403;103.8125;17;5;7;3;1;1;
EBT;UF;5221601;8.5625;10;7;2;1;0;0;
EBT;UF;5221700;0.2500;1;1;0;0;0;0;
EBT;UF;5221809;0.2500;1;1;0;0;0;0;
EBT;UF;5221858;61.3750;35;12;18;5;0;0;
EBT;UF;5300108;289843.582;3690;510;1523;1062;268;327;
TLB;UF;3106200;0.2500;1;1;0;0;0;0;
09;1201;
