01;CLA;IPL4;201305;
EBT;UF;1100023;233.0625;35;3;25;2;5;0;
EBT;UF;1100049;350.0625;75;15;45;12;2;1;
EBT;UF;1100106;4.0000;2;0;2;0;0;0;
EBT;UF;1100114;16.0000;8;0;8;0;0;0;
EBT;UF;1100122;827.1875;100;13;68;10;6;3;
EBT;UF;1100155;40.0000;7;0;5;1;1;0;
EBT;UF;1100189;129.8125;44;8;30;5;1;0;
EBT;UF;1100205;9218.7500;466;81;308;42;13;22;
EBT;UF;1100296;1.0000;1;0;1;0;0;0;
EBT;UF;1100304;494.1875;101;14;75;6;5;1;
EBT;UF;1100924;2.0000;1;0;1;0;0;0;
EBT;UF;1200138;3.0000;2;0;2;0;0;0;
EBT;UF;1200252;0.5625;4;4;0;0;0;0;
EBT;UF;1200401;4371.6875;238;39;156;28;6;9;
EBT;UF;1200450;4.0000;2;0;2;0;0;0;
EBT;UF;1301100;1.0000;1;0;1;0;0;0;
EBT;UF;1301704;0.2500;1;1;0;0;0;0;
EBT;UF;1302603;7217.5000;598;81;414;53;31;19;
EBT;UF;1303403;2.2500;2;1;1;0;0;0;
EBT;UF;1400100;275.5000;64;4;40;17;3;0;
EBT;UF;1500800;7678.5000;108;5;70;22;5;6;
EBT;UF;1501303;22.0000;3;0;1;2;0;0;
EBT;UF;1501402;29952.6016;580;22;279;168;46;65;
EBT;UF;1501501;11.2500;8;4;3;1;0;0;
EBT;UF;1502202;156.0000;10;0;1;4;5;0;
EBT;UF;1502400;123.0000;31;3;21;5;2;0;
EBT;UF;1503606;6.0000;3;0;3;0;0;0;
EBT;UF;1504208;195.1250;71;23;39;6;3;0;
EBT;UF;1504422;120.1875;42;7;25;10;0;0;
EBT;UF;1505304;1.0000;1;0;1;0;0;0;
EBT;UF;1505502;288.0000;19;0;13;2;2;2;
EBT;UF;1506807;121.9375;22;9;9;2;0;2;
EBT;UF;1600303;176.0000;46;7;32;4;3;0;
EBT;UF;1700350;4.0000;3;0;3;0;0;0;
EBT;UF;1700707;41.2500;14;1;11;2;0;0;
EBT;UF;1702109;333.6250;64;13;30;18;3;0;
EBT;UF;1705508;208.0000;6;0;4;0;0;2;
EBT;UF;1709302;42.6875;8;4;2;1;1;0;
EBT;UF;1709500;173.3750;18;4;7;6;0;1;
EBT;UF;1713205;8.5625;8;3;5;0;0;0;
EBT;UF;1713304;4.2500;4;1;3;0;0;0;
EBT;UF;1714880;5.3125;5;2;3;0;0;0;
EBT;UF;1716109;15.0000;4;2;0;2;0;0;
EBT;UF;1718204;79.7500;16;4;7;3;2;0;
EBT;UF;1718402;4.0000;1;0;0;1;0;0;
EBT;UF;1721000;1316.3750;161;43;82;29;5;2;
EBT;UF;1722081;4.0000;1;0;0;1;0;0;
EBT;UF;2100055;0.2500;1;1;0;0;0;0;
EBT;UF;2100204;32.0000;1;0;0;0;1;0;
EBT;UF;2101202;90.0000;3;0;0;0;3;0;
EBT;UF;2101608;0.3750;2;2;0;0;0;0;
EBT;UF;2101707;2.0000;1;0;1;0;0;0;
EBT;UF;2103000;468.0000;11;0;5;2;1;3;
EBT;UF;2103307;155.0000;1;0;0;0;0;1;
EBT;UF;2103604;0.5000;1;1;0;0;0;0;
EBT;UF;2105302;227.2500;8;2;3;0;2;1;
EBT;UF;2105427;10.0000;2;0;1;1;0;0;
EBT;UF;2109106;0.7500;2;2;0;0;0;0;
EBT;UF;2109908;33.0000;3;2;0;0;1;0;
EBT;UF;2110302;52.0000;6;0;1;5;0;0;
EBT;UF;2111201;4.5000;2;1;0;1;0;0;
EBT;UF;2111300;2061.5000;114;15;28;50;17;4;
EBT;UF;2112209;32.0000;1;0;0;0;1;0;
EBT;UF;2112902;0.3750;2;2;0;0;0;0;
EBT;UF;2202208;64.0000;2;0;0;0;2;0;
EBT;UF;2202703;32.0000;1;0;0;0;1;0;
EBT;UF;2203701;10.0000;1;0;0;1;0;0;
EBT;UF;2207702;72.0000;4;0;0;2;2;0;
EBT;UF;2208403;16.0000;1;0;0;0;1;0;
EBT;UF;2211001;2835.0625;178;4;50;70;50;4;
EBT;UF;2300309;6.0000;1;0;0;1;0;0;
EBT;UF;2301000;15.0000;4;0;3;1;0;0;
EBT;UF;2301109;32.0000;3;0;0;2;1;0;
EBT;UF;2301901;28.6250;7;3;0;4;0;0;
EBT;UF;2302503;20.0000;2;0;0;2;0;0;
EBT;UF;2303709;7.7500;6;2;4;0;0;0;
EBT;UF;2303808;12.0000;2;0;1;1;0;0;
EBT;UF;2304103;0.2500;1;1;0;0;0;0;
EBT;UF;2304202;35.0000;2;0;1;0;1;0;
EBT;UF;2304285;167.5000;18;1;9;5;2;1;
EBT;UF;2304400;7024.3125;167;13;52;52;24;26;
EBT;UF;2305233;56.0625;6;1;2;2;1;0;
EBT;UF;2305407;20.0000;1;0;0;0;1;0;
EBT;UF;2305506;32.0000;2;0;0;1;1;0;
EBT;UF;2306256;0.5000;1;1;0;0;0;0;
EBT;UF;2306405;54.0000;3;0;0;2;1;0;
EBT;UF;2307304;63.0000;8;0;4;3;1;0;
EBT;UF;2307601;70.0000;4;0;0;2;2;0;
EBT;UF;2307650;36.2500;14;1;10;3;0;0;
EBT;UF;2308104;8.0000;1;0;0;1;0;0;
EBT;UF;2308302;16.0000;1;0;0;0;1;0;
EBT;UF;2309607;90.0000;2;0;0;0;1;1;
EBT;UF;2310704;1.0000;1;0;1;0;0;0;
EBT;UF;2311306;49.0000;4;0;1;1;2;0;
EBT;UF;2311801;14.3750;11;4;7;0;0;0;
EBT;UF;2312403;1.0000;1;0;1;0;0;0;
EBT;UF;2312908;302.3750;21;5;4;7;3;2;
EBT;UF;2313302;0.6875;3;3;0;0;0;0;
EBT;UF;2313401;292.0000;7;0;1;2;2;2;
EBT;UF;2400109;148.0000;5;0;0;1;3;1;
EBT;UF;2400802;20.5000;3;1;0;2;0;0;
EBT;UF;2403251;121.2500;29;3;16;10;0;0;
EBT;UF;2406700;10.0000;1;0;0;1;0;0;
EBT;UF;2407104;25.0000;9;0;8;1;0;0;
EBT;UF;2407401;26.0000;2;0;0;1;1;0;
EBT;UF;2408003;599.5625;34;5;17;5;4;3;
EBT;UF;2408102;3810.5000;99;13;19;42;10;15;
EBT;UF;2409332;4.0000;1;0;0;1;0;0;
EBT;UF;2412005;4.0000;2;0;2;0;0;0;
EBT;UF;2501807;25.0000;3;0;1;2;0;0;
EBT;UF;2503209;196.2500;19;1;10;6;1;1;
EBT;UF;2504009;887.0000;41;3;9;21;4;4;
EBT;UF;2506301;42.0000;2;0;0;1;1;0;
EBT;UF;2506905;48.0000;2;0;0;0;2;0;
EBT;UF;2507507;3935.5625;123;5;42;46;20;10;
EBT;UF;2510808;197.0000;3;0;0;1;1;1;
EBT;UF;2516201;2.0000;1;0;1;0;0;0;
EBT;UF;2600054;177.8750;16;4;10;1;0;1;
EBT;UF;2601102;18.0000;1;0;0;0;1;0;
EBT;UF;2601201;48.0000;3;0;0;1;2;0;
EBT;UF;2601706;120.0000;4;0;0;0;4;0;
EBT;UF;2601904;22.0000;1;0;0;0;1;0;
EBT;UF;2602902;409.2500;23;4;14;1;2;2;
EBT;UF;2603454;1.0000;1;0;1;0;0;0;
EBT;UF;2604007;1.0000;1;0;1;0;0;0;
EBT;UF;2604106;167.6250;26;4;13;6;3;0;
EBT;UF;2605103;22.0000;1;0;0;0;1;0;
EBT;UF;2606002;20.0000;2;0;0;2;0;0;
EBT;UF;2606408;127.8750;5;3;1;0;0;1;
EBT;UF;2606804;1.0000;1;0;1;0;0;0;
EBT;UF;2607208;29.7500;10;2;4;4;0;0;
EBT;UF;2607901;331.2500;39;5;19;12;2;1;
EBT;UF;2608909;0.2500;1;1;0;0;0;0;
EBT;UF;2609600;296.2500;31;4;16;7;3;1;
EBT;UF;2610707;274.3750;43;5;31;5;1;1;
EBT;UF;2610905;68.0000;2;0;0;0;2;0;
EBT;UF;2611606;12822.4375;304;17;118;76;46;47;
EBT;UF;2612208;10.0000;1;0;0;1;0;0;
EBT;UF;2613909;54.3750;20;15;2;1;2;0;
EBT;UF;2700300;247.0625;25;1;12;11;0;1;
EBT;UF;2704302;2453.8750;182;27;54;81;11;9;
EBT;UF;2704708;2.0000;1;0;1;0;0;0;
EBT;UF;2706307;2.0000;1;0;1;0;0;0;
EBT;UF;2707701;165.5000;8;1;6;0;0;1;
EBT;UF;2800308;4126.1875;215;31;83;74;10;17;
EBT;UF;2800670;0.5000;3;3;0;0;0;0;
EBT;UF;2802106;10.0000;1;0;0;1;0;0;
EBT;UF;2804805;537.1250;50;6;25;15;1;3;
EBT;UF;2806701;72.5625;13;3;6;3;1;0;
EBT;UF;2900702;96.0000;10;0;3;5;2;0;
EBT;UF;2903201;7.0000;3;0;2;1;0;0;
EBT;UF;2904605;47.0000;4;0;2;1;0;1;
EBT;UF;2904704;2.0000;1;0;1;0;0;0;
EBT;UF;2905602;130.0000;5;0;2;1;1;1;
EBT;UF;2905701;325.8750;54;3;33;15;2;1;
EBT;UF;2906501;732.0000;16;0;6;4;2;4;
EBT;UF;2906709;2.0000;1;0;1;0;0;0;
EBT;UF;2909802;38.0000;3;0;0;2;1;0;
EBT;UF;2910727;332.8125;20;3;11;3;1;2;
EBT;UF;2910800;2711.6875;114;13;49;32;8;12;
EBT;UF;2912103;4.0000;1;0;0;1;0;0;
EBT;UF;2913606;450.0000;40;0;19;15;4;2;
EBT;UF;2914653;12.0000;2;0;1;1;0;0;
EBT;UF;2914802;1147.8750;48;8;24;10;3;3;
EBT;UF;2914901;72.0000;2;0;0;1;0;1;
EBT;UF;2915304;2.0000;1;0;1;0;0;0;
EBT;UF;2915601;6.0000;3;0;3;0;0;0;
EBT;UF;2915809;12.0000;2;0;1;1;0;0;
EBT;UF;2916302;2.0000;1;0;1;0;0;0;
EBT;UF;2916401;152.1875;7;2;1;1;2;1;
EBT;UF;2917102;2.0000;1;0;1;0;0;0;
EBT;UF;2917508;100.0000;1;0;0;0;0;1;
EBT;UF;2918001;151.7500;17;3;9;4;0;1;
EBT;UF;2918407;4.0000;2;0;2;0;0;0;
EBT;UF;2919207;656.0000;39;0;21;13;2;3;
EBT;UF;2920601;18.0000;2;0;0;2;0;0;
EBT;UF;2921005;20.2500;3;1;0;2;0;0;
EBT;UF;2921302;10.0000;2;0;0;2;0;0;
EBT;UF;2924009;47.1250;8;1;4;2;1;0;
EBT;UF;2925006;4.0000;2;0;2;0;0;0;
EBT;UF;2925105;10.0000;1;0;0;1;0;0;
EBT;UF;2925303;376.0000;17;0;8;2;5;2;
EBT;UF;2927408;29383.1250;661;94;247;221;44;55;
EBT;UF;2928703;166.0000;4;0;1;0;2;1;
EBT;UF;2929206;0.0625;1;1;0;0;0;0;
EBT;UF;2930105;14.5000;4;1;2;1;0;0;
EBT;UF;2930709;112.0000;28;2;16;10;0;0;
EBT;UF;2931350;2024.0625;24;4;10;1;4;5;
EBT;UF;2932507;32.0000;1;0;0;0;1;0;
EBT;UF;2932903;2.0000;6;6;0;0;0;0;
EBT;UF;2933307;831.3125;46;5;21;13;3;4;
EBT;UF;3100302;2.0000;1;0;1;0;0;0;
EBT;UF;3101508;256.0000;8;0;0;0;8;0;
EBT;UF;3101607;30.8125;26;10;15;1;0;0;
EBT;UF;3101904;2.0000;1;0;1;0;0;0;
EBT;UF;3103504;17.6250;11;2;9;0;0;0;
EBT;UF;3104007;28.2500;23;9;14;0;0;0;
EBT;UF;3104205;12.0000;6;0;6;0;0;0;
EBT;UF;3104908;4.0000;2;0;2;0;0;0;
EBT;UF;3105608;229.5000;16;1;6;2;7;0;
EBT;UF;3106200;61265.8398;1651;259;943;190;149;110;
EBT;UF;3106309;42.0625;4;1;1;1;1;0;
EBT;UF;3106705;1950.1992;192;46;105;13;24;4;
EBT;UF;3107109;2.0000;1;0;1;0;0;0;
EBT;UF;3107406;1.0000;1;0;1;0;0;0;
EBT;UF;3108404;2.0000;1;0;1;0;0;0;
EBT;UF;3108909;2.2500;2;1;1;0;0;0;
EBT;UF;3109303;2.0000;1;0;1;0;0;0;
EBT;UF;3109501;2.0000;1;0;1;0;0;0;
EBT;UF;3109709;2.0000;1;0;1;0;0;0;
EBT;UF;3110004;2.0000;1;0;1;0;0;0;
EBT;UF;3110509;5.0000;3;0;3;0;0;0;
EBT;UF;3110608;3.0000;2;0;2;0;0;0;
EBT;UF;3110707;4.0000;2;0;2;0;0;0;
EBT;UF;3111606;2.0000;1;0;1;0;0;0;
EBT;UF;3113206;64.0000;2;0;0;0;2;0;
EBT;UF;3113404;24.0000;4;0;2;2;0;0;
EBT;UF;3114303;2.0000;1;0;1;0;0;0;
EBT;UF;3114501;2.0000;1;0;1;0;0;0;
EBT;UF;3115300;402.0000;8;0;1;3;2;2;
EBT;UF;3115508;10.1250;6;1;5;0;0;0;
EBT;UF;3117876;10.0000;1;0;0;1;0;0;
EBT;UF;3118007;19.3125;9;4;4;1;0;0;
EBT;UF;3118304;45.3750;13;5;7;0;1;0;
EBT;UF;3118601;2646.7500;282;47;151;40;36;8;
EBT;UF;3119401;36.0000;4;0;3;0;1;0;
EBT;UF;3120904;32.0000;16;0;16;0;0;0;
EBT;UF;3122306;901.8750;38;6;21;4;2;5;
EBT;UF;3123601;4.0000;2;0;2;0;0;0;
EBT;UF;3123908;2.0000;1;0;1;0;0;0;
EBT;UF;3125101;15.5000;9;1;8;0;0;0;
EBT;UF;3126109;4.0000;2;0;2;0;0;0;
EBT;UF;3127008;4.0000;2;0;2;0;0;0;
EBT;UF;3127701;1509.7500;51;4;27;5;10;5;
EBT;UF;3128709;8.0000;1;0;0;1;0;0;
EBT;UF;3129509;2.0000;1;0;1;0;0;0;
EBT;UF;3129806;44.5000;8;1;6;0;1;0;
EBT;UF;3130101;2.0000;1;0;1;0;0;0;
EBT;UF;3130309;2.0000;1;0;1;0;0;0;
EBT;UF;3131307;543.8750;58;12;28;5;12;1;
EBT;UF;3131703;384.4375;33;14;15;1;1;2;
EBT;UF;3131901;5.0625;5;1;4;0;0;0;
EBT;UF;3132206;6.0000;3;0;3;0;0;0;
EBT;UF;3132404;397.8750;59;19;28;4;7;1;
EBT;UF;3133006;6.0000;3;0;3;0;0;0;
EBT;UF;3133808;95.7500;18;2;11;4;1;0;
EBT;UF;3134202;21.5000;12;1;11;0;0;0;
EBT;UF;3135209;2.0000;1;0;1;0;0;0;
EBT;UF;3135407;6.1250;4;1;3;0;0;0;
EBT;UF;3135506;2.0000;1;0;1;0;0;0;
EBT;UF;3136207;24.7500;22;9;13;0;0;0;
EBT;UF;3136306;8.0000;4;0;4;0;0;0;
EBT;UF;3136702;4619.3125;107;9;43;17;20;18;
EBT;UF;3137205;64.0000;6;0;2;3;1;0;
EBT;UF;3137601;50.5000;16;6;9;0;1;0;
EBT;UF;3138203;307.5000;48;15;24;6;1;2;
EBT;UF;3138401;189.0000;3;0;1;0;1;1;
EBT;UF;3138609;98.0000;4;0;1;0;3;0;
EBT;UF;3138807;2.0000;1;0;1;0;0;0;
EBT;UF;3139003;32.0000;1;0;0;0;1;0;
EBT;UF;3140001;64.0000;2;0;0;0;2;0;
EBT;UF;3140803;62.0000;8;0;4;3;1;0;
EBT;UF;3141405;38.0000;4;0;3;0;1;0;
EBT;UF;3143302;2290.4375;94;8;35;9;34;8;
EBT;UF;3143906;342.0000;4;0;0;1;1;2;
EBT;UF;3144805;725.5625;62;5;35;11;9;2;
EBT;UF;3145208;2.0000;1;0;1;0;0;0;
EBT;UF;3145604;6.2500;4;1;3;0;0;0;
EBT;UF;3145901;4.0000;2;0;2;0;0;0;
EBT;UF;3146107;6.5625;5;2;3;0;0;0;
EBT;UF;3146305;4.0000;2;0;2;0;0;0;
EBT;UF;3147006;31.2500;8;1;6;0;1;0;
EBT;UF;3147105;19.0625;10;1;8;1;0;0;
EBT;UF;3147402;200.0000;2;0;0;0;0;2;
EBT;UF;3147600;2.0000;1;0;1;0;0;0;
EBT;UF;3147907;159.2500;23;8;10;3;1;1;
EBT;UF;3148004;10.1250;7;2;5;0;0;0;
EBT;UF;3148103;2.0000;1;0;1;0;0;0;
EBT;UF;3149101;2.0000;1;0;1;0;0;0;
EBT;UF;3149309;70.6250;24;8;13;2;1;0;
EBT;UF;3149903;263.0000;5;0;2;1;0;2;
EBT;UF;3151206;420.0000;14;0;0;1;13;0;
EBT;UF;3151404;4.0000;2;0;2;0;0;0;
EBT;UF;3151800;117.0000;52;10;37;4;1;0;
EBT;UF;3152105;20.0000;2;0;0;2;0;0;
EBT;UF;3152501;161.5625;59;20;28;9;2;0;
EBT;UF;3154101;32.0000;1;0;0;0;1;0;
EBT;UF;3154200;32.0000;1;0;0;0;1;0;
EBT;UF;3154606;118.6875;42;14;25;1;2;0;
EBT;UF;3155504;2.0000;1;0;1;0;0;0;
EBT;UF;3156700;13.7500;9;2;7;0;0;0;
EBT;UF;3157807;159.6250;40;15;19;3;3;0;
EBT;UF;3160405;2.0000;1;0;1;0;0;0;
EBT;UF;3160702;12.0000;2;0;1;1;0;0;
EBT;UF;3162104;18.0000;5;0;4;1;0;0;
EBT;UF;3162401;2.0000;1;0;1;0;0;0;
EBT;UF;3162500;399.4375;48;16;21;2;8;1;
EBT;UF;3162708;2.0000;1;0;1;0;0;0;
EBT;UF;3162955;0.2500;1;1;0;0;0;0;
EBT;UF;3163706;65.5000;16;4;10;0;2;0;
EBT;UF;3164704;46.3750;39;16;23;0;0;0;
EBT;UF;3165701;64.0000;2;0;0;0;2;0;
EBT;UF;3166907;8.0000;1;0;0;1;0;0;
EBT;UF;3167202;187.9375;44;4;32;5;3;0;
EBT;UF;3168606;319.2500;23;3;10;1;9;0;
EBT;UF;3168705;396.0625;29;4;9;5;11;0;
EBT;UF;3169307;137.7500;41;20;16;2;3;0;
EBT;UF;3169356;2.0000;1;0;1;0;0;0;
EBT;UF;3169406;2.2500;2;1;1;0;0;0;
EBT;UF;3169901;174.0000;4;0;0;1;2;1;
EBT;UF;3170107;211.0625;79;20;51;6;2;0;
EBT;UF;3170206;4107.1523;253;72;118;24;19;20;
EBT;UF;3170404;65.5000;31;1;29;1;0;0;
EBT;UF;3170701;2327.6875;60;7;31;5;6;11;
EBT;UF;3170800;160.0000;5;0;0;0;5;0;
EBT;UF;3171204;72.2500;28;4;20;3;1;0;
EBT;UF;3171303;81.0000;7;0;4;1;2;0;
EBT;UF;3172004;160.0000;5;0;0;0;5;0;
EBT;UF;3200169;2.0000;1;0;1;0;0;0;
EBT;UF;3200201;14.0000;2;0;1;1;0;0;
EBT;UF;3200409;44.0000;2;0;0;1;1;0;
EBT;UF;3200508;1.0000;1;0;1;0;0;0;
EBT;UF;3200607;7.0000;4;0;4;0;0;0;
EBT;UF;3200706;1.0000;1;0;1;0;0;0;
EBT;UF;3200805;90.0000;6;0;0;3;3;0;
EBT;UF;3200904;6.0000;2;0;1;1;0;0;
EBT;UF;3201209;373.5000;23;2;13;1;5;2;
EBT;UF;3201308;505.7500;55;5;33;12;2;3;
EBT;UF;3201506;529.4375;37;5;25;4;1;2;
EBT;UF;3201902;4.3125;6;4;2;0;0;0;
EBT;UF;3202108;2.0000;1;0;1;0;0;0;
EBT;UF;3202306;5.4375;8;6;2;0;0;0;
EBT;UF;3202405;405.0000;10;2;3;1;1;3;
EBT;UF;3202504;174.1250;8;2;3;0;2;1;
EBT;UF;3202553;2.0000;1;0;1;0;0;0;
EBT;UF;3202603;2.0000;1;0;1;0;0;0;
EBT;UF;3202702;1.0000;1;0;1;0;0;0;
EBT;UF;3202801;101.0000;7;6;0;0;0;1;
EBT;UF;3202900;36.0000;2;0;1;0;1;0;
EBT;UF;3203163;1.0000;1;0;1;0;0;0;
EBT;UF;3203205;327.6250;28;6;12;6;2;2;
EBT;UF;3203304;2.0000;1;0;1;0;0;0;
EBT;UF;3203320;1.6250;4;3;1;0;0;0;
EBT;UF;3203346;20.0000;2;0;0;2;0;0;
EBT;UF;3203353;2.0000;1;0;1;0;0;0;
EBT;UF;3203502;10.0000;1;0;0;1;0;0;
EBT;UF;3203700;8.0000;4;0;4;0;0;0;
EBT;UF;3203809;2.0000;1;0;1;0;0;0;
EBT;UF;3203908;2.0000;1;0;1;0;0;0;
EBT;UF;3204054;6.0000;2;0;1;1;0;0;
EBT;UF;3204104;96.0000;3;0;1;0;1;1;
EBT;UF;3204203;128.1250;3;2;0;0;0;1;
EBT;UF;3204302;2.0000;1;0;1;0;0;0;
EBT;UF;3204351;4.0000;2;0;2;0;0;0;
EBT;UF;3204401;30.0000;2;0;0;1;1;0;
EBT;UF;3204559;2.0625;2;1;1;0;0;0;
EBT;UF;3204609;70.0000;4;0;2;0;2;0;
EBT;UF;3204708;4.0000;2;0;2;0;0;0;
EBT;UF;3204906;683.5000;17;2;4;2;5;4;
EBT;UF;3205002;2054.8750;138;19;57;39;13;10;
EBT;UF;3205069;9.1875;11;7;4;0;0;0;
EBT;UF;3205101;146.0625;14;1;9;3;0;1;
EBT;UF;3205200;2514.0000;76;9;29;23;6;9;
EBT;UF;3205309;49773.5625;178;20;27;52;24;55;
EBT;UF;3300100;116.7500;16;3;7;4;2;0;
EBT;UF;3300209;16.0000;6;0;4;2;0;0;
EBT;UF;3300258;2.0000;1;0;1;0;0;0;
EBT;UF;3300308;15.0000;6;3;2;1;0;0;
EBT;UF;3300407;36.2500;10;1;7;2;0;0;
EBT;UF;3300456;39.6250;20;4;15;1;0;0;
EBT;UF;3300704;32.0000;9;0;7;2;0;0;
EBT;UF;3300803;4.0000;2;0;2;0;0;0;
EBT;UF;3301009;173.8750;34;13;14;3;4;0;
EBT;UF;3301108;2.0000;1;0;1;0;0;0;
EBT;UF;3301306;2.5000;3;2;1;0;0;0;
EBT;UF;3301702;3252.0625;73;12;38;7;2;14;
EBT;UF;3301900;2594.5000;11;1;6;3;0;1;
EBT;UF;3302007;22.0000;9;2;6;1;0;0;
EBT;UF;3302205;18.5000;10;1;9;0;0;0;
EBT;UF;3302254;225.0000;18;0;10;4;3;1;
EBT;UF;3302403;3107.3750;190;9;78;74;22;7;
EBT;UF;3302502;4.0000;2;0;2;0;0;0;
EBT;UF;3302700;2.0000;1;0;1;0;0;0;
EBT;UF;3302858;47.6250;7;2;4;0;0;1;
EBT;UF;3303203;14.0000;12;5;7;0;0;0;
EBT;UF;3303302;3340.6250;197;15;149;17;8;8;
EBT;UF;3303401;14.5000;5;1;3;1;0;0;
EBT;UF;3303500;255.0781;43;7;29;6;0;1;
EBT;UF;3303609;1.0000;1;0;1;0;0;0;
EBT;UF;3303807;0.2500;1;1;0;0;0;0;
EBT;UF;3303906;721.9883;48;7;32;3;4;2;
EBT;UF;3304003;1.5000;2;1;1;0;0;0;
EBT;UF;3304110;1040.8750;34;6;11;8;1;8;
EBT;UF;3304144;8.0000;4;0;4;0;0;0;
EBT;UF;3304201;458.2500;31;1;17;7;4;2;
EBT;UF;3304300;3.5000;3;1;2;0;0;0;
EBT;UF;3304524;185.7500;37;6;18;12;1;0;
EBT;UF;3304557;316491.309;5109;281;2870;1155;297;506;
EBT;UF;3304706;1.0000;1;0;1;0;0;0;
EBT;UF;3304904;277.6250;75;15;50;9;0;1;
EBT;UF;3305000;34.2500;11;1;9;0;1;0;
EBT;UF;3305109;127.0625;43;5;31;7;0;0;
EBT;UF;3305208;5.5000;5;3;2;0;0;0;
EBT;UF;3305505;0.5000;1;1;0;0;0;0;
EBT;UF;3305554;499.2500;5;1;0;0;1;3;
EBT;UF;3305802;50.3750;12;2;9;0;1;0;
EBT;UF;3306008;132.5000;19;1;9;7;2;0;
EBT;UF;3306107;2.0000;1;0;1;0;0;0;
EBT;UF;3306305;639.0000;31;2;14;5;7;3;
EBT;UF;3500105;155.0000;1;0;0;0;0;1;
EBT;UF;3501004;0.2500;1;1;0;0;0;0;
EBT;UF;3501152;2.0000;1;0;1;0;0;0;
EBT;UF;3501608;3055.5000;114;20;68;6;2;18;
EBT;UF;3501707;310.0000;2;0;0;0;0;2;
EBT;UF;3502101;624.0000;2;0;1;0;0;1;
EBT;UF;3502804;173.5000;7;1;4;1;0;1;
EBT;UF;3503000;2.5000;2;1;1;0;0;0;
EBT;UF;3503208;3821.0000;76;10;30;9;4;23;
EBT;UF;3503307;14.0625;12;4;8;0;0;0;
EBT;UF;3504008;322.3750;7;2;2;1;0;2;
EBT;UF;3504107;20.5000;13;3;10;0;0;0;
EBT;UF;3505302;4.0000;2;0;2;0;0;0;
EBT;UF;3505500;320.0000;3;0;0;1;0;2;
EBT;UF;3505708;34669.2188;373;31;137;54;33;118;
EBT;UF;3505906;1.7598;5;4;1;0;0;0;
EBT;UF;3506003;12935.5000;163;7;51;26;6;73;
EBT;UF;3506102;1621.6250;36;9;13;3;1;10;
EBT;UF;3506359;3.5000;6;5;1;0;0;0;
EBT;UF;3507506;1297.0000;21;0;11;1;1;8;
EBT;UF;3507605;1504.0000;25;8;2;4;2;9;
EBT;UF;3507803;2.2500;2;1;1;0;0;0;
EBT;UF;3508207;2.5000;2;1;1;0;0;0;
EBT;UF;3508405;4.5000;4;1;3;0;0;0;
EBT;UF;3508504;128.2500;3;1;1;0;0;1;
EBT;UF;3508603;1342.0000;4;0;0;1;0;3;
EBT;UF;3509205;535.2148;35;7;22;3;0;3;
EBT;UF;3509254;155.2500;2;1;0;0;0;1;
EBT;UF;3509403;1.5000;3;2;1;0;0;0;
EBT;UF;3509502;35802.3242;376;43;150;40;17;126;
EBT;UF;3509700;9.5000;11;6;5;0;0;0;
EBT;UF;3510005;0.7500;2;2;0;0;0;0;
EBT;UF;3510500;342.0000;3;0;0;0;1;2;
EBT;UF;3511102;339.0000;7;0;3;2;0;2;
EBT;UF;3512803;2.0625;2;1;1;0;0;0;
EBT;UF;3513009;296.3750;40;8;26;3;1;2;
EBT;UF;3513405;0.5000;1;1;0;0;0;0;
EBT;UF;3513504;1097.1250;25;3;9;4;2;7;
EBT;UF;3513702;1.5625;6;6;0;0;0;0;
EBT;UF;3513801;2906.8438;209;29;148;14;2;16;
EBT;UF;3515186;2.2500;2;1;1;0;0;0;
EBT;UF;3516200;2269.5098;43;16;10;1;2;14;
EBT;UF;3516705;7.2500;5;1;4;0;0;0;
EBT;UF;3517406;1.2646;4;3;1;0;0;0;
EBT;UF;3517703;3.7686;5;3;2;0;0;0;
EBT;UF;3518305;155.0000;1;0;0;0;0;1;
EBT;UF;3518404;14.5000;9;1;8;0;0;0;
EBT;UF;3518701;451.0000;55;14;34;4;1;2;
EBT;UF;3518800;1143.4375;293;63;208;14;3;5;
EBT;UF;3519071;5320.1250;51;5;14;3;5;24;
EBT;UF;3520103;0.5000;1;1;0;0;0;0;
EBT;UF;3520509;2272.5625;43;8;14;7;0;14;
EBT;UF;3521002;4.0000;2;0;2;0;0;0;
EBT;UF;3521309;0.2686;2;2;0;0;0;0;
EBT;UF;3522307;754.5000;7;1;0;0;1;5;
EBT;UF;3522505;8.0000;1;0;0;1;0;0;
EBT;UF;3522604;2.5625;4;3;1;0;0;0;
EBT;UF;3523107;168.5000;14;7;6;0;0;1;
EBT;UF;3523909;2332.2500;52;8;21;5;3;15;
EBT;UF;3524006;0.1250;1;1;0;0;0;0;
EBT;UF;3524105;5.7500;9;6;3;0;0;0;
EBT;UF;3524402;230.5625;61;9;46;5;0;1;
EBT;UF;3524709;469.2500;9;4;2;0;0;3;
EBT;UF;3525003;157.0000;2;0;1;0;0;1;
EBT;UF;3525102;5.2500;7;3;4;0;0;0;
EBT;UF;3525300;2626.2500;53;1;30;4;2;16;
EBT;UF;3525904;6706.7500;137;19;71;12;3;32;
EBT;UF;3526803;1294.0000;13;0;3;0;2;8;
EBT;UF;3526902;2281.0625;51;7;25;4;1;14;
EBT;UF;3527108;2551.5000;36;9;5;6;0;16;
EBT;UF;3527306;344.0000;3;0;0;0;1;2;
EBT;UF;3527405;155.0000;1;0;0;0;0;1;
EBT;UF;3528007;2048.0000;2;0;0;0;0;2;
EBT;UF;3528403;10.7500;7;2;5;0;0;0;
EBT;UF;3528502;3.2500;4;3;1;0;0;0;
EBT;UF;3529005;3124.6250;85;12;38;12;4;19;
EBT;UF;3529302;163.0000;2;0;0;1;0;1;
EBT;UF;3529401;1779.7500;127;28;77;9;2;11;
EBT;UF;3529708;3.7500;4;2;2;0;0;0;
EBT;UF;3530300;465.0000;3;0;0;0;0;3;
EBT;UF;3530508;3.0000;4;3;1;0;0;0;
EBT;UF;3530607;3011.8750;175;46;110;8;4;7;
EBT;UF;3530706;51.0000;32;5;27;0;0;0;
EBT;UF;3530805;170.2500;10;1;8;0;0;1;
EBT;UF;3531100;5.3750;5;2;3;0;0;0;
EBT;UF;3531902;3.2500;5;3;2;0;0;0;
EBT;UF;3533403;6.0000;5;2;3;0;0;0;
EBT;UF;3534401;4807.0723;65;7;25;11;2;20;
EBT;UF;3534609;155.0000;1;0;0;0;0;1;
EBT;UF;3534708;1607.5000;26;1;7;5;2;11;
EBT;UF;3536703;1.0000;1;0;1;0;0;0;
EBT;UF;3537404;3.0625;5;4;1;0;0;0;
EBT;UF;3538006;140.0000;14;2;8;3;0;1;
EBT;UF;3538709;2275.1719;65;17;30;4;0;14;
EBT;UF;3539301;10.8125;8;3;5;0;0;0;
EBT;UF;3539806;1146.2500;40;1;0;1;32;6;
EBT;UF;3540705;10.0000;1;0;0;1;0;0;
EBT;UF;3541000;16.7500;17;7;10;0;0;0;
EBT;UF;3541406;2619.5625;65;8;31;6;4;16;
EBT;UF;3541505;16.0000;1;0;0;0;1;0;
EBT;UF;3543303;12.7500;9;2;7;0;0;0;
EBT;UF;3543402;13073.0703;269;11;122;55;5;76;
EBT;UF;3543907;1308.8125;48;9;30;1;0;8;
EBT;UF;3544004;2.2500;4;3;1;0;0;0;
EBT;UF;3544103;7.0000;4;0;4;0;0;0;
EBT;UF;3544202;2.0000;1;0;1;0;0;0;
EBT;UF;3545209;481.0000;9;0;5;1;0;3;
EBT;UF;3545803;41.2500;19;1;17;1;0;0;
EBT;UF;3546405;11.0000;3;2;0;1;0;0;
EBT;UF;3547304;7928.1250;33;1;10;6;3;13;
EBT;UF;3547809;14852.5625;284;69;142;20;2;51;
EBT;UF;3548500;9381.3750;216;20;106;43;5;42;
EBT;UF;3548708;12364.1250;456;105;232;35;26;58;
EBT;UF;3548807;6794.8125;98;16;58;8;3;13;
EBT;UF;3548906;3632.6250;35;3;10;11;0;11;
EBT;UF;3549409;2.1250;6;5;1;0;0;0;
EBT;UF;3549805;3846.0000;58;0;12;20;2;24;
EBT;UF;3549904;7608.4219;235;46;127;36;3;23;
EBT;UF;3550100;2.2500;4;3;1;0;0;0;
EBT;UF;3550308;372203.562;7132;846;3743;936;283;1324;
EBT;UF;3551009;1905.8125;82;24;43;9;0;6;
EBT;UF;3551702;577.0000;6;0;1;1;0;4;
EBT;UF;3552205;11708.7500;180;10;72;20;13;65;
EBT;UF;3552403;14.0000;10;3;7;0;0;0;
EBT;UF;3552502;27.7500;22;9;13;0;0;0;
EBT;UF;3552809;6063.0000;24;0;10;5;1;8;
EBT;UF;3554102;1678.0625;81;17;43;9;0;12;
EBT;UF;3554508;9.0000;4;0;3;1;0;0;
EBT;UF;3555000;2.0000;1;0;1;0;0;0;
EBT;UF;3555406;0.5000;1;1;0;0;0;0;
EBT;UF;3556206;365.0000;22;5;13;1;1;2;
EBT;UF;3556701;342.0000;3;0;0;0;1;2;
EBT;UF;3557006;482.0000;8;0;4;1;0;3;
EBT;UF;3557105;2.1250;3;2;1;0;0;0;
EBT;UF;3557303;0.2500;1;1;0;0;0;0;
EBT;UF;4100400;9.2500;8;4;3;1;0;0;
EBT;UF;4100509;1.0000;1;0;1;0;0;0;
EBT;UF;4100608;1.0000;1;0;1;0;0;0;
EBT;UF;4100707;1.0000;1;0;1;0;0;0;
EBT;UF;4100806;1.0000;1;0;1;0;0;0;
EBT;UF;4100905;0.2500;1;1;0;0;0;0;
EBT;UF;4101101;11.7500;9;2;7;0;0;0;
EBT;UF;4101408;101.3125;22;4;13;4;1;0;
EBT;UF;4101507;52.5000;9;2;2;5;0;0;
EBT;UF;4101606;1.0000;1;0;1;0;0;0;
EBT;UF;4101705;1.0000;1;0;1;0;0;0;
EBT;UF;4101804;232.6875;103;36;57;9;1;0;
EBT;UF;4101903;1.0000;1;0;1;0;0;0;
EBT;UF;4102000;1.0000;1;0;1;0;0;0;
EBT;UF;4102109;1.0000;1;0;1;0;0;0;
EBT;UF;4102307;7.5000;5;1;4;0;0;0;
EBT;UF;4102406;1.1875;5;5;0;0;0;0;
EBT;UF;4102505;1.0000;1;0;1;0;0;0;
EBT;UF;4102802;1.2500;2;1;1;0;0;0;
EBT;UF;4102901;1.0000;1;0;1;0;0;0;
EBT;UF;4103206;0.2500;1;1;0;0;0;0;
EBT;UF;4103354;0.2500;1;1;0;0;0;0;
EBT;UF;4103602;2.0000;1;0;1;0;0;0;
EBT;UF;4103701;45.9375;40;17;22;1;0;0;
EBT;UF;4103800;0.2500;1;1;0;0;0;0;
EBT;UF;4104006;2.2500;3;1;2;0;0;0;
EBT;UF;4104204;77.2500;22;1;15;6;0;0;
EBT;UF;4104253;4.2500;4;1;3;0;0;0;
EBT;UF;4104428;9.2500;3;1;1;1;0;0;
EBT;UF;4104501;1.2500;2;1;1;0;0;0;
EBT;UF;4104659;1.3125;3;2;1;0;0;0;
EBT;UF;4104709;2.0000;1;0;1;0;0;0;
EBT;UF;4104808;257.1875;106;36;58;11;1;0;
EBT;UF;4104907;9.2500;24;21;3;0;0;0;
EBT;UF;4105102;1.0000;1;0;1;0;0;0;
EBT;UF;4105409;13.1250;4;1;2;1;0;0;
EBT;UF;4105508;80.8750;28;9;14;5;0;0;
EBT;UF;4105706;1.0000;1;0;1;0;0;0;
EBT;UF;4105805;202.5625;36;17;16;1;1;1;
EBT;UF;4105904;1.0000;1;0;1;0;0;0;
EBT;UF;4106001;0.2500;1;1;0;0;0;0;
EBT;UF;4106209;1.0000;1;0;1;0;0;0;
EBT;UF;4106308;1.0000;1;0;1;0;0;0;
EBT;UF;4106407;14.7500;7;5;0;2;0;0;
EBT;UF;4106506;1.3125;3;2;1;0;0;0;
EBT;UF;4106605;1.0000;1;0;1;0;0;0;
EBT;UF;4106902;23520.3750;1343;250;677;269;99;48;
EBT;UF;4107009;1.0000;1;0;1;0;0;0;
EBT;UF;4107108;0.2500;1;1;0;0;0;0;
EBT;UF;4107207;64.2500;7;2;3;1;0;1;
EBT;UF;4107256;12.0000;1;0;0;1;0;0;
EBT;UF;4107306;0.2500;1;1;0;0;0;0;
EBT;UF;4107538;1.0000;1;0;1;0;0;0;
EBT;UF;4107603;1.0000;1;0;1;0;0;0;
EBT;UF;4107652;316.6875;9;4;3;0;0;2;
EBT;UF;4107736;2.0000;1;0;1;0;0;0;
EBT;UF;4107801;0.2500;1;1;0;0;0;0;
EBT;UF;4108007;1.2500;2;1;1;0;0;0;
EBT;UF;4108205;1.0000;1;0;1;0;0;0;
EBT;UF;4108304;361.3125;110;50;54;2;2;2;
EBT;UF;4108320;0.2500;1;1;0;0;0;0;
EBT;UF;4108403;24.0625;16;8;7;1;0;0;
EBT;UF;4108601;3.5625;7;5;2;0;0;0;
EBT;UF;4108700;1.0000;1;0;1;0;0;0;
EBT;UF;4108809;6.0000;6;2;4;0;0;0;
EBT;UF;4109302;1.0000;1;0;1;0;0;0;
EBT;UF;4109401;15.8750;13;6;6;1;0;0;
EBT;UF;4109500;2.0000;1;0;1;0;0;0;
EBT;UF;4109609;9.0000;5;0;5;0;0;0;
EBT;UF;4109708;1.0000;1;0;1;0;0;0;
EBT;UF;4109807;11.8750;20;13;7;0;0;0;
EBT;UF;4110607;1.0000;1;0;1;0;0;0;
EBT;UF;4110706;12.7500;26;22;4;0;0;0;
EBT;UF;4110953;1.0000;1;0;1;0;0;0;
EBT;UF;4111506;1.2500;2;1;1;0;0;0;
EBT;UF;4111803;0.5000;1;1;0;0;0;0;
EBT;UF;4112009;1.0000;1;0;1;0;0;0;
EBT;UF;4112108;0.3750;3;3;0;0;0;0;
EBT;UF;4112504;1.0000;1;0;1;0;0;0;
EBT;UF;4112702;1.2500;2;1;1;0;0;0;
EBT;UF;4112801;1.0000;1;0;1;0;0;0;
EBT;UF;4113205;1.0625;2;1;1;0;0;0;
EBT;UF;4113304;1.7500;3;2;1;0;0;0;
EBT;UF;4113502;1.0000;1;0;1;0;0;0;
EBT;UF;4113601;14.0000;4;0;3;1;0;0;
EBT;UF;4113700;2365.2500;204;73;81;40;3;7;
EBT;UF;4113809;1.0000;1;0;1;0;0;0;
EBT;UF;4114005;1.0000;1;0;1;0;0;0;
EBT;UF;4114104;2.2500;4;3;1;0;0;0;
EBT;UF;4114203;19.5000;8;4;3;1;0;0;
EBT;UF;4114302;0.2500;1;1;0;0;0;0;
EBT;UF;4114351;0.2500;1;1;0;0;0;0;
EBT;UF;4114401;1.0000;1;0;1;0;0;0;
EBT;UF;4114500;1.0000;1;0;1;0;0;0;
EBT;UF;4114609;0.5000;1;1;0;0;0;0;
EBT;UF;4114807;4.2500;5;3;2;0;0;0;
EBT;UF;4114906;1.0000;1;0;1;0;0;0;
EBT;UF;4115200;1910.6250;201;64;97;37;0;3;
EBT;UF;4115358;1.0000;1;0;1;0;0;0;
EBT;UF;4115408;1.0000;1;0;1;0;0;0;
EBT;UF;4115606;3.2500;3;1;2;0;0;0;
EBT;UF;4115705;5.0000;3;0;3;0;0;0;
EBT;UF;4115804;0.5000;1;1;0;0;0;0;
EBT;UF;4116208;1.0000;1;0;1;0;0;0;
EBT;UF;4116703;1.0000;1;0;1;0;0;0;
EBT;UF;4116901;2.3750;5;4;1;0;0;0;
EBT;UF;4117107;2.0000;2;0;2;0;0;0;
EBT;UF;4117271;0.2500;1;1;0;0;0;0;
EBT;UF;4117503;5.3750;5;2;3;0;0;0;
EBT;UF;4117602;3.5000;3;1;2;0;0;0;
EBT;UF;4117701;1.0000;1;0;1;0;0;0;
EBT;UF;4117909;5.5625;6;3;3;0;0;0;
EBT;UF;4118105;1.0000;1;0;1;0;0;0;
EBT;UF;4118204;280.2500;68;17;45;5;0;1;
EBT;UF;4118402;27.7500;31;18;13;0;0;0;
EBT;UF;4118451;0.2500;1;1;0;0;0;0;
EBT;UF;4118501;34.1250;18;5;12;1;0;0;
EBT;UF;4118907;1.0000;1;0;1;0;0;0;
EBT;UF;4119152;188.2500;35;3;22;7;3;0;
EBT;UF;4119301;3.5625;5;3;2;0;0;0;
EBT;UF;4119400;2.0000;1;0;1;0;0;0;
EBT;UF;4119509;10.8125;8;2;6;0;0;0;
EBT;UF;4119608;1.0000;1;0;1;0;0;0;
EBT;UF;4119806;1.0000;1;0;1;0;0;0;
EBT;UF;4119905;378.6250;101;40;44;15;1;1;
EBT;UF;4119954;41.0000;7;0;5;0;2;0;
EBT;UF;4120002;1.0000;1;0;1;0;0;0;
EBT;UF;4120101;0.2500;1;1;0;0;0;0;
EBT;UF;4120606;3.2500;3;1;2;0;0;0;
EBT;UF;4120705;0.2500;1;1;0;0;0;0;
EBT;UF;4120804;376.7500;19;5;8;3;1;2;
EBT;UF;4120853;1.0000;1;0;1;0;0;0;
EBT;UF;4120903;1.0000;1;0;1;0;0;0;
EBT;UF;4121406;1.2500;2;1;1;0;0;0;
EBT;UF;4121505;1.0000;1;0;1;0;0;0;
EBT;UF;4121604;0.2500;1;1;0;0;0;0;
EBT;UF;4121703;1.0000;1;0;1;0;0;0;
EBT;UF;4121901;1.0000;1;0;1;0;0;0;
EBT;UF;4122008;0.5000;1;1;0;0;0;0;
EBT;UF;4122206;1.7500;3;2;1;0;0;0;
EBT;UF;4122305;8.6250;16;12;4;0;0;0;
EBT;UF;4122404;55.5000;22;2;18;2;0;0;
EBT;UF;4122800;0.2500;1;1;0;0;0;0;
EBT;UF;4123204;1.0000;1;0;1;0;0;0;
EBT;UF;4123501;1.0000;1;0;1;0;0;0;
EBT;UF;4123709;1.0000;1;0;1;0;0;0;
EBT;UF;4123808;1.0000;1;0;1;0;0;0;
EBT;UF;4123907;1.2500;2;1;1;0;0;0;
EBT;UF;4124053;1.0625;2;1;1;0;0;0;
EBT;UF;4124103;5.0625;4;1;3;0;0;0;
EBT;UF;4124400;1.0000;1;0;1;0;0;0;
EBT;UF;4124509;1.5000;2;1;1;0;0;0;
EBT;UF;4124707;1.0000;1;0;1;0;0;0;
EBT;UF;4125001;2.0000;2;0;2;0;0;0;
EBT;UF;4125456;0.2500;1;1;0;0;0;0;
EBT;UF;4125506;22734.0000;229;55;129;33;2;10;
EBT;UF;4125605;1.0000;1;0;1;0;0;0;
EBT;UF;4125704;2.0000;1;0;1;0;0;0;
EBT;UF;4126009;0.2500;1;1;0;0;0;0;
EBT;UF;4126256;12.5000;14;8;6;0;0;0;
EBT;UF;4126306;1.0000;1;0;1;0;0;0;
EBT;UF;4126504;1.0000;1;0;1;0;0;0;
EBT;UF;4126603;1.0000;1;0;1;0;0;0;
EBT;UF;4126678;1.0000;1;0;1;0;0;0;
EBT;UF;4126801;1.0000;1;0;1;0;0;0;
EBT;UF;4127106;10.0000;5;0;5;0;0;0;
EBT;UF;4127403;1.0000;1;0;1;0;0;0;
EBT;UF;4127502;1.0000;1;0;1;0;0;0;
EBT;UF;4127700;42.4375;21;10;7;4;0;0;
EBT;UF;4127809;1.0000;1;0;1;0;0;0;
EBT;UF;4128005;1.0000;1;0;1;0;0;0;
EBT;UF;4128104;94.3750;21;5;10;5;1;0;
EBT;UF;4128203;16.2500;9;1;8;0;0;0;
EBT;UF;4128401;1.0000;1;0;1;0;0;0;
EBT;UF;4128500;1.5000;2;1;1;0;0;0;
EBT;UF;4128708;2.5000;3;2;1;0;0;0;
EBT;UF;4128807;0.2500;1;1;0;0;0;0;
EBT;UF;4200101;1.3750;3;2;1;0;0;0;
EBT;UF;4201307;71.3125;19;2;10;7;0;0;
EBT;UF;4201703;0.2500;1;1;0;0;0;0;
EBT;UF;4202008;191.2500;27;1;12;13;0;1;
EBT;UF;4202305;95.4375;37;21;10;4;2;0;
EBT;UF;4202404;1570.1875;172;41;73;44;8;6;
EBT;UF;4202602;5.3750;4;2;1;1;0;0;
EBT;UF;4202909;563.0625;50;7;18;19;2;4;
EBT;UF;4203006;132.8750;11;5;2;3;0;1;
EBT;UF;4203204;22.1250;17;8;8;1;0;0;
EBT;UF;4203956;16.7500;6;2;3;1;0;0;
EBT;UF;4204202;535.3125;55;20;18;13;1;3;
EBT;UF;4204251;46.0000;7;3;2;1;1;0;
EBT;UF;4204301;613.5000;13;1;1;5;2;4;
EBT;UF;4204350;0.6875;4;4;0;0;0;0;
EBT;UF;4204509;3.6250;5;3;2;0;0;0;
EBT;UF;4204558;4.0000;1;0;0;1;0;0;
EBT;UF;4204608;353.7500;52;17;11;23;0;1;
EBT;UF;4204806;20.5000;3;1;0;2;0;0;
EBT;UF;4205191;10.0000;1;0;0;1;0;0;
EBT;UF;4205407;6414.2266;249;45;83;94;16;11;
EBT;UF;4205506;2.9375;9;8;1;0;0;0;
EBT;UF;4205704;17.1250;11;5;5;1;0;0;
EBT;UF;4205803;8.0000;2;0;0;2;0;0;
EBT;UF;4205902;97.3750;23;11;4;6;2;0;
EBT;UF;4206504;64.1875;18;5;9;4;0;0;
EBT;UF;4206702;3.1250;4;3;1;0;0;0;
EBT;UF;4207007;39.3125;11;4;4;3;0;0;
EBT;UF;4207106;1.2500;2;1;1;0;0;0;
EBT;UF;4207502;231.5625;32;2;17;12;0;1;
EBT;UF;4208203;1262.6250;189;18;103;60;3;5;
EBT;UF;4208807;1.2500;2;1;1;0;0;0;
EBT;UF;4208906;361.0625;43;8;23;9;2;1;
EBT;UF;4209003;124.5000;19;1;9;7;2;0;
EBT;UF;4209102;1533.5508;259;65;113;71;6;4;
EBT;UF;4209300;180.7500;43;11;15;17;0;0;
EBT;UF;4209706;1.2500;2;1;1;0;0;0;
EBT;UF;4210035;4.2500;4;1;3;0;0;0;
EBT;UF;4210100;12.9375;20;15;5;0;0;0;
EBT;UF;4210209;3.2500;3;1;2;0;0;0;
EBT;UF;4210605;3.5625;5;3;2;0;0;0;
EBT;UF;4211306;97.8125;34;6;17;11;0;0;
EBT;UF;4211603;2.2500;3;1;2;0;0;0;
EBT;UF;4211702;4.2500;5;3;2;0;0;0;
EBT;UF;4211900;465.5625;54;16;23;12;2;1;
EBT;UF;4213005;0.3125;3;3;0;0;0;0;
EBT;UF;4213203;25.5000;5;2;1;1;1;0;
EBT;UF;4214706;2.2500;2;1;1;0;0;0;
EBT;UF;4214805;297.2500;57;13;21;22;1;0;
EBT;UF;4215000;24.0000;2;0;1;0;1;0;
EBT;UF;4215109;102.7500;4;2;1;0;0;1;
EBT;UF;4215802;195.0625;82;33;38;10;1;0;
EBT;UF;4216107;3.2500;3;1;2;0;0;0;
EBT;UF;4216206;144.4375;22;7;5;7;3;0;
EBT;UF;4216602;350.7500;65;9;30;23;3;0;
EBT;UF;4216909;41.7500;7;3;2;1;1;0;
EBT;UF;4217006;2.0000;1;0;1;0;0;0;
EBT;UF;4217402;37.5000;5;2;2;0;1;0;
EBT;UF;4217709;216.0000;4;0;0;1;0;3;
EBT;UF;4218202;124.5000;11;1;7;2;0;1;
EBT;UF;4218707;56.0625;12;1;6;5;0;0;
EBT;UF;4218806;14.0000;3;0;2;1;0;0;
EBT;UF;4219309;44.7500;17;11;2;3;1;0;
EBT;UF;4219507;8.2500;13;8;5;0;0;0;
EBT;UF;4219705;32.6250;8;4;2;1;1;0;
EBT;UF;4300406;51.3125;29;20;0;9;0;0;
EBT;UF;4300604;139.7500;22;6;6;8;2;0;
EBT;UF;4301552;1.2500;2;1;1;0;0;0;
EBT;UF;4301602;496.8750;30;7;6;8;7;2;
EBT;UF;4302105;1072.0000;107;8;32;56;10;1;
EBT;UF;4302352;1.0000;1;0;1;0;0;0;
EBT;UF;4302907;0.6250;2;2;0;0;0;0;
EBT;UF;4303004;15.9375;18;13;4;1;0;0;
EBT;UF;4303103;373.0000;41;5;8;22;6;0;
EBT;UF;4303509;241.0000;19;2;5;10;1;1;
EBT;UF;4303806;1.5000;3;2;1;0;0;0;
EBT;UF;4303905;844.1250;54;12;19;12;7;4;
EBT;UF;4304408;9.4375;12;9;2;1;0;0;
EBT;UF;4304606;997.8750;123;35;32;44;10;2;
EBT;UF;4304630;370.0625;10;3;1;4;1;1;
EBT;UF;4304705;31.7500;20;12;5;3;0;0;
EBT;UF;4304804;21.1875;9;5;3;0;1;0;
EBT;UF;4305108;3314.1250;304;60;121;99;21;3;
EBT;UF;4305975;2.0000;1;0;1;0;0;0;
EBT;UF;4306106;187.9375;36;19;11;4;1;1;
EBT;UF;4306205;0.5625;2;2;0;0;0;0;
EBT;UF;4306601;6.0000;1;0;0;1;0;0;
EBT;UF;4306767;328.6250;25;3;9;8;3;2;
EBT;UF;4307005;654.3125;37;2;16;9;9;1;
EBT;UF;4307559;273.5000;5;1;1;0;1;2;
EBT;UF;4307609;42.0000;14;5;5;4;0;0;
EBT;UF;4307708;54.6250;26;15;5;6;0;0;
EBT;UF;4307807;11.2500;7;5;1;1;0;0;
EBT;UF;4307906;834.1133;57;2;19;28;7;1;
EBT;UF;4308102;1.0000;1;0;1;0;0;0;
EBT;UF;4308607;201.1875;42;9;18;13;2;0;
EBT;UF;4308904;10.5000;6;4;1;1;0;0;
EBT;UF;4309001;0.6875;4;4;0;0;0;0;
EBT;UF;4309050;0.6250;2;2;0;0;0;0;
EBT;UF;4309100;56.5000;16;9;4;2;1;0;
EBT;UF;4309209;389.3750;92;34;17;38;3;0;
EBT;UF;4309308;75.1875;20;11;4;4;1;0;
EBT;UF;4309407;2.0000;4;3;1;0;0;0;
EBT;UF;4309605;3.6250;8;6;2;0;0;0;
EBT;UF;4310108;13.2500;12;9;0;3;0;0;
EBT;UF;4310207;127.1250;12;4;1;4;3;0;
EBT;UF;4310330;0.1250;2;2;0;0;0;0;
EBT;UF;4310801;1.1250;5;5;0;0;0;0;
EBT;UF;4311007;0.9375;4;4;0;0;0;0;
EBT;UF;4311403;1065.3750;18;8;4;5;0;1;
EBT;UF;4311809;3.3125;9;8;1;0;0;0;
EBT;UF;4312401;22.1250;20;14;3;3;0;0;
EBT;UF;4312906;5.2500;3;1;1;1;0;0;
EBT;UF;4313201;8.6875;7;6;0;1;0;0;
EBT;UF;4313409;683.4375;100;18;27;45;10;0;
EBT;UF;4313508;40.8750;24;17;3;4;0;0;
EBT;UF;4313706;1.0625;4;4;0;0;0;0;
EBT;UF;4313904;8.5000;21;18;3;0;0;0;
EBT;UF;4314050;12.4375;16;11;5;0;0;0;
EBT;UF;4314100;867.6250;66;13;28;14;9;2;
EBT;UF;4314308;0.2500;1;1;0;0;0;0;
EBT;UF;4314407;2134.5000;54;17;13;15;5;4;
EBT;UF;4314506;4.0000;1;0;0;1;0;0;
EBT;UF;4314803;10.2500;6;4;1;1;0;0;
EBT;UF;4314902;38869.6250;686;77;148;297;107;57;
EBT;UF;4315602;372.2500;64;29;12;18;3;2;
EBT;UF;4315701;1.8750;4;3;1;0;0;0;
EBT;UF;4316402;10.8750;9;6;2;1;0;0;
EBT;UF;4316501;0.3125;2;2;0;0;0;0;
EBT;UF;4316808;556.5625;31;11;2;11;5;2;
EBT;UF;4316907;1723.5000;102;54;22;21;1;4;
EBT;UF;4317103;60.3125;11;2;6;2;1;0;
EBT;UF;4317202;1.0000;1;0;1;0;0;0;
EBT;UF;4317400;12.4375;9;6;2;1;0;0;
EBT;UF;4317509;8.7500;3;2;0;1;0;0;
EBT;UF;4317608;2.0000;5;4;1;0;0;0;
EBT;UF;4318101;1.5000;3;2;1;0;0;0;
EBT;UF;4318705;404.6875;61;20;19;15;6;1;
EBT;UF;4319406;1.5000;3;2;1;0;0;0;
EBT;UF;4319505;6.0625;6;4;1;1;0;0;
EBT;UF;4319802;1.5000;3;2;1;0;0;0;
EBT;UF;4319901;71.5000;10;1;4;4;1;0;
EBT;UF;4320008;126.7500;32;13;8;10;1;0;
EBT;UF;4320107;2.5625;9;8;1;0;0;0;
EBT;UF;4320404;3.0625;3;1;2;0;0;0;
EBT;UF;4321204;15.2500;10;5;4;1;0;0;
EBT;UF;4321451;499.6875;16;11;1;0;1;3;
EBT;UF;4321501;17.5625;20;16;2;2;0;0;
EBT;UF;4321600;19.4375;16;11;3;2;0;0;
EBT;UF;4321709;1.7500;3;2;1;0;0;0;
EBT;UF;4322004;32.0000;1;0;0;0;1;0;
EBT;UF;4322400;305.1250;22;6;6;6;3;1;
EBT;UF;4322509;247.3750;21;2;6;11;1;1;
EBT;UF;4322608;10.0000;2;0;1;1;0;0;
EBT;UF;4323002;57.6250;17;9;4;3;1;0;
EBT;UF;4323408;1.2500;2;1;1;0;0;0;
EBT;UF;4323804;0.6250;6;6;0;0;0;0;
EBT;UF;5000203;52.0000;9;0;1;8;0;0;
EBT;UF;5002704;4250.5625;311;83;98;106;13;11;
EBT;UF;5002951;0.0625;1;1;0;0;0;0;
EBT;UF;5003702;898.6875;33;5;9;15;2;2;
EBT;UF;5004502;1.2500;3;3;0;0;0;0;
EBT;UF;5005400;40.0000;4;0;0;2;2;0;
EBT;UF;5006309;4.0000;2;0;2;0;0;0;
EBT;UF;5007109;36.0000;5;0;0;5;0;0;
EBT;UF;5007554;1.0000;1;0;1;0;0;0;
EBT;UF;5007901;34.0000;1;0;0;0;1;0;
EBT;UF;5008305;226.0000;28;0;8;18;2;0;
EBT;UF;5100250;2.5000;2;1;1;0;0;0;
EBT;UF;5102504;130.6875;46;15;23;7;1;0;
EBT;UF;5103403;14405.4375;785;155;450;98;47;35;
EBT;UF;5104104;0.5000;1;1;0;0;0;0;
EBT;UF;5105002;30.0000;8;0;6;2;0;0;
EBT;UF;5105259;915.5625;143;34;80;21;3;5;
EBT;UF;5105622;89.5000;16;3;11;0;2;0;
EBT;UF;5106224;428.0000;77;14;43;14;5;1;
EBT;UF;5106752;287.1250;55;21;26;3;4;1;
EBT;UF;5107198;0.5625;2;2;0;0;0;0;
EBT;UF;5107602;1708.6250;188;27;107;35;8;11;
EBT;UF;5107909;6917.1250;165;18;104;25;6;12;
EBT;UF;5107925;816.2500;113;19;56;32;2;4;
EBT;UF;5107958;2.3750;5;4;1;0;0;0;
EBT;UF;5108402;644.0625;129;24;72;26;6;1;
EBT;UF;5200258;4.7500;5;2;3;0;0;0;
EBT;UF;5200308;5.0000;6;3;3;0;0;0;
EBT;UF;5201108;1449.7500;133;23;76;29;1;4;
EBT;UF;5201405;340.7500;170;39;115;16;0;0;
EBT;UF;5204508;25.0000;6;2;2;2;0;0;
EBT;UF;5204706;6.0000;6;3;3;0;0;0;
EBT;UF;5205109;275.3750;35;6;17;8;3;1;
EBT;UF;5206206;24.7500;6;2;2;2;0;0;
EBT;UF;5208004;2.0000;1;0;1;0;0;0;
EBT;UF;5208707;2991.8750;492;101;284;85;14;8;
EBT;UF;5209101;0.2500;1;1;0;0;0;0;
EBT;UF;5209937;2.0000;1;0;1;0;0;0;
EBT;UF;5210000;8.0000;4;0;4;0;0;0;
EBT;UF;5211503;70.5625;26;2;19;5;0;0;
EBT;UF;5211909;106.0000;3;0;1;1;0;1;
EBT;UF;5212501;37.8750;28;12;15;1;0;0;
EBT;UF;5213806;4.6250;9;6;3;0;0;0;
EBT;UF;5215231;4.0625;7;5;2;0;0;0;
EBT;UF;5217401;1.0000;1;0;1;0;0;0;
EBT;UF;5218003;22.5000;4;1;1;2;0;0;
EBT;UF;5218508;0.2500;1;1;0;0;0;0;
EBT;UF;5218805;141.0625;39;6;22;11;0;0;
EBT;UF;5219605;2.0000;1;0;1;0;0;0;
EBT;UF;5219753;4.0000;2;0;2;0;0;0;
EBT;UF;5220454;23.0000;12;0;12;0;0;0;
EBT;UF;5221403;18.5625;5;2;1;2;0;0;
EBT;UF;5221601;46.0625;12;8;1;2;1;0;
EBT;UF;5221858;27.3750;21;9;11;1;0;0;
EBT;UF;5300108;120316.625;2465;434;1109;524;174;224;
09;933;
