01;CLA;IPL4;201605;
EBT;UF;1100023;26.5000;7;1;4;2;0;0;
EBT;UF;1100049;26.0000;7;0;5;2;0;0;
EBT;UF;1100114;8.0000;1;0;0;1;0;0;
EBT;UF;1100122;18.0000;7;0;5;2;0;0;
EBT;UF;1100155;13.5000;4;1;1;2;0;0;
EBT;UF;1100189;10.5000;6;1;4;1;0;0;
EBT;UF;1100205;144.0000;37;7;10;19;1;0;
EBT;UF;1100254;6.0000;3;0;3;0;0;0;
EBT;UF;1100304;12.1250;4;1;2;1;0;0;
EBT;UF;1200203;5.2500;4;1;3;0;0;0;
EBT;UF;1200401;93.2500;26;2;9;14;1;0;
EBT;UF;1301852;4.0000;1;0;0;1;0;0;
EBT;UF;1301902;0.0625;1;1;0;0;0;0;
EBT;UF;1302603;613.6250;223;75;56;89;3;0;
EBT;UF;1400100;20.9375;28;16;12;0;0;0;
EBT;UF;1500602;66.0000;17;0;1;16;0;0;
EBT;UF;1500800;44.3125;13;4;2;7;0;0;
EBT;UF;1501303;76.8125;21;7;7;6;1;0;
EBT;UF;1501402;171.3125;34;4;8;21;1;0;
EBT;UF;1501501;51.8750;17;3;6;8;0;0;
EBT;UF;1501782;4.0000;1;0;0;1;0;0;
EBT;UF;1502202;10.0000;3;0;1;2;0;0;
EBT;UF;1502400;54.2500;13;1;7;4;1;0;
EBT;UF;1503606;1.1250;2;1;1;0;0;0;
EBT;UF;1504208;94.6250;36;7;18;11;0;0;
EBT;UF;1504422;36.0000;7;0;0;7;0;0;
EBT;UF;1505502;27.0000;12;0;10;2;0;0;
EBT;UF;1505536;6.2500;6;3;3;0;0;0;
EBT;UF;1506138;3.0000;2;0;2;0;0;0;
EBT;UF;1506500;4.2500;2;1;0;1;0;0;
EBT;UF;1506609;0.2500;1;1;0;0;0;0;
EBT;UF;1506807;22.3125;8;2;4;2;0;0;
EBT;UF;1507953;8.0000;1;0;0;1;0;0;
EBT;UF;1600303;24.0625;18;8;9;1;0;0;
EBT;UF;1600600;2.3125;4;2;2;0;0;0;
EBT;UF;1700301;34.0000;1;0;0;0;1;0;
EBT;UF;1702109;28.0000;9;0;4;5;0;0;
EBT;UF;1705508;8.0000;5;2;2;1;0;0;
EBT;UF;1706506;155.0000;1;0;0;0;0;1;
EBT;UF;1709302;8.0000;2;0;0;2;0;0;
EBT;UF;1709500;19.0000;7;0;4;3;0;0;
EBT;UF;1713205;12.0000;3;0;0;3;0;0;
EBT;UF;1713304;4.0000;1;0;0;1;0;0;
EBT;UF;1716109;4.0000;1;0;0;1;0;0;
EBT;UF;1718204;8.0000;2;0;0;2;0;0;
EBT;UF;1718451;4.0000;1;0;0;1;0;0;
EBT;UF;1721000;76.5000;14;1;6;6;1;0;
EBT;UF;1721208;2.0000;1;0;1;0;0;0;
EBT;UF;1722081;4.0000;2;0;2;0;0;0;
EBT;UF;2100055;12.2500;4;1;0;3;0;0;
EBT;UF;2100204;32.0000;1;0;0;0;1;0;
EBT;UF;2101202;4.7500;3;2;0;1;0;0;
EBT;UF;2101251;6.0000;2;0;1;1;0;0;
EBT;UF;2103000;22.0000;6;0;1;5;0;0;
EBT;UF;2103307;6.5000;3;1;1;1;0;0;
EBT;UF;2105302;15.4375;8;3;4;1;0;0;
EBT;UF;2105500;2.0000;1;0;1;0;0;0;
EBT;UF;2106755;5.7500;5;2;3;0;0;0;
EBT;UF;2107357;2.0000;1;0;1;0;0;0;
EBT;UF;2107506;16.0000;2;0;0;2;0;0;
EBT;UF;2109601;4.0000;1;0;0;1;0;0;
EBT;UF;2109908;9.0000;3;0;1;2;0;0;
EBT;UF;2111201;1.2500;2;1;1;0;0;0;
EBT;UF;2111300;157.4375;53;18;18;16;1;0;
EBT;UF;2111508;4.2500;3;1;2;0;0;0;
EBT;UF;2112209;36.2500;8;1;2;5;0;0;
EBT;UF;2200509;1.0000;1;0;1;0;0;0;
EBT;UF;2202000;44.0000;3;0;1;1;1;0;
EBT;UF;2203305;6.0000;3;0;3;0;0;0;
EBT;UF;2203909;1.0000;1;0;1;0;0;0;
EBT;UF;2204303;2.0000;1;0;1;0;0;0;
EBT;UF;2207702;13.6250;6;3;1;2;0;0;
EBT;UF;2208007;1.5000;3;3;0;0;0;0;
EBT;UF;2208403;4.0000;1;0;0;1;0;0;
EBT;UF;2211001;107.6875;37;7;12;18;0;0;
EBT;UF;2300150;1.0000;1;0;1;0;0;0;
EBT;UF;2301000;46.0000;12;0;4;8;0;0;
EBT;UF;2301109;18.0000;5;0;3;2;0;0;
EBT;UF;2301901;4.0000;1;0;0;1;0;0;
EBT;UF;2303501;8.2500;2;1;0;1;0;0;
EBT;UF;2303709;26.7500;9;3;2;4;0;0;
EBT;UF;2304202;20.0000;5;0;2;3;0;0;
EBT;UF;2304285;69.0000;9;0;3;5;1;0;
EBT;UF;2304400;151.3750;41;5;7;29;0;0;
EBT;UF;2304954;2.0000;1;0;1;0;0;0;
EBT;UF;2305233;4.5000;2;1;0;1;0;0;
EBT;UF;2305357;4.0000;1;0;0;1;0;0;
EBT;UF;2305506;12.0000;2;0;0;2;0;0;
EBT;UF;2306256;2.0000;1;0;1;0;0;0;
EBT;UF;2307304;32.2500;5;1;0;4;0;0;
EBT;UF;2307601;4.0000;1;0;0;1;0;0;
EBT;UF;2307650;122.2500;30;1;11;18;0;0;
EBT;UF;2309607;12.0000;3;0;2;1;0;0;
EBT;UF;2309706;20.5000;7;2;2;3;0;0;
EBT;UF;2310852;2.0000;1;0;1;0;0;0;
EBT;UF;2311504;8.0000;1;0;0;1;0;0;
EBT;UF;2311603;4.0000;2;0;2;0;0;0;
EBT;UF;2312403;28.0000;3;0;0;2;1;0;
EBT;UF;2312908;42.3750;13;4;3;6;0;0;
EBT;UF;2400109;8.0000;1;0;0;1;0;0;
EBT;UF;2400208;2.0000;1;0;1;0;0;0;
EBT;UF;2400703;16.0000;2;0;0;2;0;0;
EBT;UF;2400802;12.0000;2;0;0;2;0;0;
EBT;UF;2402204;8.0000;1;0;0;1;0;0;
EBT;UF;2402303;0.5000;1;1;0;0;0;0;
EBT;UF;2403103;24.6250;5;2;0;3;0;0;
EBT;UF;2403251;91.0000;16;0;2;14;0;0;
EBT;UF;2404200;16.0000;2;0;0;2;0;0;
EBT;UF;2404705;16.0000;2;0;0;2;0;0;
EBT;UF;2407104;56.0000;11;0;2;9;0;0;
EBT;UF;2407203;4.0000;1;0;0;1;0;0;
EBT;UF;2407401;16.0000;2;0;0;2;0;0;
EBT;UF;2408003;246.5000;49;2;11;36;0;0;
EBT;UF;2408102;576.0625;54;1;8;38;6;1;
EBT;UF;2408300;4.0000;1;0;0;1;0;0;
EBT;UF;2409100;8.0000;1;0;0;1;0;0;
EBT;UF;2409902;8.0000;1;0;0;1;0;0;
EBT;UF;2410207;16.0000;2;0;0;2;0;0;
EBT;UF;2411205;36.0000;2;0;0;1;1;0;
EBT;UF;2412005;40.0000;8;0;2;6;0;0;
EBT;UF;2412203;25.0000;6;0;1;5;0;0;
EBT;UF;2414001;8.0000;1;0;0;1;0;0;
EBT;UF;2500106;8.0000;1;0;0;1;0;0;
EBT;UF;2500304;0.5000;2;2;0;0;0;0;
EBT;UF;2500601;37.2500;10;1;5;4;0;0;
EBT;UF;2501005;20.2500;4;1;0;3;0;0;
EBT;UF;2501104;8.0000;1;0;0;1;0;0;
EBT;UF;2501807;2.0000;1;0;1;0;0;0;
EBT;UF;2503001;8.0000;1;0;0;1;0;0;
EBT;UF;2503209;51.0000;6;0;2;3;1;0;
EBT;UF;2503506;0.1250;1;1;0;0;0;0;
EBT;UF;2503704;4.0000;1;0;0;1;0;0;
EBT;UF;2504009;246.0000;45;2;12;29;2;0;
EBT;UF;2504603;30.2500;10;1;5;4;0;0;
EBT;UF;2506301;30.0000;6;0;1;5;0;0;
EBT;UF;2506400;2.0000;1;0;1;0;0;0;
EBT;UF;2507507;458.9375;68;5;16;41;6;0;
EBT;UF;2508307;8.0000;1;0;0;1;0;0;
EBT;UF;2508604;9.0000;2;0;1;1;0;0;
EBT;UF;2508901;0.2500;1;1;0;0;0;0;
EBT;UF;2509305;2.1250;2;1;1;0;0;0;
EBT;UF;2510808;12.0000;3;0;2;1;0;0;
EBT;UF;2511202;3.0000;2;0;2;0;0;0;
EBT;UF;2511905;32.0000;4;0;1;2;1;0;
EBT;UF;2512507;12.5000;6;1;4;1;0;0;
EBT;UF;2513406;0.2500;1;1;0;0;0;0;
EBT;UF;2513703;62.2500;13;1;3;9;0;0;
EBT;UF;2515302;30.0000;5;0;1;4;0;0;
EBT;UF;2515807;4.0000;1;0;0;1;0;0;
EBT;UF;2516201;2.0000;1;0;1;0;0;0;
EBT;UF;2516706;4.0000;1;0;0;1;0;0;
EBT;UF;2600054;26.2500;10;1;5;4;0;0;
EBT;UF;2600401;16.0000;2;0;0;2;0;0;
EBT;UF;2600708;8.0000;2;0;0;2;0;0;
EBT;UF;2601102;1.0000;1;0;1;0;0;0;
EBT;UF;2601201;7.0000;3;0;2;1;0;0;
EBT;UF;2601409;1.5000;2;1;1;0;0;0;
EBT;UF;2601706;25.0000;6;0;3;3;0;0;
EBT;UF;2602902;266.5000;74;8;40;24;2;0;
EBT;UF;2603454;8.0000;1;0;0;1;0;0;
EBT;UF;2604007;18.2500;5;1;1;3;0;0;
EBT;UF;2604106;141.8750;42;5;20;17;0;0;
EBT;UF;2604502;2.0000;1;0;1;0;0;0;
EBT;UF;2605202;30.0000;7;0;4;3;0;0;
EBT;UF;2606002;19.0000;10;2;7;1;0;0;
EBT;UF;2606101;8.0000;1;0;0;1;0;0;
EBT;UF;2606200;44.0000;8;0;2;6;0;0;
EBT;UF;2606408;42.2500;4;1;1;1;1;0;
EBT;UF;2606804;79.7500;24;5;13;5;1;0;
EBT;UF;2607208;481.5000;78;1;46;28;2;1;
EBT;UF;2607653;12.0000;3;0;2;1;0;0;
EBT;UF;2607752;34.5000;9;2;3;4;0;0;
EBT;UF;2607901;291.1250;96;11;48;36;1;0;
EBT;UF;2608206;4.0000;1;0;0;1;0;0;
EBT;UF;2608305;8.0000;1;0;0;1;0;0;
EBT;UF;2608503;16.0000;3;0;0;3;0;0;
EBT;UF;2608750;8.0000;1;0;0;1;0;0;
EBT;UF;2608909;17.0000;9;4;4;1;0;0;
EBT;UF;2609105;2.0000;1;0;1;0;0;0;
EBT;UF;2609402;24.0000;5;0;2;3;0;0;
EBT;UF;2609501;0.2500;1;1;0;0;0;0;
EBT;UF;2609600;107.2500;25;1;6;18;0;0;
EBT;UF;2610004;29.0000;5;0;1;4;0;0;
EBT;UF;2610608;2.0000;1;0;1;0;0;0;
EBT;UF;2610707;72.1250;26;3;16;7;0;0;
EBT;UF;2610905;8.0000;2;0;0;2;0;0;
EBT;UF;2611101;158.7500;43;7;20;15;1;0;
EBT;UF;2611309;2.0000;1;0;1;0;0;0;
EBT;UF;2611606;627.0625;126;13;33;76;4;0;
EBT;UF;2611804;8.0000;1;0;0;1;0;0;
EBT;UF;2612208;3.0000;2;0;2;0;0;0;
EBT;UF;2612604;4.2500;2;1;0;1;0;0;
EBT;UF;2613008;26.5000;5;1;1;3;0;0;
EBT;UF;2613107;8.0000;1;0;0;1;0;0;
EBT;UF;2613701;3.0000;2;0;2;0;0;0;
EBT;UF;2614204;8.0000;1;0;0;1;0;0;
EBT;UF;2615300;10.0000;3;0;1;2;0;0;
EBT;UF;2616308;8.0000;1;0;0;1;0;0;
EBT;UF;2616407;49.2500;18;3;10;5;0;0;
EBT;UF;2616506;16.0000;2;0;0;2;0;0;
EBT;UF;2700300;12.5000;5;1;2;2;0;0;
EBT;UF;2702306;1.0000;1;0;1;0;0;0;
EBT;UF;2704302;219.6250;51;2;14;34;1;0;
EBT;UF;2704708;40.0000;14;0;10;4;0;0;
EBT;UF;2706802;4.0000;1;0;0;1;0;0;
EBT;UF;2706901;4.0000;1;0;0;1;0;0;
EBT;UF;2707701;10.3750;4;2;1;1;0;0;
EBT;UF;2707909;0.5000;1;1;0;0;0;0;
EBT;UF;2708501;0.2500;1;1;0;0;0;0;
EBT;UF;2708600;2.0000;1;0;1;0;0;0;
EBT;UF;2708907;12.0000;3;0;2;1;0;0;
EBT;UF;2709152;58.0000;3;0;0;1;2;0;
EBT;UF;2800308;267.2500;58;7;19;29;3;0;
EBT;UF;2800506;4.0000;1;0;0;1;0;0;
EBT;UF;2800605;41.5000;8;1;1;5;1;0;
EBT;UF;2800670;1.5000;2;1;1;0;0;0;
EBT;UF;2801504;8.0000;1;0;0;1;0;0;
EBT;UF;2802106;57.1250;19;1;13;5;0;0;
EBT;UF;2802304;0.2500;1;1;0;0;0;0;
EBT;UF;2802700;2.0000;1;0;1;0;0;0;
EBT;UF;2802908;10.0000;2;0;1;1;0;0;
EBT;UF;2803005;4.5000;2;1;0;1;0;0;
EBT;UF;2803203;48.0000;11;0;4;7;0;0;
EBT;UF;2803401;4.0000;1;0;0;1;0;0;
EBT;UF;2803500;13.7500;8;2;5;1;0;0;
EBT;UF;2803609;13.3750;5;2;1;2;0;0;
EBT;UF;2804003;16.0000;2;0;0;2;0;0;
EBT;UF;2804607;8.0000;1;0;0;1;0;0;
EBT;UF;2804805;78.2500;17;1;5;11;0;0;
EBT;UF;2804904;12.0000;2;0;0;2;0;0;
EBT;UF;2805307;4.0000;1;0;0;1;0;0;
EBT;UF;2806107;13.0000;4;0;3;1;0;0;
EBT;UF;2806206;2.0000;1;0;1;0;0;0;
EBT;UF;2806602;2.5000;2;1;1;0;0;0;
EBT;UF;2806701;20.7500;5;2;0;3;0;0;
EBT;UF;2807600;2.0000;1;0;1;0;0;0;
EBT;UF;2900702;32.2500;11;1;8;2;0;0;
EBT;UF;2903201;14.0000;10;2;7;1;0;0;
EBT;UF;2903276;4.0000;1;0;0;1;0;0;
EBT;UF;2903904;2.0000;1;0;1;0;0;0;
EBT;UF;2904308;2.0000;1;0;1;0;0;0;
EBT;UF;2904902;40.0000;4;0;0;3;1;0;
EBT;UF;2905701;653.6875;96;12;33;45;5;1;
EBT;UF;2906006;16.0000;2;0;0;2;0;0;
EBT;UF;2906501;84.8750;20;5;8;6;1;0;
EBT;UF;2907301;2.0000;1;0;1;0;0;0;
EBT;UF;2907509;60.2500;6;1;0;3;2;0;
EBT;UF;2908507;8.0000;2;0;0;2;0;0;
EBT;UF;2908903;2.0000;1;0;1;0;0;0;
EBT;UF;2909802;6.3750;4;2;1;1;0;0;
EBT;UF;2910057;49.0000;15;0;9;6;0;0;
EBT;UF;2910503;74.0000;6;0;3;1;2;0;
EBT;UF;2910727;109.5000;19;2;9;6;2;0;
EBT;UF;2910800;152.1875;46;5;19;22;0;0;
EBT;UF;2911600;4.5000;2;1;0;1;0;0;
EBT;UF;2913606;24.0000;6;0;2;4;0;0;
EBT;UF;2913903;28.0000;13;4;6;3;0;0;
EBT;UF;2914604;2.0000;1;0;1;0;0;0;
EBT;UF;2914653;4.0000;1;0;0;1;0;0;
EBT;UF;2914802;20.0000;6;0;2;4;0;0;
EBT;UF;2914901;28.2500;7;1;2;4;0;0;
EBT;UF;2915205;30.0000;4;0;2;1;1;0;
EBT;UF;2915502;8.0000;1;0;0;1;0;0;
EBT;UF;2915601;10.0000;3;0;1;2;0;0;
EBT;UF;2916302;12.0000;2;0;0;2;0;0;
EBT;UF;2916401;12.5000;5;1;2;2;0;0;
EBT;UF;2917201;2.0000;1;0;1;0;0;0;
EBT;UF;2917508;24.0000;2;0;0;1;1;0;
EBT;UF;2917706;10.1250;2;1;0;1;0;0;
EBT;UF;2917904;8.0000;1;0;0;1;0;0;
EBT;UF;2918001;27.0000;10;0;6;4;0;0;
EBT;UF;2918407;100.8750;28;4;11;13;0;0;
EBT;UF;2919926;8.0000;2;0;0;2;0;0;
EBT;UF;2920601;8.0000;1;0;0;1;0;0;
EBT;UF;2921005;38.0000;6;0;1;5;0;0;
EBT;UF;2922003;78.0000;6;0;3;1;2;0;
EBT;UF;2923001;4.7500;3;2;0;1;0;0;
EBT;UF;2924009;0.2500;1;1;0;0;0;0;
EBT;UF;2925204;14.3750;9;5;3;1;0;0;
EBT;UF;2925303;134.0000;18;0;7;8;3;0;
EBT;UF;2925600;34.0000;1;0;0;0;1;0;
EBT;UF;2926301;32.0000;5;0;2;2;1;0;
EBT;UF;2927408;589.6875;137;18;35;81;3;0;
EBT;UF;2927705;4.0000;1;0;0;1;0;0;
EBT;UF;2928703;12.0000;5;0;4;1;0;0;
EBT;UF;2929206;94.7500;21;0;12;8;1;0;
EBT;UF;2929503;10.0000;2;0;1;1;0;0;
EBT;UF;2929602;2.2500;2;1;1;0;0;0;
EBT;UF;2930105;2.0000;1;0;1;0;0;0;
EBT;UF;2930501;90.0000;6;0;0;4;2;0;
EBT;UF;2930709;180.5625;41;4;14;22;1;0;
EBT;UF;2931350;99.8750;13;2;6;2;3;0;
EBT;UF;2932507;32.0000;1;0;0;0;1;0;
EBT;UF;2932903;8.0000;1;0;0;1;0;0;
EBT;UF;2933208;10.0000;4;0;3;1;0;0;
EBT;UF;2933307;68.0625;24;7;10;7;0;0;
EBT;UF;3100203;6.0000;3;0;3;0;0;0;
EBT;UF;3100302;1.0000;1;0;1;0;0;0;
EBT;UF;3100500;2.0000;1;0;1;0;0;0;
EBT;UF;3100609;2.0000;1;0;1;0;0;0;
EBT;UF;3101102;2.0000;1;0;1;0;0;0;
EBT;UF;3101508;3.0000;2;0;2;0;0;0;
EBT;UF;3101607;81.2500;12;1;1;9;1;0;
EBT;UF;3101904;24.0000;3;0;0;3;0;0;
EBT;UF;3102001;4.0000;1;0;0;1;0;0;
EBT;UF;3102100;2.0000;1;0;1;0;0;0;
EBT;UF;3102605;67.2500;14;1;8;4;1;0;
EBT;UF;3102902;8.0000;1;0;0;1;0;0;
EBT;UF;3103504;66.5000;18;1;8;9;0;0;
EBT;UF;3104007;280.0000;28;2;5;15;6;0;
EBT;UF;3104106;6.0000;2;0;1;1;0;0;
EBT;UF;3104205;16.0000;4;0;2;2;0;0;
EBT;UF;3104601;2.0000;1;0;1;0;0;0;
EBT;UF;3104809;2.0000;1;0;1;0;0;0;
EBT;UF;3105400;30.0000;4;0;0;4;0;0;
EBT;UF;3105608;45.9375;15;5;5;5;0;0;
EBT;UF;3106002;8.0000;2;0;0;2;0;0;
EBT;UF;3106200;1222.7773;135;19;32;71;10;3;
EBT;UF;3106309;36.0000;4;0;0;3;1;0;
EBT;UF;3106408;2.0000;1;0;1;0;0;0;
EBT;UF;3106705;228.5625;72;14;30;28;0;0;
EBT;UF;3106903;12.0000;2;0;0;2;0;0;
EBT;UF;3107109;2.0000;1;0;1;0;0;0;
EBT;UF;3107307;5.0000;4;0;4;0;0;0;
EBT;UF;3107802;2.2500;2;1;1;0;0;0;
EBT;UF;3108107;2.0000;1;0;1;0;0;0;
EBT;UF;3108602;7.0000;5;0;5;0;0;0;
EBT;UF;3109006;67.0000;11;0;6;4;1;0;
EBT;UF;3109600;20.0000;2;0;0;1;1;0;
EBT;UF;3109709;6.0000;2;0;1;1;0;0;
EBT;UF;3109907;4.0000;2;0;2;0;0;0;
EBT;UF;3110004;34.1250;8;1;2;5;0;0;
EBT;UF;3110202;18.0000;2;0;1;0;1;0;
EBT;UF;3110301;8.0000;1;0;0;1;0;0;
EBT;UF;3110509;56.0000;4;0;0;3;1;0;
EBT;UF;3110608;26.0000;5;0;1;4;0;0;
EBT;UF;3110707;8.0000;1;0;0;1;0;0;
EBT;UF;3111002;8.0000;1;0;0;1;0;0;
EBT;UF;3111200;14.0000;4;0;3;1;0;0;
EBT;UF;3111507;20.0000;3;0;0;3;0;0;
EBT;UF;3112000;6.0000;2;0;1;1;0;0;
EBT;UF;3112307;19.0000;5;0;3;2;0;0;
EBT;UF;3112703;2.0000;1;0;1;0;0;0;
EBT;UF;3113206;0.5000;1;1;0;0;0;0;
EBT;UF;3113305;11.0000;7;0;7;0;0;0;
EBT;UF;3113404;70.0000;8;0;1;6;1;0;
EBT;UF;3113503;8.0000;1;0;0;1;0;0;
EBT;UF;3113602;2.0000;1;0;1;0;0;0;
EBT;UF;3113701;2.0000;1;0;1;0;0;0;
EBT;UF;3113909;8.0000;1;0;0;1;0;0;
EBT;UF;3114105;16.0000;2;0;0;2;0;0;
EBT;UF;3114204;6.0000;2;0;1;1;0;0;
EBT;UF;3114402;2.0000;1;0;1;0;0;0;
EBT;UF;3114501;8.0000;1;0;0;1;0;0;
EBT;UF;3115102;8.0000;1;0;0;1;0;0;
EBT;UF;3115300;12.5000;4;1;0;3;0;0;
EBT;UF;3116605;1.0000;1;0;1;0;0;0;
EBT;UF;3117603;11.0000;3;0;2;1;0;0;
EBT;UF;3117702;8.0000;1;0;0;1;0;0;
EBT;UF;3117801;12.0000;2;0;0;2;0;0;
EBT;UF;3117876;8.0000;1;0;0;1;0;0;
EBT;UF;3117900;8.0000;1;0;0;1;0;0;
EBT;UF;3118007;34.2500;6;1;1;4;0;0;
EBT;UF;3118304;35.0000;9;2;3;4;0;0;
EBT;UF;3118403;2.0000;1;0;1;0;0;0;
EBT;UF;3118601;278.0625;76;13;23;40;0;0;
EBT;UF;3119104;4.0000;2;0;2;0;0;0;
EBT;UF;3119401;34.2500;9;1;3;5;0;0;
EBT;UF;3119708;8.0000;1;0;0;1;0;0;
EBT;UF;3120904;49.2500;17;1;12;4;0;0;
EBT;UF;3121258;2.0000;1;0;1;0;0;0;
EBT;UF;3121605;8.0000;4;0;4;0;0;0;
EBT;UF;3121803;2.0000;1;0;1;0;0;0;
EBT;UF;3122009;2.0000;1;0;1;0;0;0;
EBT;UF;3122306;70.0000;20;0;5;15;0;0;
EBT;UF;3123007;20.0000;2;0;0;1;1;0;
EBT;UF;3123205;5.0000;3;0;3;0;0;0;
EBT;UF;3123601;18.0000;3;0;1;2;0;0;
EBT;UF;3124104;2.0000;1;0;1;0;0;0;
EBT;UF;3124203;2.0000;1;0;1;0;0;0;
EBT;UF;3124807;1.0000;1;0;1;0;0;0;
EBT;UF;3125101;242.0000;44;3;13;26;2;0;
EBT;UF;3125200;10.0000;2;0;1;1;0;0;
EBT;UF;3126000;64.0000;2;0;0;0;2;0;
EBT;UF;3126307;2.0000;1;0;1;0;0;0;
EBT;UF;3126703;1.0000;1;0;1;0;0;0;
EBT;UF;3127107;0.0625;1;1;0;0;0;0;
EBT;UF;3127701;273.5000;17;1;3;6;7;0;
EBT;UF;3127800;2.5000;2;1;1;0;0;0;
EBT;UF;3128006;5.0000;3;0;3;0;0;0;
EBT;UF;3128402;8.0000;1;0;0;1;0;0;
EBT;UF;3128600;8.0000;1;0;0;1;0;0;
EBT;UF;3128709;37.5000;12;2;5;5;0;0;
EBT;UF;3129202;8.0000;1;0;0;1;0;0;
EBT;UF;3129509;16.0000;2;0;0;2;0;0;
EBT;UF;3129806;31.0000;13;2;7;4;0;0;
EBT;UF;3130101;38.5000;10;1;5;4;0;0;
EBT;UF;3130309;2.0000;1;0;1;0;0;0;
EBT;UF;3130408;10.0000;3;0;1;2;0;0;
EBT;UF;3130903;2.0000;1;0;1;0;0;0;
EBT;UF;3131000;2.0000;1;0;1;0;0;0;
EBT;UF;3131208;3.0000;2;0;2;0;0;0;
EBT;UF;3131307;203.5625;9;2;4;1;1;1;
EBT;UF;3131703;94.0000;8;0;3;3;2;0;
EBT;UF;3131901;30.0000;5;0;2;3;0;0;
EBT;UF;3132008;2.0000;1;0;1;0;0;0;
EBT;UF;3132206;8.0000;1;0;0;1;0;0;
EBT;UF;3132404;117.1250;26;5;8;11;2;0;
EBT;UF;3132503;5.0000;3;0;3;0;0;0;
EBT;UF;3132602;0.2500;1;1;0;0;0;0;
EBT;UF;3132701;2.0000;1;0;1;0;0;0;
EBT;UF;3133006;32.0000;1;0;0;0;1;0;
EBT;UF;3133204;2.0000;1;0;1;0;0;0;
EBT;UF;3133303;1.0000;1;0;1;0;0;0;
EBT;UF;3133501;10.0000;3;0;2;1;0;0;
EBT;UF;3133600;4.0000;3;0;3;0;0;0;
EBT;UF;3133709;42.0000;6;0;1;4;1;0;
EBT;UF;3133758;6.0000;3;0;3;0;0;0;
EBT;UF;3133808;70.1250;20;1;11;8;0;0;
EBT;UF;3134400;6.0000;3;0;3;0;0;0;
EBT;UF;3134707;5.0000;3;0;3;0;0;0;
EBT;UF;3135100;4.0000;2;0;2;0;0;0;
EBT;UF;3135209;30.0000;12;0;9;3;0;0;
EBT;UF;3135407;36.0000;2;0;1;0;1;0;
EBT;UF;3136207;28.0000;6;0;2;4;0;0;
EBT;UF;3136306;10.0000;2;0;1;1;0;0;
EBT;UF;3136652;34.5000;8;1;3;4;0;0;
EBT;UF;3136702;162.8750;26;3;5;16;2;0;
EBT;UF;3137205;10.0000;3;0;1;2;0;0;
EBT;UF;3137601;70.0000;13;0;3;10;0;0;
EBT;UF;3137700;2.0000;1;0;1;0;0;0;
EBT;UF;3138203;129.2500;21;2;7;10;2;0;
EBT;UF;3138401;53.0000;12;0;7;4;1;0;
EBT;UF;3139003;70.2500;6;1;0;3;2;0;
EBT;UF;3139409;16.0000;7;0;6;1;0;0;
EBT;UF;3139508;14.0000;3;0;2;1;0;0;
EBT;UF;3139904;8.0000;1;0;0;1;0;0;
EBT;UF;3140001;154.0000;10;0;5;2;2;1;
EBT;UF;3140704;66.5000;12;3;5;3;1;0;
EBT;UF;3140803;8.0000;1;0;0;1;0;0;
EBT;UF;3140902;2.0000;1;0;1;0;0;0;
EBT;UF;3141108;40.0000;8;0;2;6;0;0;
EBT;UF;3141702;2.0000;1;0;1;0;0;0;
EBT;UF;3142205;36.2500;4;1;2;0;1;0;
EBT;UF;3143302;163.0000;35;2;18;14;1;0;
EBT;UF;3143906;120.7500;18;2;4;10;2;0;
EBT;UF;3144003;4.0000;2;0;2;0;0;0;
EBT;UF;3144102;32.0000;1;0;0;0;1;0;
EBT;UF;3144300;2.0000;1;0;1;0;0;0;
EBT;UF;3144706;1.0000;1;0;1;0;0;0;
EBT;UF;3144805;66.5000;14;1;5;7;1;0;
EBT;UF;3145307;5.0000;3;0;3;0;0;0;
EBT;UF;3145901;140.3750;21;4;9;5;3;0;
EBT;UF;3146008;4.0000;1;0;0;1;0;0;
EBT;UF;3146107;109.5000;18;3;5;8;2;0;
EBT;UF;3147006;54.7500;14;2;5;7;0;0;
EBT;UF;3147105;72.0000;13;0;4;9;0;0;
EBT;UF;3147204;8.0000;1;0;0;1;0;0;
EBT;UF;3147402;80.5000;10;1;0;7;2;0;
EBT;UF;3147907;28.0000;7;0;4;3;0;0;
EBT;UF;3148004;41.0000;13;0;7;6;0;0;
EBT;UF;3148103;2.0000;2;0;2;0;0;0;
EBT;UF;3148608;2.0000;1;0;1;0;0;0;
EBT;UF;3149309;67.1250;16;1;6;9;0;0;
EBT;UF;3149804;2.0000;1;0;1;0;0;0;
EBT;UF;3149903;8.0000;1;0;0;1;0;0;
EBT;UF;3150802;4.0000;2;0;2;0;0;0;
EBT;UF;3151107;81.0000;5;0;1;2;2;0;
EBT;UF;3151305;8.0000;1;0;0;1;0;0;
EBT;UF;3151503;4.0000;3;0;3;0;0;0;
EBT;UF;3151800;337.8125;71;12;30;23;6;0;
EBT;UF;3152006;11.0000;7;0;7;0;0;0;
EBT;UF;3152105;78.6250;12;2;3;6;1;0;
EBT;UF;3152204;2.0000;1;0;1;0;0;0;
EBT;UF;3152501;171.7500;44;4;16;24;0;0;
EBT;UF;3152709;2.0000;1;0;1;0;0;0;
EBT;UF;3154002;2.5000;2;1;1;0;0;0;
EBT;UF;3154309;4.0000;2;0;2;0;0;0;
EBT;UF;3154606;38.0000;7;0;1;6;0;0;
EBT;UF;3155306;8.0000;1;0;0;1;0;0;
EBT;UF;3155405;2.0000;1;0;1;0;0;0;
EBT;UF;3155702;3.0000;2;0;2;0;0;0;
EBT;UF;3155801;10.0000;2;0;1;1;0;0;
EBT;UF;3155900;0.5000;1;1;0;0;0;0;
EBT;UF;3156106;4.0000;1;0;0;1;0;0;
EBT;UF;3156700;32.0000;9;0;4;5;0;0;
EBT;UF;3156809;3.0000;2;0;2;0;0;0;
EBT;UF;3156908;50.0000;4;0;1;2;1;0;
EBT;UF;3157005;10.0000;6;0;6;0;0;0;
EBT;UF;3157203;2.1250;2;1;1;0;0;0;
EBT;UF;3157807;94.2500;24;1;11;12;0;0;
EBT;UF;3158003;16.0000;2;0;0;2;0;0;
EBT;UF;3158201;2.0000;1;0;1;0;0;0;
EBT;UF;3158953;22.0000;6;0;3;3;0;0;
EBT;UF;3159605;46.7500;14;2;6;6;0;0;
EBT;UF;3159902;8.0000;1;0;0;1;0;0;
EBT;UF;3160405;2.0000;1;0;1;0;0;0;
EBT;UF;3161007;8.0000;1;0;0;1;0;0;
EBT;UF;3161106;3.0000;3;0;3;0;0;0;
EBT;UF;3161908;11.0000;3;0;2;1;0;0;
EBT;UF;3162500;52.7500;9;2;0;7;0;0;
EBT;UF;3162575;0.2500;1;1;0;0;0;0;
EBT;UF;3162807;2.0000;1;0;1;0;0;0;
EBT;UF;3162906;4.0000;2;0;2;0;0;0;
EBT;UF;3162922;48.0000;7;0;2;4;1;0;
EBT;UF;3163706;24.3750;6;2;0;4;0;0;
EBT;UF;3164407;2.0000;1;0;1;0;0;0;
EBT;UF;3164704;53.0000;8;0;1;7;0;0;
EBT;UF;3165206;1.0000;1;0;1;0;0;0;
EBT;UF;3165537;8.2500;4;1;2;1;0;0;
EBT;UF;3166907;2.0000;1;0;1;0;0;0;
EBT;UF;3167103;4.0000;2;0;2;0;0;0;
EBT;UF;3167202;243.0000;51;4;19;27;1;0;
EBT;UF;3167400;2.0000;1;0;1;0;0;0;
EBT;UF;3167608;2.0000;1;0;1;0;0;0;
EBT;UF;3168002;7.0000;4;0;4;0;0;0;
EBT;UF;3168101;32.0000;7;0;4;3;0;0;
EBT;UF;3168408;2.0000;1;0;1;0;0;0;
EBT;UF;3168507;8.0000;1;0;0;1;0;0;
EBT;UF;3168606;24.0000;5;0;2;3;0;0;
EBT;UF;3168705;126.0000;8;0;1;4;3;0;
EBT;UF;3168804;2.0000;1;0;1;0;0;0;
EBT;UF;3169208;2.0000;1;0;1;0;0;0;
EBT;UF;3169307;76.0625;13;1;5;6;1;0;
EBT;UF;3169356;4.0000;1;0;0;1;0;0;
EBT;UF;3169406;10.0000;2;0;1;1;0;0;
EBT;UF;3169703;4.0000;2;0;2;0;0;0;
EBT;UF;3169901;63.5000;16;1;6;9;0;0;
EBT;UF;3170057;8.0000;1;0;0;1;0;0;
EBT;UF;3170107;211.9375;41;5;19;14;3;0;
EBT;UF;3170206;392.6250;93;10;36;45;2;0;
EBT;UF;3170404;86.0000;23;0;12;11;0;0;
EBT;UF;3170701;164.0000;27;0;13;12;2;0;
EBT;UF;3170800;20.0000;3;0;0;3;0;0;
EBT;UF;3171204;106.5000;19;1;6;11;1;0;
EBT;UF;3171303;122.0625;11;1;5;2;3;0;
EBT;UF;3171808;2.0000;1;0;1;0;0;0;
EBT;UF;3172004;75.0000;9;0;2;6;1;0;
EBT;UF;3200409;44.3750;11;6;2;1;2;0;
EBT;UF;3200607;26.9375;11;5;1;5;0;0;
EBT;UF;3200706;6.0000;2;0;1;1;0;0;
EBT;UF;3201001;0.1250;2;2;0;0;0;0;
EBT;UF;3201100;2.0000;1;0;1;0;0;0;
EBT;UF;3201209;87.8125;44;5;35;4;0;0;
EBT;UF;3201308;80.2500;30;8;13;8;1;0;
EBT;UF;3201407;3.0000;4;3;1;0;0;0;
EBT;UF;3201506;26.1250;15;5;7;3;0;0;
EBT;UF;3201605;0.8125;3;3;0;0;0;0;
EBT;UF;3201704;8.0000;2;0;0;2;0;0;
EBT;UF;3201902;15.3125;6;2;3;1;0;0;
EBT;UF;3202306;2.0000;1;0;1;0;0;0;
EBT;UF;3202405;25.5000;15;5;7;3;0;0;
EBT;UF;3202504;2.2500;3;2;1;0;0;0;
EBT;UF;3202603;2.0000;1;0;1;0;0;0;
EBT;UF;3202801;12.0625;3;1;0;2;0;0;
EBT;UF;3203007;187.0000;3;0;0;0;2;1;
EBT;UF;3203130;6.0000;2;0;1;1;0;0;
EBT;UF;3203205;76.3750;16;2;8;5;1;0;
EBT;UF;3203304;1.0000;1;0;1;0;0;0;
EBT;UF;3203320;4.5000;3;1;2;0;0;0;
EBT;UF;3203403;4.0000;1;0;0;1;0;0;
EBT;UF;3203809;4.0000;1;0;0;1;0;0;
EBT;UF;3203908;4.0000;2;0;2;0;0;0;
EBT;UF;3204005;2.0000;1;0;1;0;0;0;
EBT;UF;3204054;2.0000;1;0;1;0;0;0;
EBT;UF;3204104;36.6875;6;4;1;0;1;0;
EBT;UF;3204203;1.1250;2;1;1;0;0;0;
EBT;UF;3204401;0.1875;3;3;0;0;0;0;
EBT;UF;3204658;0.5000;1;1;0;0;0;0;
EBT;UF;3204906;12.7500;8;2;6;0;0;0;
EBT;UF;3204955;11.0000;3;0;2;1;0;0;
EBT;UF;3205002;51.0625;31;11;16;4;0;0;
EBT;UF;3205010;0.5000;1;1;0;0;0;0;
EBT;UF;3205036;6.0000;2;0;1;1;0;0;
EBT;UF;3205069;5.2500;4;2;1;1;0;0;
EBT;UF;3205101;44.7500;11;0;6;4;1;0;
EBT;UF;3205176;4.0000;1;0;0;1;0;0;
EBT;UF;3205200;91.5000;39;16;12;10;1;0;
EBT;UF;3205309;87.7500;11;0;6;2;3;0;
EBT;UF;3300100;170.2500;25;1;10;12;2;0;
EBT;UF;3300258;12.0000;2;0;0;2;0;0;
EBT;UF;3300308;18.1250;6;1;3;2;0;0;
EBT;UF;3300407;54.2500;19;6;2;11;0;0;
EBT;UF;3300456;17.0000;12;0;11;1;0;0;
EBT;UF;3300704;22.6250;8;2;3;3;0;0;
EBT;UF;3300803;28.0000;4;0;2;1;1;0;
EBT;UF;3301009;62.0000;23;5;11;7;0;0;
EBT;UF;3301702;351.5000;100;13;60;24;2;1;
EBT;UF;3301801;20.0000;4;0;0;4;0;0;
EBT;UF;3301850;2.0000;1;0;1;0;0;0;
EBT;UF;3301900;58.0000;15;0;12;1;2;0;
EBT;UF;3302007;39.2500;14;1;8;5;0;0;
EBT;UF;3302205;12.7500;6;2;2;2;0;0;
EBT;UF;3302254;22.0000;6;0;3;3;0;0;
EBT;UF;3302270;8.1250;2;1;0;1;0;0;
EBT;UF;3302403;337.5000;32;5;8;16;1;2;
EBT;UF;3302502;9.0000;8;0;8;0;0;0;
EBT;UF;3302601;18.5000;5;1;1;3;0;0;
EBT;UF;3302809;6.0000;2;0;1;1;0;0;
EBT;UF;3302858;9.2500;8;1;7;0;0;0;
EBT;UF;3303104;4.0000;1;0;0;1;0;0;
EBT;UF;3303203;13.0000;9;0;8;1;0;0;
EBT;UF;3303302;113.0000;45;3;31;10;1;0;
EBT;UF;3303401;18.0000;5;0;1;4;0;0;
EBT;UF;3303500;109.2500;41;8;23;8;2;0;
EBT;UF;3303708;2.5000;2;1;1;0;0;0;
EBT;UF;3303906;32.0000;7;0;4;3;0;0;
EBT;UF;3304003;21.0000;5;0;1;4;0;0;
EBT;UF;3304110;22.0000;5;0;3;2;0;0;
EBT;UF;3304144;77.5000;13;1;9;2;0;1;
EBT;UF;3304151;16.0000;1;0;0;0;1;0;
EBT;UF;3304201;90.6250;18;2;6;9;1;0;
EBT;UF;3304300;1.0000;1;0;1;0;0;0;
EBT;UF;3304524;5.0000;3;0;3;0;0;0;
EBT;UF;3304557;5442.2695;1098;90;517;429;52;10;
EBT;UF;3304706;4.0000;1;0;0;1;0;0;
EBT;UF;3304904;71.8125;42;3;32;7;0;0;
EBT;UF;3305000;130.0000;7;0;1;2;3;1;
EBT;UF;3305109;44.2500;24;3;18;2;1;0;
EBT;UF;3305208;13.0000;3;0;1;2;0;0;
EBT;UF;3305554;40.0000;3;0;1;1;1;0;
EBT;UF;3305752;3.0000;2;0;2;0;0;0;
EBT;UF;3306008;4.0000;1;0;0;1;0;0;
EBT;UF;3306107;28.0000;6;0;4;1;1;0;
EBT;UF;3306305;16.5000;6;1;2;3;0;0;
EBT;UF;3500303;4.0000;1;0;0;1;0;0;
EBT;UF;3500501;2.0000;1;0;1;0;0;0;
EBT;UF;3500550;2.0000;1;0;1;0;0;0;
EBT;UF;3500709;8.0000;1;0;0;1;0;0;
EBT;UF;3501152;2.0000;1;0;1;0;0;0;
EBT;UF;3501301;48.0000;2;0;0;0;2;0;
EBT;UF;3501608;238.0000;31;0;10;17;4;0;
EBT;UF;3501707;4.2500;3;1;2;0;0;0;
EBT;UF;3501905;52.0000;9;0;2;7;0;0;
EBT;UF;3502101;16.0000;3;0;0;3;0;0;
EBT;UF;3502200;4.0000;1;0;0;1;0;0;
EBT;UF;3502754;88.1250;10;1;0;7;2;0;
EBT;UF;3502804;76.0000;16;0;4;12;0;0;
EBT;UF;3502903;4.0000;1;0;0;1;0;0;
EBT;UF;3503208;239.0625;49;6;10;31;2;0;
EBT;UF;3503307;162.0000;18;0;1;13;4;0;
EBT;UF;3503406;10.0000;2;0;1;1;0;0;
EBT;UF;3503703;8.0000;1;0;0;1;0;0;
EBT;UF;3503802;24.0000;4;0;0;4;0;0;
EBT;UF;3503901;16.0000;5;0;2;3;0;0;
EBT;UF;3504008;8.5000;4;1;2;1;0;0;
EBT;UF;3504107;56.0000;11;0;2;9;0;0;
EBT;UF;3504503;18.0000;4;0;1;3;0;0;
EBT;UF;3505302;12.5000;4;1;2;1;0;0;
EBT;UF;3505500;96.2500;10;1;2;5;2;0;
EBT;UF;3505708;625.8125;82;19;14;40;8;1;
EBT;UF;3505906;16.0000;3;0;0;3;0;0;
EBT;UF;3506003;142.8750;34;8;8;17;1;0;
EBT;UF;3506102;62.2500;13;1;2;10;0;0;
EBT;UF;3506201;4.0000;1;0;0;1;0;0;
EBT;UF;3506359;10.0000;3;0;1;2;0;0;
EBT;UF;3506508;14.5000;5;1;1;3;0;0;
EBT;UF;3506607;8.0000;1;0;0;1;0;0;
EBT;UF;3507001;68.2500;7;1;0;4;2;0;
EBT;UF;3507209;2.0000;1;0;1;0;0;0;
EBT;UF;3507506;509.3750;13;2;2;5;1;3;
EBT;UF;3507605;168.0000;21;0;2;16;3;0;
EBT;UF;3507753;0.5000;1;1;0;0;0;0;
EBT;UF;3507902;6.0000;2;0;1;1;0;0;
EBT;UF;3508405;16.0000;2;0;0;2;0;0;
EBT;UF;3508504;108.0625;12;1;2;7;2;0;
EBT;UF;3508603;8.0000;1;0;0;1;0;0;
EBT;UF;3509007;10.2500;4;1;1;2;0;0;
EBT;UF;3509205;112.0000;20;0;6;13;1;0;
EBT;UF;3509502;883.6250;136;6;30;90;10;0;
EBT;UF;3509601;8.0000;1;0;0;1;0;0;
EBT;UF;3509700;16.0000;2;0;0;2;0;0;
EBT;UF;3509957;4.0000;1;0;0;1;0;0;
EBT;UF;3510005;16.0000;2;0;0;2;0;0;
EBT;UF;3510153;3.0000;2;0;2;0;0;0;
EBT;UF;3510203;2.0000;1;0;1;0;0;0;
EBT;UF;3510401;38.0000;6;0;1;4;1;0;
EBT;UF;3510609;44.0000;7;0;2;4;1;0;
EBT;UF;3510807;10.0000;2;0;1;1;0;0;
EBT;UF;3511102;46.0000;9;0;1;8;0;0;
EBT;UF;3511508;8.2500;2;1;0;1;0;0;
EBT;UF;3511607;16.0000;1;0;0;0;1;0;
EBT;UF;3512001;10.0000;3;0;1;2;0;0;
EBT;UF;3512209;4.0000;1;0;0;1;0;0;
EBT;UF;3512407;34.0000;8;0;1;7;0;0;
EBT;UF;3512803;60.0000;6;0;2;2;2;0;
EBT;UF;3513009;143.2500;22;1;4;15;2;0;
EBT;UF;3513108;36.0000;6;0;2;3;1;0;
EBT;UF;3513405;26.0000;4;0;1;2;1;0;
EBT;UF;3513504;535.0000;34;0;8;17;8;1;
EBT;UF;3513702;28.2500;4;1;0;2;1;0;
EBT;UF;3513801;99.0000;18;0;2;15;1;0;
EBT;UF;3513850;4.0000;1;0;0;1;0;0;
EBT;UF;3514106;8.0000;1;0;0;1;0;0;
EBT;UF;3514403;4.0000;1;0;0;1;0;0;
EBT;UF;3514809;8.0000;1;0;0;1;0;0;
EBT;UF;3514908;36.0000;2;0;0;1;1;0;
EBT;UF;3515004;244.0000;28;0;9;14;5;0;
EBT;UF;3515103;20.0000;5;0;2;3;0;0;
EBT;UF;3515152;20.0000;4;0;2;2;0;0;
EBT;UF;3515186;14.1250;4;1;1;2;0;0;
EBT;UF;3515194;20.0000;2;0;0;1;1;0;
EBT;UF;3515202;2.0000;1;0;1;0;0;0;
EBT;UF;3515509;12.0000;4;0;2;2;0;0;
EBT;UF;3515707;4.0000;1;0;0;1;0;0;
EBT;UF;3516200;60.3750;18;2;6;10;0;0;
EBT;UF;3516408;14.0000;3;0;1;2;0;0;
EBT;UF;3516705;44.0000;3;0;0;2;1;0;
EBT;UF;3516853;330.0000;6;0;2;2;0;2;
EBT;UF;3517109;4.0000;1;0;0;1;0;0;
EBT;UF;3517208;2.0000;1;0;1;0;0;0;
EBT;UF;3517406;4.0000;2;0;2;0;0;0;
EBT;UF;3517505;8.0000;2;0;0;2;0;0;
EBT;UF;3517703;16.0000;3;0;0;3;0;0;
EBT;UF;3518206;8.0000;1;0;0;1;0;0;
EBT;UF;3518305;18.0000;5;0;3;2;0;0;
EBT;UF;3518404;152.7500;17;3;4;7;3;0;
EBT;UF;3518602;10.4375;3;1;1;1;0;0;
EBT;UF;3518701;200.5000;22;1;2;15;4;0;
EBT;UF;3518800;895.6250;157;14;41;95;6;1;
EBT;UF;3519055;4.0000;1;0;0;1;0;0;
EBT;UF;3519071;190.0000;27;0;1;25;1;0;
EBT;UF;3519303;16.1250;3;1;0;2;0;0;
EBT;UF;3519600;21.0000;6;2;2;2;0;0;
EBT;UF;3519808;4.0000;2;0;2;0;0;0;
EBT;UF;3520103;6.0000;2;0;1;1;0;0;
EBT;UF;3520509;485.0000;47;0;8;32;6;1;
EBT;UF;3520905;10.0000;2;0;1;1;0;0;
EBT;UF;3521002;12.0000;2;0;0;2;0;0;
EBT;UF;3521101;8.0000;1;0;0;1;0;0;
EBT;UF;3521200;0.0625;1;1;0;0;0;0;
EBT;UF;3521309;10.0000;2;0;1;1;0;0;
EBT;UF;3521408;24.0000;3;0;0;2;1;0;
EBT;UF;3522208;48.1250;6;1;1;3;1;0;
EBT;UF;3522307;62.2500;11;1;1;8;1;0;
EBT;UF;3522505;57.0000;8;0;3;4;1;0;
EBT;UF;3522604;6.0000;2;0;1;1;0;0;
EBT;UF;3522703;4.0000;1;0;0;1;0;0;
EBT;UF;3522901;10.0000;2;0;1;1;0;0;
EBT;UF;3523107;106.2500;17;1;6;8;2;0;
EBT;UF;3523404;86.0000;12;0;2;9;1;0;
EBT;UF;3523503;2.0000;1;0;1;0;0;0;
EBT;UF;3523602;18.0000;5;0;1;4;0;0;
EBT;UF;3523909;290.0000;44;0;8;33;3;0;
EBT;UF;3524006;80.0000;10;0;0;8;2;0;
EBT;UF;3524105;8.0000;2;0;0;2;0;0;
EBT;UF;3524303;8.0000;3;0;2;1;0;0;
EBT;UF;3524402;193.5625;23;2;7;10;4;0;
EBT;UF;3524501;4.0000;1;0;0;1;0;0;
EBT;UF;3524709;120.2500;21;1;3;16;1;0;
EBT;UF;3525003;68.2500;11;1;2;7;1;0;
EBT;UF;3525102;16.0625;4;1;0;3;0;0;
EBT;UF;3525300;64.0000;5;0;0;4;1;0;
EBT;UF;3525904;518.5000;86;1;16;66;3;0;
EBT;UF;3526001;8.0000;1;0;0;1;0;0;
EBT;UF;3526100;4.5000;2;1;0;1;0;0;
EBT;UF;3526407;6.0000;2;0;1;1;0;0;
EBT;UF;3526704;6.0000;2;0;1;1;0;0;
EBT;UF;3526803;163.0000;4;0;2;1;0;1;
EBT;UF;3526902;310.2500;54;1;9;41;3;0;
EBT;UF;3527108;188.0000;14;0;2;8;4;0;
EBT;UF;3527207;69.0000;14;2;2;10;0;0;
EBT;UF;3527306;160.0000;12;0;0;8;4;0;
EBT;UF;3527603;50.0000;4;0;1;2;1;0;
EBT;UF;3528403;26.0000;4;0;1;3;0;0;
EBT;UF;3528502;4.0000;1;0;0;1;0;0;
EBT;UF;3528809;8.0000;1;0;0;1;0;0;
EBT;UF;3529005;96.5000;18;4;4;9;1;0;
EBT;UF;3529302;52.0000;7;0;0;6;1;0;
EBT;UF;3529401;90.6250;19;2;5;11;1;0;
EBT;UF;3529609;4.0000;1;0;0;1;0;0;
EBT;UF;3530102;4.0000;1;0;0;1;0;0;
EBT;UF;3530201;8.0000;1;0;0;1;0;0;
EBT;UF;3530300;26.2500;6;1;1;4;0;0;
EBT;UF;3530508;20.5000;4;1;0;3;0;0;
EBT;UF;3530607;515.6250;48;2;13;24;8;1;
EBT;UF;3530706;134.0000;14;0;3;9;2;0;
EBT;UF;3530805;86.0000;15;0;3;12;0;0;
EBT;UF;3531209;4.0000;1;0;0;1;0;0;
EBT;UF;3531308;195.0000;8;0;2;5;0;1;
EBT;UF;3531407;24.0000;3;0;0;2;1;0;
EBT;UF;3531803;104.0000;7;0;1;3;3;0;
EBT;UF;3531902;4.0000;1;0;0;1;0;0;
EBT;UF;3532009;4.0000;1;0;0;1;0;0;
EBT;UF;3532058;8.0000;1;0;0;1;0;0;
EBT;UF;3532801;4.0000;1;0;0;1;0;0;
EBT;UF;3532900;8.0000;2;0;0;2;0;0;
EBT;UF;3533007;12.0000;2;0;0;2;0;0;
EBT;UF;3533403;36.0000;7;0;2;5;0;0;
EBT;UF;3533502;4.0000;1;0;0;1;0;0;
EBT;UF;3533601;4.0000;1;0;0;1;0;0;
EBT;UF;3533908;8.0000;1;0;0;1;0;0;
EBT;UF;3534302;28.0000;4;0;0;4;0;0;
EBT;UF;3534401;337.5000;47;8;8;30;0;1;
EBT;UF;3534708;58.0000;8;0;3;4;1;0;
EBT;UF;3534757;2.0000;1;0;1;0;0;0;
EBT;UF;3535309;8.0000;1;0;0;1;0;0;
EBT;UF;3535507;40.0000;4;0;0;3;1;0;
EBT;UF;3535705;8.0000;1;0;0;1;0;0;
EBT;UF;3536000;2.0000;1;0;1;0;0;0;
EBT;UF;3536307;14.5000;4;1;1;2;0;0;
EBT;UF;3536505;322.7500;53;2;7;41;3;0;
EBT;UF;3536703;30.0000;6;0;1;5;0;0;
EBT;UF;3537305;18.3750;5;1;1;3;0;0;
EBT;UF;3538006;158.0000;18;0;3;10;5;0;
EBT;UF;3538600;4.0000;1;0;0;1;0;0;
EBT;UF;3538709;778.0000;63;0;13;41;7;2;
EBT;UF;3538808;40.0000;3;0;0;1;2;0;
EBT;UF;3539004;2.0000;1;0;1;0;0;0;
EBT;UF;3539103;8.0000;1;0;0;1;0;0;
EBT;UF;3539301;32.0000;6;0;0;6;0;0;
EBT;UF;3539509;20.0000;3;0;0;3;0;0;
EBT;UF;3539608;4.0000;1;0;0;1;0;0;
EBT;UF;3539806;88.7500;15;2;4;8;1;0;
EBT;UF;3540002;16.0000;1;0;0;0;1;0;
EBT;UF;3540200;8.0000;1;0;0;1;0;0;
EBT;UF;3540606;0.5000;1;1;0;0;0;0;
EBT;UF;3540705;19.0000;5;0;2;3;0;0;
EBT;UF;3540804;4.0000;1;0;0;1;0;0;
EBT;UF;3541000;73.2500;10;1;4;3;2;0;
EBT;UF;3541208;8.0000;1;0;0;1;0;0;
EBT;UF;3541307;0.5000;1;1;0;0;0;0;
EBT;UF;3541406;70.2500;9;1;1;6;1;0;
EBT;UF;3541604;36.0000;4;0;0;3;1;0;
EBT;UF;3542107;20.0000;3;0;0;3;0;0;
EBT;UF;3542404;18.6250;5;3;1;0;1;0;
EBT;UF;3542602;10.2500;4;1;1;2;0;0;
EBT;UF;3543303;16.0000;2;0;0;2;0;0;
EBT;UF;3543402;479.3750;95;11;23;57;4;0;
EBT;UF;3543907;202.7500;37;2;5;29;1;0;
EBT;UF;3544004;58.0000;7;0;1;5;1;0;
EBT;UF;3544251;10.0000;2;0;1;1;0;0;
EBT;UF;3545001;4.0000;1;0;0;1;0;0;
EBT;UF;3545159;8.0000;1;0;0;1;0;0;
EBT;UF;3545209;137.2500;24;1;5;15;3;0;
EBT;UF;3545308;20.0000;3;0;0;3;0;0;
EBT;UF;3545407;1.5000;1;0;1;0;0;0;
EBT;UF;3545704;4.0000;1;0;0;1;0;0;
EBT;UF;3545803;128.5000;18;1;2;13;2;0;
EBT;UF;3546306;12.0000;3;0;0;3;0;0;
EBT;UF;3546405;46.2500;11;1;3;7;0;0;
EBT;UF;3546603;4.0625;2;1;0;1;0;0;
EBT;UF;3546702;24.0000;5;0;2;3;0;0;
EBT;UF;3547304;72.5000;12;1;4;6;1;0;
EBT;UF;3547502;6.2500;3;1;1;1;0;0;
EBT;UF;3547601;14.2500;5;1;1;3;0;0;
EBT;UF;3547809;223.7500;32;2;9;16;5;0;
EBT;UF;3548005;12.0000;3;0;0;3;0;0;
EBT;UF;3548500;243.0000;48;3;9;35;1;0;
EBT;UF;3548708;447.1250;57;1;13;36;7;0;
EBT;UF;3548807;70.0000;8;0;3;3;2;0;
EBT;UF;3548906;197.3125;44;2;13;28;1;0;
EBT;UF;3549102;56.0625;8;1;2;4;1;0;
EBT;UF;3549409;2.0000;1;0;1;0;0;0;
EBT;UF;3549706;4.0000;1;0;0;1;0;0;
EBT;UF;3549805;53.1250;16;1;7;8;0;0;
EBT;UF;3549904;442.6875;48;10;10;22;5;1;
EBT;UF;3549953;8.0000;1;0;0;1;0;0;
EBT;UF;3550100;6.2500;3;1;1;1;0;0;
EBT;UF;3550209;2.0000;1;0;1;0;0;0;
EBT;UF;3550308;6699.5000;841;76;190;476;90;9;
EBT;UF;3550605;36.0000;8;0;2;6;0;0;
EBT;UF;3550803;4.0000;1;0;0;1;0;0;
EBT;UF;3550902;2.0000;1;0;1;0;0;0;
EBT;UF;3551009;26.0000;6;0;1;5;0;0;
EBT;UF;3551306;4.0000;1;0;0;1;0;0;
EBT;UF;3551603;4.0000;2;0;2;0;0;0;
EBT;UF;3551702;232.0625;26;1;7;11;7;0;
EBT;UF;3552205;415.2500;69;9;11;43;6;0;
EBT;UF;3552403;280.7500;43;3;6;29;5;0;
EBT;UF;3552502;96.2500;17;3;3;9;2;0;
EBT;UF;3552551;2.0000;1;0;1;0;0;0;
EBT;UF;3552700;155.0000;1;0;0;0;0;1;
EBT;UF;3552809;412.2500;25;1;5;10;8;1;
EBT;UF;3553302;0.1250;1;1;0;0;0;0;
EBT;UF;3553401;4.0000;2;0;2;0;0;0;
EBT;UF;3553609;12.0000;2;0;0;2;0;0;
EBT;UF;3553658;0.2500;1;1;0;0;0;0;
EBT;UF;3553708;8.0000;1;0;0;1;0;0;
EBT;UF;3553906;4.0000;1;0;0;1;0;0;
EBT;UF;3553955;64.0000;2;0;0;0;2;0;
EBT;UF;3554003;126.0000;16;0;2;13;0;1;
EBT;UF;3554102;116.1875;19;2;6;8;3;0;
EBT;UF;3554508;8.0000;3;0;2;1;0;0;
EBT;UF;3554805;4.2500;2;1;0;1;0;0;
EBT;UF;3555000;2.0000;1;0;1;0;0;0;
EBT;UF;3555802;4.0000;1;0;0;1;0;0;
EBT;UF;3556206;166.0000;15;0;2;9;4;0;
EBT;UF;3556305;12.0000;2;0;0;2;0;0;
EBT;UF;3556404;4.0000;1;0;0;1;0;0;
EBT;UF;3556453;16.0000;2;0;0;2;0;0;
EBT;UF;3556503;36.0000;5;0;0;5;0;0;
EBT;UF;3556701;158.2500;25;1;5;17;2;0;
EBT;UF;3557006;60.0000;11;0;2;9;0;0;
EBT;UF;3557105;10.0000;3;0;1;2;0;0;
EBT;UF;4100400;4.5000;3;2;0;1;0;0;
EBT;UF;4101408;5.0000;3;0;3;0;0;0;
EBT;UF;4101507;40.0000;9;0;2;7;0;0;
EBT;UF;4101606;12.0000;2;0;0;2;0;0;
EBT;UF;4101804;102.7500;19;1;7;10;1;0;
EBT;UF;4102307;8.0000;3;0;2;1;0;0;
EBT;UF;4103701;28.0000;7;0;4;3;0;0;
EBT;UF;4104006;16.0000;4;0;0;4;0;0;
EBT;UF;4104204;36.0000;8;0;2;6;0;0;
EBT;UF;4104303;72.0000;13;8;1;2;2;0;
EBT;UF;4104659;29.0625;10;5;2;3;0;0;
EBT;UF;4104808;86.0000;20;3;11;5;1;0;
EBT;UF;4104907;53.0000;6;0;2;3;1;0;
EBT;UF;4105003;1.0000;1;0;1;0;0;0;
EBT;UF;4105409;3.0000;2;0;2;0;0;0;
EBT;UF;4105508;6.0000;2;0;1;1;0;0;
EBT;UF;4105805;37.0000;9;2;2;5;0;0;
EBT;UF;4106407;4.0000;1;0;0;1;0;0;
EBT;UF;4106902;896.6250;139;8;33;92;5;1;
EBT;UF;4107652;16.0000;2;0;0;2;0;0;
EBT;UF;4108304;64.7500;11;2;4;4;1;0;
EBT;UF;4108403;4.0000;1;0;0;1;0;0;
EBT;UF;4109401;5.0000;4;0;4;0;0;0;
EBT;UF;4109609;4.0000;1;0;0;1;0;0;
EBT;UF;4109807;6.2500;4;1;3;0;0;0;
EBT;UF;4110102;46.0000;3;0;0;2;1;0;
EBT;UF;4110706;4.1250;2;1;0;1;0;0;
EBT;UF;4111803;4.0000;1;0;0;1;0;0;
EBT;UF;4113007;4.0000;1;0;0;1;0;0;
EBT;UF;4113205;1.0000;2;2;0;0;0;0;
EBT;UF;4113700;48.5000;15;2;4;9;0;0;
EBT;UF;4114104;2.0000;1;0;1;0;0;0;
EBT;UF;4114807;12.0000;2;0;0;2;0;0;
EBT;UF;4115200;93.0000;16;0;4;11;1;0;
EBT;UF;4115804;2.0000;1;0;1;0;0;0;
EBT;UF;4116604;4.0000;1;0;0;1;0;0;
EBT;UF;4117305;44.0000;4;0;0;3;1;0;
EBT;UF;4118204;20.0000;6;0;2;4;0;0;
EBT;UF;4118402;1.2500;2;1;1;0;0;0;
EBT;UF;4118501;4.0000;3;0;3;0;0;0;
EBT;UF;4119152;32.0000;8;0;2;6;0;0;
EBT;UF;4119509;0.0625;1;1;0;0;0;0;
EBT;UF;4119905;46.0000;14;1;7;6;0;0;
EBT;UF;4120804;24.0000;4;0;0;4;0;0;
EBT;UF;4122206;20.0000;3;0;0;3;0;0;
EBT;UF;4122305;3.0000;2;0;2;0;0;0;
EBT;UF;4122404;6.0000;2;0;1;1;0;0;
EBT;UF;4124020;5.0000;2;0;1;1;0;0;
EBT;UF;4125506;129.0000;25;0;7;18;0;0;
EBT;UF;4127106;7.0000;3;0;2;1;0;0;
EBT;UF;4127205;1.0000;1;0;1;0;0;0;
EBT;UF;4127304;0.2500;1;1;0;0;0;0;
EBT;UF;4127601;8.0000;1;0;0;1;0;0;
EBT;UF;4127700;28.0000;10;0;6;4;0;0;
EBT;UF;4128104;12.0000;4;0;2;2;0;0;
EBT;UF;4128401;8.0000;1;0;0;1;0;0;
EBT;UF;4128708;6.0000;2;0;1;1;0;0;
EBT;UF;4201208;1.0000;1;0;1;0;0;0;
EBT;UF;4201307;8.0000;3;0;2;1;0;0;
EBT;UF;4201406;40.5000;10;1;4;5;0;0;
EBT;UF;4202008;16.0000;2;0;0;2;0;0;
EBT;UF;4202107;10.0000;2;0;1;1;0;0;
EBT;UF;4202305;15.5625;10;3;6;1;0;0;
EBT;UF;4202404;398.0000;54;6;25;19;3;1;
EBT;UF;4202800;7.5000;5;2;2;1;0;0;
EBT;UF;4202909;49.5625;16;2;9;5;0;0;
EBT;UF;4203006;46.5000;12;1;5;6;0;0;
EBT;UF;4203204;6.0000;2;0;1;1;0;0;
EBT;UF;4203907;8.0000;2;0;0;2;0;0;
EBT;UF;4203956;7.5000;3;0;2;1;0;0;
EBT;UF;4204202;55.0000;18;3;6;9;0;0;
EBT;UF;4204251;4.5000;2;1;0;1;0;0;
EBT;UF;4204301;106.0000;10;0;3;5;2;0;
EBT;UF;4204558;60.5000;9;1;4;3;1;0;
EBT;UF;4204608;143.5000;29;7;9;11;2;0;
EBT;UF;4204806;8.2500;2;1;0;1;0;0;
EBT;UF;4205308;6.0000;2;0;1;1;0;0;
EBT;UF;4205407;225.6250;46;5;16;23;2;0;
EBT;UF;4205456;18.7500;8;2;5;1;0;0;
EBT;UF;4205506;4.0000;1;0;0;1;0;0;
EBT;UF;4205704;32.0000;1;0;0;0;1;0;
EBT;UF;4205902;10.0000;2;0;1;1;0;0;
EBT;UF;4206207;4.0625;3;1;2;0;0;0;
EBT;UF;4206504;30.0000;6;0;3;3;0;0;
EBT;UF;4206702;6.0000;2;0;1;1;0;0;
EBT;UF;4207007;19.2500;11;1;8;2;0;0;
EBT;UF;4207304;14.0000;3;0;1;2;0;0;
EBT;UF;4207502;17.0000;5;0;3;2;0;0;
EBT;UF;4208104;4.0000;1;0;0;1;0;0;
EBT;UF;4208203;184.5000;36;5;8;22;1;0;
EBT;UF;4208807;8.2500;4;1;2;1;0;0;
EBT;UF;4208906;60.1875;15;2;2;11;0;0;
EBT;UF;4209003;25.5000;7;1;1;5;0;0;
EBT;UF;4209102;148.7500;25;2;4;18;1;0;
EBT;UF;4209300;68.7500;12;2;3;6;1;0;
EBT;UF;4209409;16.2500;6;1;4;1;0;0;
EBT;UF;4210100;49.0000;5;0;1;3;1;0;
EBT;UF;4210407;1.0000;2;2;0;0;0;0;
EBT;UF;4210605;6.0000;2;0;1;1;0;0;
EBT;UF;4211207;19.0000;4;0;1;3;0;0;
EBT;UF;4211306;8.0000;4;0;4;0;0;0;
EBT;UF;4211603;36.0000;2;0;0;1;1;0;
EBT;UF;4211900;69.5000;24;1;19;3;1;0;
EBT;UF;4212908;2.0000;1;0;1;0;0;0;
EBT;UF;4213203;76.0000;11;0;4;5;2;0;
EBT;UF;4213500;0.5000;1;1;0;0;0;0;
EBT;UF;4213609;1.0000;1;0;1;0;0;0;
EBT;UF;4215000;46.0000;12;0;9;2;1;0;
EBT;UF;4215505;2.0000;1;0;1;0;0;0;
EBT;UF;4215802;38.0000;9;0;4;5;0;0;
EBT;UF;4216206;28.0000;6;0;2;4;0;0;
EBT;UF;4216602;161.5000;4;1;1;1;0;1;
EBT;UF;4217006;64.0000;2;0;0;0;2;0;
EBT;UF;4217402;4.0000;1;0;0;1;0;0;
EBT;UF;4217501;8.0000;1;0;0;1;0;0;
EBT;UF;4217600;11.0000;6;0;5;1;0;0;
EBT;UF;4217709;4.0000;1;0;0;1;0;0;
EBT;UF;4218004;59.5000;17;1;9;7;0;0;
EBT;UF;4218202;2.0000;1;0;1;0;0;0;
EBT;UF;4218509;2.0000;1;0;1;0;0;0;
EBT;UF;4218707;37.0625;11;1;5;5;0;0;
EBT;UF;4218905;2.0000;1;0;1;0;0;0;
EBT;UF;4219176;13.0000;4;0;3;1;0;0;
EBT;UF;4219309;34.0000;7;0;3;4;0;0;
EBT;UF;4219507;10.0000;3;0;2;1;0;0;
EBT;UF;4300604;26.7500;10;1;6;3;0;0;
EBT;UF;4301008;9.0000;2;0;1;1;0;0;
EBT;UF;4301636;2.0000;1;0;1;0;0;0;
EBT;UF;4302105;128.0000;24;0;2;22;0;0;
EBT;UF;4302352;10.0000;2;0;1;1;0;0;
EBT;UF;4302709;2.0000;2;0;2;0;0;0;
EBT;UF;4303004;2.0000;1;0;1;0;0;0;
EBT;UF;4303103;219.6875;17;3;4;9;0;1;
EBT;UF;4303509;6.7500;4;2;1;1;0;0;
EBT;UF;4303905;100.0000;16;0;2;13;1;0;
EBT;UF;4304408;32.0000;5;0;0;5;0;0;
EBT;UF;4304606;411.3125;73;7;18;44;3;1;
EBT;UF;4304705;27.0625;8;1;2;5;0;0;
EBT;UF;4304804;35.0000;6;0;2;3;1;0;
EBT;UF;4305108;336.2500;66;4;6;56;0;0;
EBT;UF;4305306;16.0000;3;0;0;3;0;0;
EBT;UF;4305355;11.0000;3;0;2;1;0;0;
EBT;UF;4305959;2.0000;2;0;2;0;0;0;
EBT;UF;4306106;24.0000;3;0;0;2;1;0;
EBT;UF;4306403;48.0000;6;0;2;3;1;0;
EBT;UF;4306767;239.0625;10;1;2;4;2;1;
EBT;UF;4307005;90.0000;23;0;10;13;0;0;
EBT;UF;4307054;4.0000;1;0;0;1;0;0;
EBT;UF;4307203;36.0000;2;0;1;0;1;0;
EBT;UF;4307559;4.0000;1;0;0;1;0;0;
EBT;UF;4307609;14.5000;5;1;3;1;0;0;
EBT;UF;4307708;64.0625;23;3;12;8;0;0;
EBT;UF;4307807;43.0000;11;0;4;7;0;0;
EBT;UF;4307906;60.0000;12;0;2;10;0;0;
EBT;UF;4308078;4.0000;1;0;0;1;0;0;
EBT;UF;4308102;4.0000;1;0;0;1;0;0;
EBT;UF;4308201;16.0000;5;0;2;3;0;0;
EBT;UF;4308607;12.0000;2;0;0;2;0;0;
EBT;UF;4308904;3.0000;2;0;2;0;0;0;
EBT;UF;4309050;2.0000;1;0;1;0;0;0;
EBT;UF;4309100;26.0000;5;0;1;4;0;0;
EBT;UF;4309209;223.0000;49;2;16;29;2;0;
EBT;UF;4309308;27.1250;10;3;4;3;0;0;
EBT;UF;4309407;24.0000;6;0;2;4;0;0;
EBT;UF;4309605;6.0000;2;0;1;1;0;0;
EBT;UF;4310009;41.0000;4;0;1;1;2;0;
EBT;UF;4310108;28.0000;4;0;0;4;0;0;
EBT;UF;4310207;121.0000;25;0;13;9;3;0;
EBT;UF;4310405;4.0000;1;0;0;1;0;0;
EBT;UF;4310439;0.1250;1;1;0;0;0;0;
EBT;UF;4310801;24.0000;7;0;4;3;0;0;
EBT;UF;4311403;64.0000;16;0;8;8;0;0;
EBT;UF;4311627;8.0000;1;0;0;1;0;0;
EBT;UF;4311809;27.0000;7;0;3;4;0;0;
EBT;UF;4312138;2.0000;1;0;1;0;0;0;
EBT;UF;4312401;91.5000;24;2;9;12;1;0;
EBT;UF;4312476;4.0000;1;0;0;1;0;0;
EBT;UF;4312658;18.0000;3;0;1;2;0;0;
EBT;UF;4312757;2.0000;1;0;1;0;0;0;
EBT;UF;4312906;10.0000;3;0;1;2;0;0;
EBT;UF;4313060;14.5000;5;1;3;1;0;0;
EBT;UF;4313201;12.0000;2;0;0;2;0;0;
EBT;UF;4313300;25.0000;5;0;1;4;0;0;
EBT;UF;4313375;43.5000;15;0;10;5;0;0;
EBT;UF;4313409;154.0000;44;1;20;23;0;0;
EBT;UF;4313508;8.0000;1;0;0;1;0;0;
EBT;UF;4313904;73.0000;9;2;0;6;1;0;
EBT;UF;4314050;8.0000;1;0;0;1;0;0;
EBT;UF;4314076;0.5000;1;1;0;0;0;0;
EBT;UF;4314100;94.3750;28;4;7;17;0;0;
EBT;UF;4314407;56.5000;16;1;8;7;0;0;
EBT;UF;4314803;44.0000;9;0;2;7;0;0;
EBT;UF;4314902;1010.3125;174;18;44;105;6;1;
EBT;UF;4315602;86.5000;18;1;8;7;2;0;
EBT;UF;4315701;4.0000;1;0;0;1;0;0;
EBT;UF;4316709;4.2500;2;1;0;1;0;0;
EBT;UF;4316808;150.3750;35;2;12;21;0;0;
EBT;UF;4316907;80.3750;19;2;4;13;0;0;
EBT;UF;4317202;70.0000;14;1;5;7;1;0;
EBT;UF;4317509;60.0000;13;0;4;9;0;0;
EBT;UF;4317905;18.0000;3;0;1;2;0;0;
EBT;UF;4318481;2.0000;1;0;1;0;0;0;
EBT;UF;4318705;143.2500;32;1;13;17;1;0;
EBT;UF;4319000;4.0000;1;0;0;1;0;0;
EBT;UF;4319505;4.0000;1;0;0;1;0;0;
EBT;UF;4319802;2.0000;1;0;1;0;0;0;
EBT;UF;4319901;45.0000;13;0;7;6;0;0;
EBT;UF;4320008;90.0000;14;1;4;8;1;0;
EBT;UF;4320107;6.0000;2;0;1;1;0;0;
EBT;UF;4320404;38.0000;2;0;0;1;1;0;
EBT;UF;4321105;4.0000;1;0;0;1;0;0;
EBT;UF;4321204;2.0000;1;0;1;0;0;0;
EBT;UF;4321303;26.0000;4;0;1;2;1;0;
EBT;UF;4321436;4.0000;1;0;0;1;0;0;
EBT;UF;4321451;182.0000;5;0;2;1;1;1;
EBT;UF;4321501;4.0000;1;0;0;1;0;0;
EBT;UF;4321808;4.0000;1;0;0;1;0;0;
EBT;UF;4322004;145.5000;23;2;10;9;2;0;
EBT;UF;4322251;5.0000;2;0;1;1;0;0;
EBT;UF;4322301;4.0000;1;0;0;1;0;0;
EBT;UF;4322400;40.0000;15;0;10;5;0;0;
EBT;UF;4322509;63.2500;16;1;6;9;0;0;
EBT;UF;4322608;161.7500;28;3;10;12;3;0;
EBT;UF;4322707;11.0000;5;0;4;1;0;0;
EBT;UF;4322806;30.5000;9;1;3;5;0;0;
EBT;UF;4323002;34.5000;8;1;1;6;0;0;
EBT;UF;4323309;8.5000;2;1;0;1;0;0;
EBT;UF;4323804;8.0000;1;0;0;1;0;0;
EBT;UF;5000203;8.0000;2;0;0;2;0;0;
EBT;UF;5000609;2.0000;1;0;1;0;0;0;
EBT;UF;5000856;2.0000;1;0;1;0;0;0;
EBT;UF;5001003;4.0000;3;0;3;0;0;0;
EBT;UF;5001904;38.2500;6;1;0;5;0;0;
EBT;UF;5002407;2.0000;1;0;1;0;0;0;
EBT;UF;5002704;462.5625;61;6;21;24;10;0;
EBT;UF;5003207;6.0000;3;0;3;0;0;0;
EBT;UF;5003306;28.0000;8;0;4;4;0;0;
EBT;UF;5003504;1.0000;1;0;1;0;0;0;
EBT;UF;5003702;97.7500;18;2;8;7;1;0;
EBT;UF;5005707;6.2500;3;1;1;1;0;0;
EBT;UF;5006002;18.5000;6;1;3;2;0;0;
EBT;UF;5006309;9.5000;3;1;1;1;0;0;
EBT;UF;5007109;8.0000;1;0;0;1;0;0;
EBT;UF;5007208;12.2500;5;1;2;2;0;0;
EBT;UF;5007802;1.0000;1;0;1;0;0;0;
EBT;UF;5007901;42.2500;5;1;2;1;1;0;
EBT;UF;5008305;112.8750;34;6;16;11;1;0;
EBT;UF;5100102;2.0000;1;0;1;0;0;0;
EBT;UF;5100300;11.5000;5;3;1;1;0;0;
EBT;UF;5100409;8.0000;2;0;0;2;0;0;
EBT;UF;5101803;32.0000;12;0;7;5;0;0;
EBT;UF;5102504;28.6250;14;2;10;2;0;0;
EBT;UF;5103007;13.0000;6;0;5;1;0;0;
EBT;UF;5103403;287.3125;86;19;32;33;2;0;
EBT;UF;5104609;11.2500;10;5;5;0;0;0;
EBT;UF;5104807;6.0000;3;0;3;0;0;0;
EBT;UF;5105259;7.5000;6;3;3;0;0;0;
EBT;UF;5105622;22.5000;9;3;4;2;0;0;
EBT;UF;5106372;5.0000;4;0;4;0;0;0;
EBT;UF;5106752;5.2500;4;1;3;0;0;0;
EBT;UF;5107107;32.0000;2;0;0;0;2;0;
EBT;UF;5107198;2.0000;1;0;1;0;0;0;
EBT;UF;5107602;92.8125;42;5;29;8;0;0;
EBT;UF;5107800;8.0000;2;0;0;2;0;0;
EBT;UF;5107909;28.2500;10;1;6;3;0;0;
EBT;UF;5107925;4.0000;1;0;0;1;0;0;
EBT;UF;5107958;4.0000;1;0;0;1;0;0;
EBT;UF;5108402;98.5000;33;1;21;11;0;0;
EBT;UF;5200308;19.0000;5;0;2;3;0;0;
EBT;UF;5201108;201.5000;54;3;19;32;0;0;
EBT;UF;5201405;267.3125;62;6;19;36;1;0;
EBT;UF;5203302;26.0000;6;0;2;4;0;0;
EBT;UF;5204854;2.0000;1;0;1;0;0;0;
EBT;UF;5205109;66.7500;17;2;6;9;0;0;
EBT;UF;5205406;2.0000;1;0;1;0;0;0;
EBT;UF;5205455;6.5000;3;1;1;1;0;0;
EBT;UF;5205497;8.0000;1;0;0;1;0;0;
EBT;UF;5206206;14.5000;5;1;1;3;0;0;
EBT;UF;5208707;750.9375;160;8;43;105;4;0;
EBT;UF;5208806;24.0000;6;0;4;2;0;0;
EBT;UF;5209200;10.0000;2;0;1;1;0;0;
EBT;UF;5210000;9.0000;4;0;3;1;0;0;
EBT;UF;5210109;8.2500;2;1;0;1;0;0;
EBT;UF;5211503;75.5000;12;1;2;8;1;0;
EBT;UF;5211800;4.0000;1;0;0;1;0;0;
EBT;UF;5211909;115.0000;33;5;13;15;0;0;
EBT;UF;5212501;68.0625;34;6;21;7;0;0;
EBT;UF;5213103;12.5000;4;1;2;1;0;0;
EBT;UF;5213806;8.0000;1;0;0;1;0;0;
EBT;UF;5214507;16.0000;2;0;0;2;0;0;
EBT;UF;5215231;4.0000;1;0;0;1;0;0;
EBT;UF;5215702;10.0000;2;0;1;1;0;0;
EBT;UF;5218003;1.0000;2;2;0;0;0;0;
EBT;UF;5218789;4.0000;1;0;0;1;0;0;
EBT;UF;5218805;90.0000;24;0;10;14;0;0;
EBT;UF;5220454;20.0000;4;0;0;4;0;0;
EBT;UF;5221403;16.5000;5;1;0;4;0;0;
EBT;UF;5221601;20.7500;11;2;7;2;0;0;
EBT;UF;5221858;4.5000;2;1;0;1;0;0;
EBT;UF;5300108;811.2500;228;43;91;89;5;0;
TLB;UF;4304705;4.0000;1;0;0;1;0;0;
TLB;UF;5208707;4.0000;1;0;0;1;0;0;
09;1197;
