01;CLA;IPL4;201506;
EBT;UF;1302603;34.0000;7;0;4;3;0;0;
EBT;UF;1501402;3.0000;2;0;2;0;0;0;
EBT;UF;2111300;131.6875;33;22;8;1;0;2;
EBT;UF;2211001;358.6289;19;8;4;0;0;7;
EBT;UF;2304400;2.0000;1;0;1;0;0;0;
EBT;UF;2403251;13.7813;5;2;2;1;0;0;
EBT;UF;2408102;219.8594;30;11;11;5;0;3;
EBT;UF;2507507;96.2813;16;2;10;3;0;1;
EBT;UF;2607901;6.5000;4;1;3;0;0;0;
EBT;UF;2609600;1.0000;1;0;1;0;0;0;
EBT;UF;2610707;3.0000;2;0;2;0;0;0;
EBT;UF;2611606;227.6602;16;1;10;1;0;4;
EBT;UF;2704302;38.1250;13;6;4;3;0;0;
EBT;UF;2919207;2.0000;1;0;1;0;0;0;
EBT;UF;2927408;159.3984;23;16;4;0;0;3;
EBT;UF;3101607;2.0000;1;0;1;0;0;0;
EBT;UF;3103751;0.2500;1;1;0;0;0;0;
EBT;UF;3105608;2.0000;1;0;1;0;0;0;
EBT;UF;3106200;963.1992;328;61;251;4;0;12;
EBT;UF;3106309;4.0000;1;0;0;1;0;0;
EBT;UF;3106705;0.5000;1;1;0;0;0;0;
EBT;UF;3107406;2.0000;1;0;1;0;0;0;
EBT;UF;3110004;2.0000;1;0;1;0;0;0;
EBT;UF;3111200;1.0000;1;0;1;0;0;0;
EBT;UF;3113404;0.5000;1;1;0;0;0;0;
EBT;UF;3118304;2.0000;1;0;1;0;0;0;
EBT;UF;3118601;1.2500;2;1;1;0;0;0;
EBT;UF;3118908;0.2500;1;1;0;0;0;0;
EBT;UF;3119104;1.0000;1;0;1;0;0;0;
EBT;UF;3119302;1.0000;1;0;1;0;0;0;
EBT;UF;3119401;0.5000;1;1;0;0;0;0;
EBT;UF;3122306;0.5000;1;1;0;0;0;0;
EBT;UF;3123700;2.0000;1;0;1;0;0;0;
EBT;UF;3124104;2.0000;1;0;1;0;0;0;
EBT;UF;3125101;0.5000;1;1;0;0;0;0;
EBT;UF;3127701;1.9648;2;1;1;0;0;0;
EBT;UF;3131307;0.5000;1;1;0;0;0;0;
EBT;UF;3131703;4.9297;3;0;3;0;0;0;
EBT;UF;3132404;0.2500;1;1;0;0;0;0;
EBT;UF;3135100;3.5000;3;1;2;0;0;0;
EBT;UF;3135803;2.0000;1;0;1;0;0;0;
EBT;UF;3136207;0.5000;1;1;0;0;0;0;
EBT;UF;3136702;1.0000;1;0;1;0;0;0;
EBT;UF;3138203;0.2500;1;1;0;0;0;0;
EBT;UF;3139409;9.5000;5;1;3;1;0;0;
EBT;UF;3139508;1.0000;1;0;1;0;0;0;
EBT;UF;3144300;0.5000;1;1;0;0;0;0;
EBT;UF;3144409;1.0000;1;0;1;0;0;0;
EBT;UF;3144805;53.8555;4;1;2;0;0;1;
EBT;UF;3147105;2.0000;1;0;1;0;0;0;
EBT;UF;3147907;2.0000;1;0;1;0;0;0;
EBT;UF;3151800;4.0000;2;0;2;0;0;0;
EBT;UF;3152105;12.0000;2;0;1;1;0;0;
EBT;UF;3154606;0.5000;1;1;0;0;0;0;
EBT;UF;3156700;1.4648;1;0;1;0;0;0;
EBT;UF;3156908;1.0000;1;0;1;0;0;0;
EBT;UF;3157807;1.0000;1;0;1;0;0;0;
EBT;UF;3158953;2.0000;1;0;1;0;0;0;
EBT;UF;3160702;4.0000;2;0;2;0;0;0;
EBT;UF;3162500;2.5000;2;1;1;0;0;0;
EBT;UF;3167202;8.0000;4;0;4;0;0;0;
EBT;UF;3168101;4.0000;2;0;2;0;0;0;
EBT;UF;3168705;6.0000;3;0;3;0;0;0;
EBT;UF;3169307;0.5000;1;1;0;0;0;0;
EBT;UF;3169802;1.0000;1;0;1;0;0;0;
EBT;UF;3170107;1.0000;1;0;1;0;0;0;
EBT;UF;3170206;2.7500;3;2;1;0;0;0;
EBT;UF;3170701;2.0000;1;0;1;0;0;0;
EBT;UF;3202454;0.2500;1;1;0;0;0;0;
EBT;UF;3205002;15.0000;6;3;2;1;0;0;
EBT;UF;3205200;129.8906;32;6;21;3;1;1;
EBT;UF;3205309;382.5313;84;8;49;22;3;2;
EBT;UF;3300100;4.0000;2;0;2;0;0;0;
EBT;UF;3300308;0.3125;2;2;0;0;0;0;
EBT;UF;3300407;2.5000;2;1;1;0;0;0;
EBT;UF;3300456;7.0898;7;3;4;0;0;0;
EBT;UF;3301702;70.9648;11;1;7;2;0;1;
EBT;UF;3301900;2.0000;1;0;1;0;0;0;
EBT;UF;3302858;57.3125;15;11;3;0;0;1;
EBT;UF;3303203;6.9658;9;6;3;0;0;0;
EBT;UF;3303500;22.9189;18;5;13;0;0;0;
EBT;UF;3303708;1.0000;1;0;1;0;0;0;
EBT;UF;3304201;2.0000;2;0;2;0;0;0;
EBT;UF;3304557;1770.2461;688;105;386;190;0;7;
EBT;UF;3305109;3.0000;2;0;2;0;0;0;
EBT;UF;3305802;0.2500;1;1;0;0;0;0;
EBT;UF;3306206;0.2500;1;1;0;0;0;0;
EBT;UF;3306305;2.0000;1;0;1;0;0;0;
EBT;UF;3501608;346.3320;30;14;12;2;0;2;
EBT;UF;3502507;9.7148;11;5;6;0;0;0;
EBT;UF;3502804;41.1758;20;3;15;2;0;0;
EBT;UF;3503208;36.0273;31;17;13;1;0;0;
EBT;UF;3503307;5.3125;10;7;3;0;0;0;
EBT;UF;3504107;30.2813;23;12;10;1;0;0;
EBT;UF;3505708;456.2930;115;58;53;1;0;3;
EBT;UF;3506003;161.9844;54;13;39;0;0;2;
EBT;UF;3506607;4.0000;2;0;2;0;0;0;
EBT;UF;3507605;31.1875;23;11;11;1;0;0;
EBT;UF;3508504;6.7031;8;3;5;0;0;0;
EBT;UF;3508603;10.0000;1;0;0;1;0;0;
EBT;UF;3509007;2.0000;1;0;1;0;0;0;
EBT;UF;3509205;11.2500;12;7;5;0;0;0;
EBT;UF;3509502;229.1680;115;35;77;1;0;2;
EBT;UF;3510401;56.1055;9;5;3;0;0;1;
EBT;UF;3510609;33.2461;25;10;14;1;0;0;
EBT;UF;3513009;50.3828;36;8;28;0;0;0;
EBT;UF;3513405;9.7148;9;4;5;0;0;0;
EBT;UF;3513504;1.5625;3;2;1;0;0;0;
EBT;UF;3513801;22.7891;20;4;16;0;0;0;
EBT;UF;3514908;3.7148;3;1;2;0;0;0;
EBT;UF;3515004;27.0313;20;6;14;0;0;0;
EBT;UF;3515707;5.0000;3;0;3;0;0;0;
EBT;UF;3516309;2.5000;2;1;1;0;0;0;
EBT;UF;3516408;8.2500;3;1;0;2;0;0;
EBT;UF;3518305;6.0000;3;0;3;0;0;0;
EBT;UF;3518404;13.4297;16;8;8;0;0;0;
EBT;UF;3518701;17.6680;25;15;10;0;0;0;
EBT;UF;3518800;110.1367;45;22;22;0;0;1;
EBT;UF;3520509;18.9648;9;1;7;1;0;0;
EBT;UF;3522208;12.2148;12;5;7;0;0;0;
EBT;UF;3522307;46.8125;28;10;16;2;0;0;
EBT;UF;3522505;29.0586;19;3;16;0;0;0;
EBT;UF;3524402;5.4375;6;3;3;0;0;0;
EBT;UF;3525003;1.6250;5;5;0;0;0;0;
EBT;UF;3525300;35.6016;16;5;9;2;0;0;
EBT;UF;3525904;27.9766;30;15;15;0;0;0;
EBT;UF;3526902;67.7461;17;4;12;0;0;1;
EBT;UF;3527207;6.7422;7;3;4;0;0;0;
EBT;UF;3528502;0.5000;1;1;0;0;0;0;
EBT;UF;3529005;10.0000;1;0;0;1;0;0;
EBT;UF;3529401;11.5000;16;7;9;0;0;0;
EBT;UF;3530607;22.5195;21;8;13;0;0;0;
EBT;UF;3530706;18.4219;16;3;13;0;0;0;
EBT;UF;3530805;9.4648;10;4;6;0;0;0;
EBT;UF;3531803;3.2148;4;2;2;0;0;0;
EBT;UF;3533403;0.5000;1;1;0;0;0;0;
EBT;UF;3534401;95.9375;85;38;45;2;0;0;
EBT;UF;3538006;28.0000;8;0;6;2;0;0;
EBT;UF;3538709;51.1406;24;8;13;3;0;0;
EBT;UF;3539806;0.5000;2;2;0;0;0;0;
EBT;UF;3540606;4.5000;5;1;4;0;0;0;
EBT;UF;3541000;6.0898;11;8;3;0;0;0;
EBT;UF;3543303;3.0000;2;0;2;0;0;0;
EBT;UF;3543402;714.7519;113;28;73;0;0;12;
EBT;UF;3543907;10.0273;10;5;5;0;0;0;
EBT;UF;3545001;8.0000;4;0;4;0;0;0;
EBT;UF;3545209;5.2461;7;3;4;0;0;0;
EBT;UF;3545803;16.9258;18;8;10;0;0;0;
EBT;UF;3546801;1.0000;1;0;1;0;0;0;
EBT;UF;3547304;12.8125;11;5;6;0;0;0;
EBT;UF;3547809;47.8164;52;25;27;0;0;0;
EBT;UF;3548500;152.2422;66;31;33;0;0;2;
EBT;UF;3548708;162.4180;74;39;33;0;0;2;
EBT;UF;3548807;27.8867;31;11;20;0;0;0;
EBT;UF;3548906;140.9023;38;15;20;1;0;2;
EBT;UF;3549805;91.8164;55;11;41;3;0;0;
EBT;UF;3549904;72.0351;66;23;43;0;0;0;
EBT;UF;3550308;2284.2332;1411;479;911;5;1;15;
EBT;UF;3551009;14.7070;20;11;9;0;0;0;
EBT;UF;3551702;56.5547;8;1;6;0;0;1;
EBT;UF;3552205;51.1738;35;10;24;1;0;0;
EBT;UF;3552403;7.7148;7;3;4;0;0;0;
EBT;UF;3552502;4.5000;4;2;2;0;0;0;
EBT;UF;3552809;26.4297;21;6;15;0;0;0;
EBT;UF;3554102;544.6758;14;1;10;2;0;1;
EBT;UF;3554508;4.0000;2;0;2;0;0;0;
EBT;UF;3556206;6.3945;5;0;5;0;0;0;
EBT;UF;3556453;3.4297;3;1;2;0;0;0;
EBT;UF;4106902;294.2265;233;133;97;1;0;2;
EBT;UF;4113700;155.6719;44;8;34;0;0;2;
EBT;UF;4115200;237.8672;39;13;22;0;0;4;
EBT;UF;4119905;19.8594;17;6;11;0;0;0;
EBT;UF;4202404;64.0117;56;15;40;1;0;0;
EBT;UF;4205407;87.0557;51;29;21;0;0;1;
EBT;UF;4305108;276.6016;35;17;13;0;0;5;
EBT;UF;4314100;12.6445;15;9;6;0;0;0;
EBT;UF;4314407;15.3945;18;12;6;0;0;0;
EBT;UF;4314902;816.7109;196;105;85;2;1;3;
EBT;UF;4316907;17.3945;15;6;9;0;0;0;
EBT;UF;4322400;5.5000;5;3;2;0;0;0;
EBT;UF;5002704;96.8125;23;5;10;8;0;0;
EBT;UF;5103403;133.7578;57;26;27;3;0;1;
EBT;UF;5108402;37.2500;22;11;9;2;0;0;
EBT;UF;5208707;251.3555;22;4;11;3;0;4;
EBT;UF;5300108;170.1484;78;47;27;2;0;2;
09;185;
