01;CLA;IPL4;201701;
EBT;UF;1100023;214.1250;50;4;39;4;2;1;
EBT;UF;1100031;0.5000;1;1;0;0;0;0;
EBT;UF;1100049;246.9375;85;17;54;12;2;0;
EBT;UF;1100056;0.7500;2;2;0;0;0;0;
EBT;UF;1100064;1.0000;1;0;1;0;0;0;
EBT;UF;1100080;0.3750;2;2;0;0;0;0;
EBT;UF;1100106;40.0000;10;0;7;2;1;0;
EBT;UF;1100114;108.0000;15;0;11;2;2;0;
EBT;UF;1100122;1299.1875;192;15;143;17;12;5;
EBT;UF;1100155;81.0000;8;0;5;0;3;0;
EBT;UF;1100189;174.3125;39;9;23;4;2;1;
EBT;UF;1100205;28027.1250;937;102;558;174;43;60;
EBT;UF;1100288;7.0000;4;0;4;0;0;0;
EBT;UF;1100296;1.0000;1;0;1;0;0;0;
EBT;UF;1100304;742.3750;144;17;100;17;8;2;
EBT;UF;1100346;1.0000;1;0;1;0;0;0;
EBT;UF;1100379;0.0625;1;1;0;0;0;0;
EBT;UF;1100452;1.0000;1;0;1;0;0;0;
EBT;UF;1100601;0.5000;1;1;0;0;0;0;
EBT;UF;1100809;0.5000;1;1;0;0;0;0;
EBT;UF;1100924;2.0000;1;0;1;0;0;0;
EBT;UF;1101005;2.0000;2;0;2;0;0;0;
EBT;UF;1101468;0.5000;1;1;0;0;0;0;
EBT;UF;1101492;0.5000;1;1;0;0;0;0;
EBT;UF;1101500;1.1250;2;1;1;0;0;0;
EBT;UF;1200054;4.5000;4;1;3;0;0;0;
EBT;UF;1200138;119.0000;8;0;5;2;0;1;
EBT;UF;1200203;17.0000;9;0;9;0;0;0;
EBT;UF;1200252;0.6875;3;3;0;0;0;0;
EBT;UF;1200401;26253.0000;547;63;301;118;29;36;
EBT;UF;1200450;3.0000;2;0;2;0;0;0;
EBT;UF;1301100;8.0000;5;0;5;0;0;0;
EBT;UF;1301704;1640.3125;21;4;8;1;1;7;
EBT;UF;1301852;2.0000;1;0;1;0;0;0;
EBT;UF;1302603;91784.1875;1339;177;723;284;89;66;
EBT;UF;1303403;2.5000;3;2;1;0;0;0;
EBT;UF;1400100;1288.5625;190;10;106;59;13;2;
EBT;UF;1500107;1.0000;1;0;1;0;0;0;
EBT;UF;1500602;2.0000;1;0;1;0;0;0;
EBT;UF;1500800;50685.9316;227;14;113;73;10;17;
EBT;UF;1501303;28.0000;6;0;4;2;0;0;
EBT;UF;1501402;141249.660;1238;69;515;399;127;128;
EBT;UF;1501501;102.1250;40;6;27;7;0;0;
EBT;UF;1501709;2.2500;2;1;1;0;0;0;
EBT;UF;1501956;0.5000;1;1;0;0;0;0;
EBT;UF;1502202;207.0000;9;0;1;4;3;1;
EBT;UF;1502301;4.0000;2;0;2;0;0;0;
EBT;UF;1502400;158.5156;37;3;24;8;2;0;
EBT;UF;1502939;1.0000;1;0;1;0;0;0;
EBT;UF;1503309;1.0000;1;0;1;0;0;0;
EBT;UF;1503457;4.0000;2;0;2;0;0;0;
EBT;UF;1503606;6.0000;3;0;3;0;0;0;
EBT;UF;1503903;3.0000;2;0;2;0;0;0;
EBT;UF;1504208;688.4922;169;37;96;24;10;2;
EBT;UF;1504422;320.4492;89;18;44;23;4;0;
EBT;UF;1504703;2.0000;1;0;1;0;0;0;
EBT;UF;1505304;1.0000;1;0;1;0;0;0;
EBT;UF;1505502;292.0000;21;0;15;2;2;2;
EBT;UF;1505536;2.0000;1;0;1;0;0;0;
EBT;UF;1506104;4.0000;2;0;2;0;0;0;
EBT;UF;1506138;1.0000;1;0;1;0;0;0;
EBT;UF;1506203;6.2500;6;3;3;0;0;0;
EBT;UF;1506500;2.7148;4;3;1;0;0;0;
EBT;UF;1506807;269.8438;76;14;50;9;1;2;
EBT;UF;1507003;4.0000;2;0;2;0;0;0;
EBT;UF;1507102;4.0000;2;0;2;0;0;0;
EBT;UF;1507474;4.0000;2;0;2;0;0;0;
EBT;UF;1507607;3.0000;2;0;2;0;0;0;
EBT;UF;1507904;1.0000;1;0;1;0;0;0;
EBT;UF;1508035;4.0000;2;0;2;0;0;0;
EBT;UF;1508100;0.2500;1;1;0;0;0;0;
EBT;UF;1508209;4.2500;3;1;2;0;0;0;
EBT;UF;1508308;4.0000;2;0;2;0;0;0;
EBT;UF;1600303;710.6797;159;17;100;30;10;2;
EBT;UF;1600600;24.6250;16;5;10;1;0;0;
EBT;UF;1700301;1024.0000;1;0;0;0;0;1;
EBT;UF;1700350;4.0000;3;0;3;0;0;0;
EBT;UF;1700400;0.5000;1;1;0;0;0;0;
EBT;UF;1700707;206.7500;9;2;4;1;1;1;
EBT;UF;1702000;0.2500;1;1;0;0;0;0;
EBT;UF;1702109;4606.3750;93;12;32;21;7;21;
EBT;UF;1702208;3.0000;2;0;2;0;0;0;
EBT;UF;1705508;387.5000;11;1;6;0;1;3;
EBT;UF;1706506;14.0000;1;0;0;0;1;0;
EBT;UF;1707009;5.0000;3;0;3;0;0;0;
EBT;UF;1709302;207.6875;11;4;3;2;1;1;
EBT;UF;1709500;4695.3125;29;3;11;7;0;8;
EBT;UF;1713205;10.5625;9;3;6;0;0;0;
EBT;UF;1713304;6.2500;8;4;4;0;0;0;
EBT;UF;1714203;1.0000;1;0;1;0;0;0;
EBT;UF;1714880;160.8125;7;3;3;0;0;1;
EBT;UF;1716109;1429.7500;23;2;7;4;5;5;
EBT;UF;1716505;1.0000;1;0;1;0;0;0;
EBT;UF;1718204;1121.2500;38;3;17;7;4;7;
EBT;UF;1718402;4.0000;1;0;0;1;0;0;
EBT;UF;1718865;0.5000;1;1;0;0;0;0;
EBT;UF;1721000;35186.6875;343;49;131;60;24;79;
EBT;UF;1721208;2.0000;2;0;2;0;0;0;
EBT;UF;1722081;4.0000;1;0;0;1;0;0;
EBT;UF;2100204;32.0000;1;0;0;0;1;0;
EBT;UF;2101202;98.0000;7;0;4;0;3;0;
EBT;UF;2101251;155.0000;1;0;0;0;0;1;
EBT;UF;2101400;209.2500;21;1;4;13;2;1;
EBT;UF;2102804;1.0000;1;0;1;0;0;0;
EBT;UF;2103000;1146.0000;33;0;9;11;7;6;
EBT;UF;2103307;157.0000;2;0;1;0;0;1;
EBT;UF;2103604;1.0000;1;0;1;0;0;0;
EBT;UF;2104057;18.0000;5;0;4;1;0;0;
EBT;UF;2105302;602.2969;79;3;40;30;5;1;
EBT;UF;2105427;20.0000;3;0;1;2;0;0;
EBT;UF;2107704;1.0000;1;0;1;0;0;0;
EBT;UF;2108603;4.0000;1;0;0;1;0;0;
EBT;UF;2109106;2.0000;3;2;1;0;0;0;
EBT;UF;2109601;2.0000;1;0;1;0;0;0;
EBT;UF;2109908;397.0000;14;2;7;0;1;4;
EBT;UF;2110203;0.2500;1;1;0;0;0;0;
EBT;UF;2110302;52.0000;6;0;1;5;0;0;
EBT;UF;2111201;48.1445;21;8;8;5;0;0;
EBT;UF;2111300;31201.3203;507;51;152;209;59;36;
EBT;UF;2112209;166.0000;8;0;2;2;3;1;
EBT;UF;2112902;0.1250;1;1;0;0;0;0;
EBT;UF;2114007;6.0000;3;0;3;0;0;0;
EBT;UF;2200400;33.0000;2;0;1;0;1;0;
EBT;UF;2201507;42.0000;2;0;0;1;1;0;
EBT;UF;2202000;32.0000;1;0;0;0;1;0;
EBT;UF;2202208;180.0000;5;0;0;2;2;1;
EBT;UF;2202406;64.0000;2;0;0;0;2;0;
EBT;UF;2202703;64.0000;2;0;0;0;2;0;
EBT;UF;2203701;107.0000;5;0;1;1;3;0;
EBT;UF;2203909;56.0625;7;1;2;3;1;0;
EBT;UF;2207702;150.0000;11;0;4;3;4;0;
EBT;UF;2208403;625.0000;15;0;2;2;8;3;
EBT;UF;2211001;20294.6289;410;18;97;158;118;19;
EBT;UF;2301000;288.7500;14;2;8;2;0;2;
EBT;UF;2301109;50.0000;5;0;0;4;1;0;
EBT;UF;2301901;43.6250;11;3;3;5;0;0;
EBT;UF;2302503;20.0000;2;0;0;2;0;0;
EBT;UF;2303709;55.0391;26;8;12;6;0;0;
EBT;UF;2303956;0.2500;1;1;0;0;0;0;
EBT;UF;2304103;10.2500;3;1;1;1;0;0;
EBT;UF;2304202;96.0000;8;0;3;3;2;0;
EBT;UF;2304285;262.5000;31;1;15;10;4;1;
EBT;UF;2304400;25453.4766;609;57;204;236;63;49;
EBT;UF;2305233;47.9922;13;1;8;3;1;0;
EBT;UF;2305407;56.0000;4;0;1;0;3;0;
EBT;UF;2305506;42.0000;3;0;0;2;1;0;
EBT;UF;2306256;0.5000;1;1;0;0;0;0;
EBT;UF;2306405;38.0000;5;0;0;5;0;0;
EBT;UF;2307304;354.5000;33;1;14;15;1;2;
EBT;UF;2307601;110.0000;4;0;0;2;1;1;
EBT;UF;2307650;273.7500;46;2;20;21;3;0;
EBT;UF;2307700;30.0000;3;0;0;3;0;0;
EBT;UF;2308302;18.0000;2;0;1;0;1;0;
EBT;UF;2309607;106.0000;3;0;0;0;2;1;
EBT;UF;2310704;1.0000;1;0;1;0;0;0;
EBT;UF;2311306;53.0000;5;0;1;3;1;0;
EBT;UF;2311801;72.9375;20;8;8;3;1;0;
EBT;UF;2312403;4.0000;2;0;2;0;0;0;
EBT;UF;2312908;436.3125;47;6;17;17;5;2;
EBT;UF;2313302;3.1875;4;2;2;0;0;0;
EBT;UF;2313401;722.0000;13;0;2;4;3;4;
EBT;UF;2400109;90.0000;4;0;0;3;0;1;
EBT;UF;2400802;0.5000;1;1;0;0;0;0;
EBT;UF;2403251;204.8750;54;6;29;19;0;0;
EBT;UF;2404507;1.0000;1;0;1;0;0;0;
EBT;UF;2406700;10.0000;1;0;0;1;0;0;
EBT;UF;2407104;34.0000;14;0;12;2;0;0;
EBT;UF;2407203;10.0000;1;0;0;1;0;0;
EBT;UF;2408003;719.3125;62;7;34;14;4;3;
EBT;UF;2408102;6427.9180;184;20;46;72;20;26;
EBT;UF;2412005;434.5000;22;1;10;7;1;3;
EBT;UF;2501807;91.7500;16;2;9;4;1;0;
EBT;UF;2503209;554.2500;37;1;21;11;1;3;
EBT;UF;2504009;2072.7500;65;6;14;29;6;10;
EBT;UF;2506301;42.0000;2;0;0;1;1;0;
EBT;UF;2506905;48.0000;2;0;0;0;2;0;
EBT;UF;2507507;6387.5234;288;21;115;91;35;26;
EBT;UF;2510808;207.0000;4;0;0;2;1;1;
EBT;UF;2516201;6.0000;3;0;3;0;0;0;
EBT;UF;2600054;264.0547;45;9;29;5;1;1;
EBT;UF;2601102;18.0000;1;0;0;0;1;0;
EBT;UF;2601201;90.0000;7;0;1;2;4;0;
EBT;UF;2601706;180.5000;7;1;1;1;3;1;
EBT;UF;2601904;22.0000;1;0;0;0;1;0;
EBT;UF;2602902;1435.6719;130;7;82;30;5;6;
EBT;UF;2603454;20.5000;12;1;10;1;0;0;
EBT;UF;2604007;51.0000;5;0;1;3;1;0;
EBT;UF;2604106;1686.9727;76;8;38;23;4;3;
EBT;UF;2605103;24.7891;3;0;2;0;1;0;
EBT;UF;2606002;20.5000;3;1;0;2;0;0;
EBT;UF;2606200;4.0000;2;0;2;0;0;0;
EBT;UF;2606408;146.2500;11;3;6;1;0;1;
EBT;UF;2606804;47.5000;18;1;11;6;0;0;
EBT;UF;2607208;616.2500;44;6;19;16;0;3;
EBT;UF;2607752;2.0000;1;0;1;0;0;0;
EBT;UF;2607901;1374.9258;218;21;114;69;11;3;
EBT;UF;2608909;9.5000;12;6;6;0;0;0;
EBT;UF;2609600;582.7148;69;11;31;18;7;2;
EBT;UF;2610707;489.8047;82;13;57;9;1;2;
EBT;UF;2610905;168.0000;3;0;0;0;2;1;
EBT;UF;2611101;148.5000;21;1;10;7;3;0;
EBT;UF;2611606;31654.2148;885;73;339;296;91;86;
EBT;UF;2612000;50.0000;1;0;0;0;0;1;
EBT;UF;2612208;22.0000;3;0;0;3;0;0;
EBT;UF;2613701;46.5000;10;1;5;3;1;0;
EBT;UF;2613909;167.6250;34;18;7;3;6;0;
EBT;UF;2700300;350.3125;51;4;27;18;1;1;
EBT;UF;2704302;36105.3086;389;44;138;155;26;26;
EBT;UF;2704708;2.0000;1;0;1;0;0;0;
EBT;UF;2706307;11.0000;4;0;2;2;0;0;
EBT;UF;2706703;12.0000;2;0;1;1;0;0;
EBT;UF;2707701;181.0000;18;2;15;0;0;1;
EBT;UF;2708600;2.0000;1;0;1;0;0;0;
EBT;UF;2709301;2.0000;1;0;1;0;0;0;
EBT;UF;2800308;7058.5703;320;41;113;126;17;23;
EBT;UF;2800670;2.8750;5;3;2;0;0;0;
EBT;UF;2802106;2.0000;1;0;1;0;0;0;
EBT;UF;2803203;1.0000;1;0;1;0;0;0;
EBT;UF;2804805;469.7500;65;8;34;20;1;2;
EBT;UF;2805703;22.0000;3;0;1;2;0;0;
EBT;UF;2806701;220.5625;14;3;5;3;1;2;
EBT;UF;2900702;147.0000;18;0;6;10;2;0;
EBT;UF;2901007;1.5000;2;1;1;0;0;0;
EBT;UF;2901106;1.0000;1;0;1;0;0;0;
EBT;UF;2903201;21.0000;6;0;4;2;0;0;
EBT;UF;2904605;70.2500;7;1;3;1;1;1;
EBT;UF;2904704;2.0000;1;0;1;0;0;0;
EBT;UF;2905602;130.0000;5;0;2;1;1;1;
EBT;UF;2905701;568.1250;94;6;52;32;2;2;
EBT;UF;2906501;750.0000;19;0;6;7;2;4;
EBT;UF;2906709;2.0000;1;0;1;0;0;0;
EBT;UF;2908200;4.0000;2;0;2;0;0;0;
EBT;UF;2908408;2.0000;3;2;1;0;0;0;
EBT;UF;2908507;3.0000;2;0;2;0;0;0;
EBT;UF;2909802;50.0000;5;0;1;3;1;0;
EBT;UF;2910727;372.8750;26;3;13;7;1;2;
EBT;UF;2910800;3414.6992;193;24;80;65;9;15;
EBT;UF;2912103;4.0000;1;0;0;1;0;0;
EBT;UF;2913606;1138.5000;95;1;30;52;8;4;
EBT;UF;2913705;1.0000;1;0;1;0;0;0;
EBT;UF;2914000;1.0000;1;0;1;0;0;0;
EBT;UF;2914653;8.0000;2;0;1;1;0;0;
EBT;UF;2914802;1877.1250;87;9;36;29;4;9;
EBT;UF;2914901;72.0000;2;0;0;1;0;1;
EBT;UF;2915304;2.0000;1;0;1;0;0;0;
EBT;UF;2915601;62.2500;10;1;7;0;2;0;
EBT;UF;2915809;12.0000;2;0;1;1;0;0;
EBT;UF;2916104;1.0000;1;0;1;0;0;0;
EBT;UF;2916302;2.0000;1;0;1;0;0;0;
EBT;UF;2916401;156.1875;9;2;3;1;2;1;
EBT;UF;2917102;2.0000;1;0;1;0;0;0;
EBT;UF;2917607;100.0000;1;0;0;0;0;1;
EBT;UF;2918001;431.2500;32;4;15;8;2;3;
EBT;UF;2918407;7.5156;4;0;4;0;0;0;
EBT;UF;2919207;1617.1797;75;3;36;28;3;5;
EBT;UF;2919553;2.0000;1;0;1;0;0;0;
EBT;UF;2920601;18.0000;2;0;0;2;0;0;
EBT;UF;2921005;20.2500;3;1;0;2;0;0;
EBT;UF;2921302;12.0000;3;0;1;2;0;0;
EBT;UF;2922003;14.0000;2;0;0;2;0;0;
EBT;UF;2924009;85.1250;13;1;6;4;2;0;
EBT;UF;2925006;4.0000;2;0;2;0;0;0;
EBT;UF;2925105;111.0000;3;0;1;1;0;1;
EBT;UF;2925303;334.0000;29;0;17;7;3;2;
EBT;UF;2927002;0.5000;1;1;0;0;0;0;
EBT;UF;2927408;58410.5195;1115;92;412;436;89;86;
EBT;UF;2928703;188.0000;7;0;2;2;2;1;
EBT;UF;2929206;4.0625;2;1;0;1;0;0;
EBT;UF;2929305;50.0000;1;0;0;0;0;1;
EBT;UF;2929354;4.0000;1;0;0;1;0;0;
EBT;UF;2930105;17.0000;5;0;4;1;0;0;
EBT;UF;2930709;271.0000;65;4;39;21;1;0;
EBT;UF;2931350;2476.3750;47;5;20;6;6;10;
EBT;UF;2932507;32.0000;1;0;0;0;1;0;
EBT;UF;2932903;6.2500;10;6;4;0;0;0;
EBT;UF;2933307;1414.0625;118;7;57;41;7;6;
EBT;UF;3100302;2.0000;1;0;1;0;0;0;
EBT;UF;3101508;259.2500;12;3;1;0;8;0;
EBT;UF;3101607;73.6250;34;8;23;3;0;0;
EBT;UF;3101904;21.0000;4;0;3;0;1;0;
EBT;UF;3103504;154.8945;25;1;20;3;0;1;
EBT;UF;3104007;93.4648;37;8;27;1;1;0;
EBT;UF;3104205;13.5000;9;2;7;0;0;0;
EBT;UF;3104601;32.0000;1;0;0;0;1;0;
EBT;UF;3104908;4.0000;2;0;2;0;0;0;
EBT;UF;3105608;247.6445;34;3;19;6;6;0;
EBT;UF;3106200;162604.943;3334;354;1832;678;254;216;
EBT;UF;3106309;74.0625;5;1;1;1;2;0;
EBT;UF;3106705;6675.7773;320;57;174;39;27;23;
EBT;UF;3107109;4.0000;2;0;2;0;0;0;
EBT;UF;3107406;10.0000;5;0;5;0;0;0;
EBT;UF;3108404;2.0000;1;0;1;0;0;0;
EBT;UF;3108909;2.5000;3;2;1;0;0;0;
EBT;UF;3109303;2.0000;1;0;1;0;0;0;
EBT;UF;3109501;2.0000;1;0;1;0;0;0;
EBT;UF;3109709;2.0000;1;0;1;0;0;0;
EBT;UF;3110004;2.0000;1;0;1;0;0;0;
EBT;UF;3110301;2.0000;1;0;1;0;0;0;
EBT;UF;3110509;7.2500;5;1;4;0;0;0;
EBT;UF;3110608;5.0000;3;0;3;0;0;0;
EBT;UF;3110707;4.0000;2;0;2;0;0;0;
EBT;UF;3111606;2.0000;1;0;1;0;0;0;
EBT;UF;3112307;2.0000;1;0;1;0;0;0;
EBT;UF;3113206;32.0000;1;0;0;0;1;0;
EBT;UF;3113404;12.0000;2;0;1;1;0;0;
EBT;UF;3114303;2.0000;1;0;1;0;0;0;
EBT;UF;3114501;2.0000;1;0;1;0;0;0;
EBT;UF;3115300;625.0000;13;0;3;3;4;3;
EBT;UF;3115508;45.6250;11;3;7;0;1;0;
EBT;UF;3117876;24.0000;3;0;0;3;0;0;
EBT;UF;3118007;18.3125;13;4;9;0;0;0;
EBT;UF;3118304;97.0937;35;9;19;6;1;0;
EBT;UF;3118403;32.0000;1;0;0;0;1;0;
EBT;UF;3118601;5822.7422;557;68;302;115;41;31;
EBT;UF;3119401;57.5000;16;1;13;1;1;0;
EBT;UF;3120904;62.0000;28;0;26;2;0;0;
EBT;UF;3122306;4455.7617;107;9;66;13;5;14;
EBT;UF;3122454;0.2500;1;1;0;0;0;0;
EBT;UF;3123601;4.0000;2;0;2;0;0;0;
EBT;UF;3123908;36.0000;2;0;1;0;1;0;
EBT;UF;3124203;32.0000;1;0;0;0;1;0;
EBT;UF;3125101;135.0000;15;0;12;2;0;1;
EBT;UF;3126109;4.0000;2;0;2;0;0;0;
EBT;UF;3127008;2.0000;1;0;1;0;0;0;
EBT;UF;3127107;15.0000;8;0;8;0;0;0;
EBT;UF;3127701;2316.3281;115;11;66;14;12;12;
EBT;UF;3128709;8.0000;1;0;0;1;0;0;
EBT;UF;3129509;2.0000;1;0;1;0;0;0;
EBT;UF;3129806;212.9297;20;2;13;1;3;1;
EBT;UF;3130101;24.2500;6;1;3;2;0;0;
EBT;UF;3130309;5.5000;5;2;3;0;0;0;
EBT;UF;3131307;2222.4219;92;14;51;7;13;7;
EBT;UF;3131703;252.7031;44;13;27;2;1;1;
EBT;UF;3131901;58.1250;17;5;10;1;1;0;
EBT;UF;3132206;8.2500;5;1;4;0;0;0;
EBT;UF;3132404;540.9219;79;18;40;12;8;1;
EBT;UF;3133006;9.0000;5;0;5;0;0;0;
EBT;UF;3133808;143.7500;29;4;16;8;1;0;
EBT;UF;3134103;0.2500;1;1;0;0;0;0;
EBT;UF;3134202;36.8594;22;2;20;0;0;0;
EBT;UF;3135209;2.0000;1;0;1;0;0;0;
EBT;UF;3135407;28.1250;7;1;4;2;0;0;
EBT;UF;3135506;2.0000;1;0;1;0;0;0;
EBT;UF;3136207;114.5000;35;12;19;2;2;0;
EBT;UF;3136306;62.0000;8;0;5;2;1;0;
EBT;UF;3136603;0.2500;1;1;0;0;0;0;
EBT;UF;3136702;6172.7617;253;22;126;49;25;31;
EBT;UF;3137205;131.2500;13;1;5;4;3;0;
EBT;UF;3137601;285.1797;33;10;16;4;1;2;
EBT;UF;3138203;430.5000;68;16;37;10;3;2;
EBT;UF;3138401;191.0000;4;0;2;0;1;1;
EBT;UF;3138609;102.2500;7;1;3;0;3;0;
EBT;UF;3138807;36.0000;2;0;1;0;1;0;
EBT;UF;3139003;32.0000;1;0;0;0;1;0;
EBT;UF;3139607;34.0000;2;0;1;0;1;0;
EBT;UF;3140001;64.0000;2;0;0;0;2;0;
EBT;UF;3140803;63.0000;9;0;5;3;1;0;
EBT;UF;3140902;0.2500;1;1;0;0;0;0;
EBT;UF;3141405;40.0000;5;0;4;0;1;0;
EBT;UF;3143302;4242.0742;157;16;71;19;35;16;
EBT;UF;3143906;356.0000;6;0;2;1;1;2;
EBT;UF;3144805;1804.6016;123;8;67;23;14;11;
EBT;UF;3145208;2.0000;1;0;1;0;0;0;
EBT;UF;3145604;12.2500;7;1;5;1;0;0;
EBT;UF;3145901;4.0000;2;0;2;0;0;0;
EBT;UF;3146107;10.5625;7;2;5;0;0;0;
EBT;UF;3146305;6.2500;4;1;3;0;0;0;
EBT;UF;3147006;10464.3945;35;3;24;4;2;2;
EBT;UF;3147105;379.5625;20;2;12;1;3;2;
EBT;UF;3147402;266.0000;4;0;0;0;2;2;
EBT;UF;3147600;2.0000;1;0;1;0;0;0;
EBT;UF;3147907;331.1094;50;8;32;6;2;2;
EBT;UF;3148004;144.3750;28;5;19;1;3;0;
EBT;UF;3148103;105.5000;9;1;5;0;3;0;
EBT;UF;3149101;2.0000;1;0;1;0;0;0;
EBT;UF;3149309;200.3398;33;9;18;3;2;1;
EBT;UF;3149903;221.0000;9;0;6;1;0;2;
EBT;UF;3151206;475.5000;20;1;2;3;14;0;
EBT;UF;3151404;4.0000;2;0;2;0;0;0;
EBT;UF;3151800;630.7305;109;15;72;15;4;3;
EBT;UF;3152105;52.0000;3;0;0;2;1;0;
EBT;UF;3152501;1060.5430;147;27;77;30;8;5;
EBT;UF;3154200;32.0000;1;0;0;0;1;0;
EBT;UF;3154606;333.2422;73;18;41;10;3;1;
EBT;UF;3155504;2.0000;1;0;1;0;0;0;
EBT;UF;3156007;0.2500;1;1;0;0;0;0;
EBT;UF;3156700;26.1875;18;5;13;0;0;0;
EBT;UF;3157807;479.2734;70;13;38;13;4;2;
EBT;UF;3159605;1.0000;1;0;1;0;0;0;
EBT;UF;3160405;2.0000;1;0;1;0;0;0;
EBT;UF;3160702;127.7500;9;2;4;2;0;1;
EBT;UF;3162104;20.0000;6;0;5;1;0;0;
EBT;UF;3162401;2.0000;1;0;1;0;0;0;
EBT;UF;3162500;366.9375;44;13;21;2;7;1;
EBT;UF;3162559;2.0000;1;0;1;0;0;0;
EBT;UF;3162708;2.0000;1;0;1;0;0;0;
EBT;UF;3162955;102.4648;5;3;1;0;0;1;
EBT;UF;3163706;109.5000;26;6;17;0;3;0;
EBT;UF;3164506;4.0000;1;0;0;1;0;0;
EBT;UF;3164704;72.8906;49;16;32;1;0;0;
EBT;UF;3165701;64.0000;2;0;0;0;2;0;
EBT;UF;3166907;8.0000;1;0;0;1;0;0;
EBT;UF;3167202;883.4180;109;13;69;16;6;5;
EBT;UF;3168606;835.0625;50;6;21;11;7;5;
EBT;UF;3168705;597.8125;36;3;10;5;18;0;
EBT;UF;3169307;187.8125;51;18;26;3;4;0;
EBT;UF;3169356;4.0000;2;0;2;0;0;0;
EBT;UF;3169406;3.0000;4;3;1;0;0;0;
EBT;UF;3169901;211.2500;11;1;2;5;2;1;
EBT;UF;3170107;3242.6523;175;31;114;17;3;10;
EBT;UF;3170206;8498.3476;574;101;285;103;35;50;
EBT;UF;3170404;184.8750;45;3;36;4;1;1;
EBT;UF;3170701;3457.0820;131;12;68;20;10;21;
EBT;UF;3170800;193.0000;7;0;1;0;6;0;
EBT;UF;3171006;2.0000;1;0;1;0;0;0;
EBT;UF;3171204;252.2500;54;7;36;8;2;1;
EBT;UF;3171303;91.2500;13;1;9;1;2;0;
EBT;UF;3171501;1.0000;1;0;1;0;0;0;
EBT;UF;3172004;128.0000;4;0;0;0;4;0;
EBT;UF;3200102;4.0000;1;0;0;1;0;0;
EBT;UF;3200136;2.0000;1;0;1;0;0;0;
EBT;UF;3200201;22.0000;2;0;1;0;1;0;
EBT;UF;3200300;5.0000;3;0;3;0;0;0;
EBT;UF;3200409;344.2500;6;1;0;1;1;3;
EBT;UF;3200508;1.0000;1;0;1;0;0;0;
EBT;UF;3200607;310.7500;20;4;7;4;3;2;
EBT;UF;3200706;5.0000;3;0;3;0;0;0;
EBT;UF;3200805;46.2500;5;1;0;2;2;0;
EBT;UF;3200904;18.0000;4;0;2;2;0;0;
EBT;UF;3201209;2556.5625;67;6;39;13;5;4;
EBT;UF;3201308;563.2500;81;14;46;16;2;3;
EBT;UF;3201506;705.1875;51;5;32;8;3;3;
EBT;UF;3201902;12.5625;11;5;6;0;0;0;
EBT;UF;3202009;3.0000;2;0;2;0;0;0;
EBT;UF;3202207;4.7500;4;2;2;0;0;0;
EBT;UF;3202306;7.9375;9;5;4;0;0;0;
EBT;UF;3202405;737.8750;31;10;12;3;1;5;
EBT;UF;3202454;5.0000;3;0;3;0;0;0;
EBT;UF;3202504;75.1250;8;2;4;0;2;0;
EBT;UF;3202553;4.0000;2;0;2;0;0;0;
EBT;UF;3202603;2.0000;1;0;1;0;0;0;
EBT;UF;3202652;2.0000;1;0;1;0;0;0;
EBT;UF;3202702;5.1250;5;1;4;0;0;0;
EBT;UF;3202801;108.9375;11;7;2;1;0;1;
EBT;UF;3202900;38.0000;3;0;2;0;1;0;
EBT;UF;3203007;5.0000;3;0;3;0;0;0;
EBT;UF;3203106;2.0000;1;0;1;0;0;0;
EBT;UF;3203130;2.2500;2;1;1;0;0;0;
EBT;UF;3203163;3.1875;4;2;2;0;0;0;
EBT;UF;3203205;289.1250;44;11;22;6;4;1;
EBT;UF;3203304;4.0000;1;0;0;1;0;0;
EBT;UF;3203320;5.8125;12;8;4;0;0;0;
EBT;UF;3203346;20.0000;2;0;0;2;0;0;
EBT;UF;3203353;3.2500;3;1;2;0;0;0;
EBT;UF;3203502;10.0000;1;0;0;1;0;0;
EBT;UF;3203601;5.2500;4;1;3;0;0;0;
EBT;UF;3203809;1.0000;1;0;1;0;0;0;
EBT;UF;3203908;4.0000;2;0;2;0;0;0;
EBT;UF;3204054;34.0000;8;0;5;3;0;0;
EBT;UF;3204104;65.2500;5;1;3;0;0;1;
EBT;UF;3204203;129.8750;6;4;1;0;0;1;
EBT;UF;3204252;1.2500;2;1;1;0;0;0;
EBT;UF;3204302;10.0000;5;0;5;0;0;0;
EBT;UF;3204401;30.0000;2;0;0;1;1;0;
EBT;UF;3204500;1.2500;2;1;1;0;0;0;
EBT;UF;3204559;6.5000;4;1;3;0;0;0;
EBT;UF;3204609;49.0000;6;0;4;1;1;0;
EBT;UF;3204658;3.2500;4;1;3;0;0;0;
EBT;UF;3204708;6.2500;4;1;3;0;0;0;
EBT;UF;3204807;2.0000;1;0;1;0;0;0;
EBT;UF;3204906;2883.0000;36;4;13;6;6;7;
EBT;UF;3205002;15376.6250;227;34;97;64;14;18;
EBT;UF;3205010;2.0000;1;0;1;0;0;0;
EBT;UF;3205069;109.8125;13;7;5;0;0;1;
EBT;UF;3205101;250.5625;34;3;17;12;1;1;
EBT;UF;3205200;2772.3125;123;16;46;41;10;10;
EBT;UF;3205309;51829.8984;291;37;57;100;32;65;
EBT;UF;3300100;1171.4648;32;7;17;5;2;1;
EBT;UF;3300209;27.0000;9;2;4;3;0;0;
EBT;UF;3300233;8.9648;12;9;3;0;0;0;
EBT;UF;3300258;2.2500;2;1;1;0;0;0;
EBT;UF;3300308;22.9648;13;1;12;0;0;0;
EBT;UF;3300407;110.4648;26;3;16;5;2;0;
EBT;UF;3300456;333.6094;57;6;40;8;1;2;
EBT;UF;3300506;1.4648;1;0;1;0;0;0;
EBT;UF;3300605;0.2500;1;1;0;0;0;0;
EBT;UF;3300704;65.0000;27;4;20;3;0;0;
EBT;UF;3301009;14851.6211;114;22;62;15;5;10;
EBT;UF;3301108;2.5000;3;2;1;0;0;0;
EBT;UF;3301306;5.5000;4;1;3;0;0;0;
EBT;UF;3301504;2.0000;1;0;1;0;0;0;
EBT;UF;3301702;4650.6875;181;17;105;26;8;25;
EBT;UF;3301850;5.0000;3;0;3;0;0;0;
EBT;UF;3301876;2.5000;2;1;1;0;0;0;
EBT;UF;3301900;2733.5898;37;7;24;4;0;2;
EBT;UF;3302007;144.4453;34;3;23;5;3;0;
EBT;UF;3302205;29.2500;17;3;14;0;0;0;
EBT;UF;3302254;302.7500;34;2;19;7;5;1;
EBT;UF;3302270;3.9648;3;1;2;0;0;0;
EBT;UF;3302403;24759.5586;355;15;144;137;33;26;
EBT;UF;3302502;23.4648;15;3;12;0;0;0;
EBT;UF;3302601;10.2500;2;1;0;1;0;0;
EBT;UF;3302700;16.4297;10;1;9;0;0;0;
EBT;UF;3302858;2108.5898;17;3;11;0;0;3;
EBT;UF;3303203;43.4297;29;6;23;0;0;0;
EBT;UF;3303302;4516.8476;414;41;273;65;23;12;
EBT;UF;3303401;30.1445;22;9;12;1;0;0;
EBT;UF;3303500;704.2773;116;13;75;19;7;2;
EBT;UF;3303609;5.7500;5;2;3;0;0;0;
EBT;UF;3303708;2.0000;1;0;1;0;0;0;
EBT;UF;3303807;39.7500;10;2;5;3;0;0;
EBT;UF;3303906;13668.8945;103;13;59;17;7;7;
EBT;UF;3303955;6.9297;3;0;2;1;0;0;
EBT;UF;3304003;4.0000;3;0;3;0;0;0;
EBT;UF;3304110;1327.3398;51;6;18;15;2;10;
EBT;UF;3304144;30.5000;13;1;11;1;0;0;
EBT;UF;3304201;993.5000;76;2;41;18;10;5;
EBT;UF;3304300;12.5000;10;3;7;0;0;0;
EBT;UF;3304524;297.2500;57;7;27;21;2;0;
EBT;UF;3304557;1024177.02;9898;738;4568;3005;634;953;
EBT;UF;3304706;1.0000;1;0;1;0;0;0;
EBT;UF;3304805;0.5000;1;1;0;0;0;0;
EBT;UF;3304904;744.6016;161;29;101;27;0;4;
EBT;UF;3305000;81.5000;16;2;11;1;2;0;
EBT;UF;3305109;213.2070;63;7;46;9;0;1;
EBT;UF;3305208;47.7148;26;5;20;1;0;0;
EBT;UF;3305505;3.5000;3;1;2;0;0;0;
EBT;UF;3305554;610.4648;15;5;5;0;1;4;
EBT;UF;3305752;2.0000;1;0;1;0;0;0;
EBT;UF;3305802;20421.4453;35;3;16;5;1;10;
EBT;UF;3306008;258.2656;35;2;22;9;1;1;
EBT;UF;3306107;5.9648;4;1;3;0;0;0;
EBT;UF;3306206;0.5000;1;1;0;0;0;0;
EBT;UF;3306305;2989.9297;68;5;38;11;7;7;
EBT;UF;3500105;155.0000;1;0;0;0;0;1;
EBT;UF;3500709;108.0000;3;0;1;1;0;1;
EBT;UF;3501152;52.0000;2;0;1;0;0;1;
EBT;UF;3501608;3894.1484;164;21;95;18;7;23;
EBT;UF;3501707;310.0000;2;0;0;0;0;2;
EBT;UF;3502101;1823.0000;10;0;6;1;0;3;
EBT;UF;3502507;21.2500;6;1;2;3;0;0;
EBT;UF;3502804;731.7773;39;2;14;19;0;4;
EBT;UF;3503208;4377.9648;139;18;68;21;5;27;
EBT;UF;3503307;71.0625;43;7;36;0;0;0;
EBT;UF;3503901;134.2148;20;4;14;1;0;1;
EBT;UF;3504008;1030.1406;25;3;10;5;1;6;
EBT;UF;3504107;45.4648;20;4;14;2;0;0;
EBT;UF;3504503;6.0000;3;0;3;0;0;0;
EBT;UF;3505302;8.0000;4;0;4;0;0;0;
EBT;UF;3505401;1.0000;1;0;1;0;0;0;
EBT;UF;3505500;824.5156;14;0;3;5;0;6;
EBT;UF;3505708;112783.746;754;58;257;192;82;165;
EBT;UF;3505906;0.0098;1;1;0;0;0;0;
EBT;UF;3506003;14255.6797;300;17;111;80;14;78;
EBT;UF;3506102;2064.9141;57;10;23;9;3;12;
EBT;UF;3506359;8.5000;11;7;4;0;0;0;
EBT;UF;3506508;155.5000;2;1;0;0;0;1;
EBT;UF;3507001;299.5000;10;1;3;4;0;2;
EBT;UF;3507506;2353.4687;66;2;37;10;3;14;
EBT;UF;3507605;1610.2500;32;5;7;7;4;9;
EBT;UF;3507803;2.0000;1;0;1;0;0;0;
EBT;UF;3508207;2.0000;1;0;1;0;0;0;
EBT;UF;3508405;24.5000;8;1;5;2;0;0;
EBT;UF;3508504;139.2500;8;1;5;1;0;1;
EBT;UF;3508603;1375.0000;6;0;1;0;2;3;
EBT;UF;3509007;1.0000;1;0;1;0;0;0;
EBT;UF;3509205;2253.1094;119;12;51;37;11;8;
EBT;UF;3509254;155.2500;2;1;0;0;0;1;
EBT;UF;3509502;72854.5312;952;75;451;185;55;186;
EBT;UF;3509700;28.3125;15;5;9;1;0;0;
EBT;UF;3510005;0.7500;2;2;0;0;0;0;
EBT;UF;3510401;2.0000;1;0;1;0;0;0;
EBT;UF;3510500;439.2500;12;1;6;2;0;3;
EBT;UF;3510609;95.8594;11;2;6;1;1;1;
EBT;UF;3511102;476.2109;29;1;14;11;1;2;
EBT;UF;3511508;1.5000;2;1;1;0;0;0;
EBT;UF;3512803;10.5625;6;2;3;1;0;0;
EBT;UF;3513009;3534.4883;55;9;25;10;2;9;
EBT;UF;3513504;3780.6250;37;4;13;7;4;9;
EBT;UF;3513702;1.5625;6;6;0;0;0;0;
EBT;UF;3513801;4132.5391;327;42;203;53;7;22;
EBT;UF;3514403;159.0000;3;0;2;0;0;1;
EBT;UF;3515004;40.5000;5;1;3;0;1;0;
EBT;UF;3515186;4.2500;3;1;2;0;0;0;
EBT;UF;3515707;10.2500;8;3;5;0;0;0;
EBT;UF;3516200;3237.2344;115;14;72;8;2;19;
EBT;UF;3516408;2.0000;1;0;1;0;0;0;
EBT;UF;3516705;28.2500;7;1;5;0;1;0;
EBT;UF;3517000;3.0000;2;0;2;0;0;0;
EBT;UF;3517406;2.0146;3;2;1;0;0;0;
EBT;UF;3517703;3.0186;3;1;2;0;0;0;
EBT;UF;3518305;155.0000;1;0;0;0;0;1;
EBT;UF;3518404;81.2422;52;9;43;0;0;0;
EBT;UF;3518701;1756.0312;93;13;59;14;3;4;
EBT;UF;3518800;3220.5390;614;93;401;89;17;14;
EBT;UF;3519071;12828.0000;80;2;22;9;11;36;
EBT;UF;3520103;0.5000;1;1;0;0;0;0;
EBT;UF;3520509;2484.9922;91;15;45;11;5;15;
EBT;UF;3521002;4.0000;2;0;2;0;0;0;
EBT;UF;3521309;4.7686;5;3;2;0;0;0;
EBT;UF;3521408;2.0000;1;0;1;0;0;0;
EBT;UF;3522208;11.4648;2;0;1;1;0;0;
EBT;UF;3522307;629.5000;9;1;0;3;1;4;
EBT;UF;3522505;19.5391;6;0;3;3;0;0;
EBT;UF;3522604;2.5625;5;3;2;0;0;0;
EBT;UF;3523107;228.6797;35;12;16;5;1;1;
EBT;UF;3523909;4255.8906;104;10;48;15;9;22;
EBT;UF;3524303;387.2500;12;1;2;6;1;2;
EBT;UF;3524402;882.5820;121;11;86;17;3;4;
EBT;UF;3524709;806.5000;17;5;4;1;2;5;
EBT;UF;3525003;223.9297;19;3;9;6;0;1;
EBT;UF;3525102;1.2500;2;1;1;0;0;0;
EBT;UF;3525201;20.0000;1;0;0;0;1;0;
EBT;UF;3525300;2401.5156;66;0;38;11;3;14;
EBT;UF;3525904;12601.5976;350;40;173;72;17;48;
EBT;UF;3526704;11.9648;8;1;7;0;0;0;
EBT;UF;3526803;1627.0000;29;0;11;4;3;11;
EBT;UF;3526902;2936.4531;122;8;79;14;4;17;
EBT;UF;3527108;2526.6680;49;8;14;9;3;15;
EBT;UF;3527207;132.0000;7;0;6;0;0;1;
EBT;UF;3527306;438.6797;21;3;11;3;1;3;
EBT;UF;3528007;2048.0000;2;0;0;0;0;2;
EBT;UF;3528403;12.5000;7;1;6;0;0;0;
EBT;UF;3528502;6.7500;5;2;3;0;0;0;
EBT;UF;3529005;3572.5000;129;13;59;28;8;21;
EBT;UF;3529302;318.0000;3;0;0;1;0;2;
EBT;UF;3529401;1581.6719;169;30;109;20;2;8;
EBT;UF;3529708;29.0000;5;0;3;2;0;0;
EBT;UF;3530300;334.0000;6;0;2;2;0;2;
EBT;UF;3530508;6.0000;6;3;3;0;0;0;
EBT;UF;3530607;6432.7305;250;44;147;26;16;17;
EBT;UF;3530706;74.3867;45;6;39;0;0;0;
EBT;UF;3530805;417.9062;31;0;28;1;0;2;
EBT;UF;3531100;10.8750;9;3;6;0;0;0;
EBT;UF;3531308;1.0000;1;0;1;0;0;0;
EBT;UF;3531902;2.5000;3;1;2;0;0;0;
EBT;UF;3532009;7.0000;4;0;4;0;0;0;
EBT;UF;3533007;1.0000;1;0;1;0;0;0;
EBT;UF;3533403;19.5000;14;3;11;0;0;0;
EBT;UF;3534401;7582.3769;224;20;95;67;15;27;
EBT;UF;3534609;166.2500;4;1;1;1;0;1;
EBT;UF;3534708;1637.5000;34;1;12;8;2;11;
EBT;UF;3535309;1.0000;1;0;1;0;0;0;
EBT;UF;3535507;10.0000;1;0;0;1;0;0;
EBT;UF;3536505;4.3125;4;2;2;0;0;0;
EBT;UF;3536703;35.0000;2;0;1;0;1;0;
EBT;UF;3537107;3.5156;2;0;2;0;0;0;
EBT;UF;3537305;1.0000;1;0;1;0;0;0;
EBT;UF;3537404;3.3125;6;5;1;0;0;0;
EBT;UF;3537602;2.0000;1;0;1;0;0;0;
EBT;UF;3538006;5303.0898;42;3;29;4;0;6;
EBT;UF;3538709;7322.8789;139;18;78;19;5;19;
EBT;UF;3539004;2.0000;1;0;1;0;0;0;
EBT;UF;3539301;22.2773;14;3;11;0;0;0;
EBT;UF;3539806;1204.7891;58;3;9;8;32;6;
EBT;UF;3541000;90.7344;48;11;34;2;1;0;
EBT;UF;3541307;0.2500;1;1;0;0;0;0;
EBT;UF;3541406;5246.3281;123;9;61;21;8;24;
EBT;UF;3541505;23.2461;8;2;5;0;1;0;
EBT;UF;3542206;13.0000;3;0;2;1;0;0;
EBT;UF;3542404;2.0000;1;0;1;0;0;0;
EBT;UF;3543303;36.7461;17;3;12;2;0;0;
EBT;UF;3543402;19743.3711;561;35;254;151;22;99;
EBT;UF;3543907;2060.9258;116;15;68;19;2;12;
EBT;UF;3544004;156.7500;4;2;1;0;0;1;
EBT;UF;3544103;7.2500;5;1;4;0;0;0;
EBT;UF;3544202;2.0000;1;0;1;0;0;0;
EBT;UF;3544251;1.0000;1;0;1;0;0;0;
EBT;UF;3545209;751.4648;16;0;8;3;0;5;
EBT;UF;3545803;299.0391;58;3;45;9;0;1;
EBT;UF;3546306;2.0000;1;0;1;0;0;0;
EBT;UF;3546405;178.0000;6;2;1;2;0;1;
EBT;UF;3547304;8874.8242;72;3;28;17;5;19;
EBT;UF;3547809;17874.1445;500;89;251;80;14;66;
EBT;UF;3548500;19253.1953;449;39;217;120;20;53;
EBT;UF;3548708;16345.8047;745;149;382;101;32;81;
EBT;UF;3548807;7937.4336;221;28;108;53;15;17;
EBT;UF;3548906;7589.1133;91;2;44;27;0;18;
EBT;UF;3549409;7.6250;10;6;4;0;0;0;
EBT;UF;3549706;22.8125;10;3;6;1;0;0;
EBT;UF;3549805;9011.2187;117;2;33;44;7;31;
EBT;UF;3549904;10437.0078;449;53;258;86;17;35;
EBT;UF;3550100;5.2500;6;3;3;0;0;0;
EBT;UF;3550308;564146.992;12703;1067;5453;3502;831;1850;
EBT;UF;3550605;16.3750;14;5;9;0;0;0;
EBT;UF;3550704;28.0000;5;0;2;3;0;0;
EBT;UF;3551009;3161.8867;95;20;57;10;0;8;
EBT;UF;3551702;706.5000;11;1;3;2;0;5;
EBT;UF;3552205;15154.8867;438;28;210;90;27;83;
EBT;UF;3552403;95.9648;17;2;12;0;3;0;
EBT;UF;3552502;177.5859;47;10;33;3;0;1;
EBT;UF;3552809;12529.7500;37;2;12;10;2;11;
EBT;UF;3553401;2.0000;1;0;1;0;0;0;
EBT;UF;3554102;2653.9922;182;27;105;23;13;14;
EBT;UF;3554508;11.0000;5;0;4;1;0;0;
EBT;UF;3555000;12.0000;2;0;1;1;0;0;
EBT;UF;3556206;1173.1797;43;8;21;6;0;8;
EBT;UF;3556404;0.5000;1;1;0;0;0;0;
EBT;UF;3556701;210.4063;10;2;4;2;1;1;
EBT;UF;3557006;1209.2773;71;12;46;6;0;7;
EBT;UF;3557105;181.1250;12;2;8;1;0;1;
EBT;UF;3557303;0.2500;1;1;0;0;0;0;
EBT;UF;4100202;0.2500;1;1;0;0;0;0;
EBT;UF;4100301;0.2500;1;1;0;0;0;0;
EBT;UF;4100400;27.2656;17;7;8;2;0;0;
EBT;UF;4100509;1.0000;1;0;1;0;0;0;
EBT;UF;4100608;1.0000;1;0;1;0;0;0;
EBT;UF;4100707;1.2500;2;1;1;0;0;0;
EBT;UF;4100806;1.7500;3;2;1;0;0;0;
EBT;UF;4100905;0.7500;2;2;0;0;0;0;
EBT;UF;4101002;0.5000;1;1;0;0;0;0;
EBT;UF;4101101;12.7500;9;2;7;0;0;0;
EBT;UF;4101200;0.5000;1;1;0;0;0;0;
EBT;UF;4101309;0.5000;1;1;0;0;0;0;
EBT;UF;4101408;182.3203;44;3;29;11;1;0;
EBT;UF;4101507;2152.3594;29;3;15;9;0;2;
EBT;UF;4101606;3.0000;2;0;2;0;0;0;
EBT;UF;4101705;1.5000;2;1;1;0;0;0;
EBT;UF;4101804;1259.3438;144;32;77;22;8;5;
EBT;UF;4101903;3.0000;2;0;2;0;0;0;
EBT;UF;4102000;1.0000;1;0;1;0;0;0;
EBT;UF;4102109;1.0000;1;0;1;0;0;0;
EBT;UF;4102307;15.5000;10;1;9;0;0;0;
EBT;UF;4102406;22.1875;12;5;6;1;0;0;
EBT;UF;4102505;3.0000;2;0;2;0;0;0;
EBT;UF;4102802;5.0000;3;0;3;0;0;0;
EBT;UF;4102901;9.5000;6;1;5;0;0;0;
EBT;UF;4103040;0.5000;1;1;0;0;0;0;
EBT;UF;4103057;0.2500;1;1;0;0;0;0;
EBT;UF;4103107;1.0000;1;0;1;0;0;0;
EBT;UF;4103503;0.2500;1;1;0;0;0;0;
EBT;UF;4103602;4.2500;3;1;2;0;0;0;
EBT;UF;4103701;90.3594;61;17;40;4;0;0;
EBT;UF;4103800;0.7500;2;2;0;0;0;0;
EBT;UF;4103958;0.2500;1;1;0;0;0;0;
EBT;UF;4104006;6.2813;6;1;5;0;0;0;
EBT;UF;4104105;0.2500;1;1;0;0;0;0;
EBT;UF;4104204;439.7500;27;3;14;8;0;2;
EBT;UF;4104253;2.2500;3;1;2;0;0;0;
EBT;UF;4104303;26.1797;16;1;15;0;0;0;
EBT;UF;4104428;9.7500;4;2;1;1;0;0;
EBT;UF;4104501;2.2500;3;1;2;0;0;0;
EBT;UF;4104659;23.4375;6;3;2;0;1;0;
EBT;UF;4104709;2.0000;1;0;1;0;0;0;
EBT;UF;4104808;2907.7168;204;45;114;37;4;4;
EBT;UF;4104907;72.6094;41;23;15;2;1;0;
EBT;UF;4105003;0.2500;1;1;0;0;0;0;
EBT;UF;4105102;3.0000;2;0;2;0;0;0;
EBT;UF;4105409;3.1250;3;1;2;0;0;0;
EBT;UF;4105508;3168.2344;48;11;30;4;0;3;
EBT;UF;4105607;0.2500;1;1;0;0;0;0;
EBT;UF;4105706;3.0000;2;0;2;0;0;0;
EBT;UF;4105805;254.4922;64;21;37;4;1;1;
EBT;UF;4106001;0.5000;1;1;0;0;0;0;
EBT;UF;4106209;1.5000;2;1;1;0;0;0;
EBT;UF;4106308;1.0000;1;0;1;0;0;0;
EBT;UF;4106407;57.2500;10;1;6;2;1;0;
EBT;UF;4106506;1.5625;4;3;1;0;0;0;
EBT;UF;4106605;1.0000;1;0;1;0;0;0;
EBT;UF;4106704;0.2500;1;1;0;0;0;0;
EBT;UF;4106803;0.7500;2;2;0;0;0;0;
EBT;UF;4106902;66716.2529;2192;392;1033;465;162;140;
EBT;UF;4107009;2.0000;2;0;2;0;0;0;
EBT;UF;4107108;1.7500;4;3;1;0;0;0;
EBT;UF;4107207;10.9297;9;2;7;0;0;0;
EBT;UF;4107256;12.8750;4;3;0;1;0;0;
EBT;UF;4107306;0.7500;2;2;0;0;0;0;
EBT;UF;4107405;0.5000;2;2;0;0;0;0;
EBT;UF;4107504;0.2500;1;1;0;0;0;0;
EBT;UF;4107538;1.5000;2;1;1;0;0;0;
EBT;UF;4107603;1.0000;1;0;1;0;0;0;
EBT;UF;4107652;464.4375;23;6;12;1;1;3;
EBT;UF;4107702;0.2500;1;1;0;0;0;0;
EBT;UF;4107736;6.0000;2;0;1;1;0;0;
EBT;UF;4107801;3.0000;4;3;1;0;0;0;
EBT;UF;4107900;2.0000;1;0;1;0;0;0;
EBT;UF;4108007;2.0000;4;3;1;0;0;0;
EBT;UF;4108106;0.2500;1;1;0;0;0;0;
EBT;UF;4108205;1.2500;2;1;1;0;0;0;
EBT;UF;4108304;529.0469;196;66;113;14;1;2;
EBT;UF;4108320;0.5000;1;1;0;0;0;0;
EBT;UF;4108403;73.8281;29;9;17;2;1;0;
EBT;UF;4108452;0.3125;2;2;0;0;0;0;
EBT;UF;4108502;10.5000;6;1;5;0;0;0;
EBT;UF;4108601;6.3125;9;5;4;0;0;0;
EBT;UF;4108700;1.5000;2;1;1;0;0;0;
EBT;UF;4108809;18.5000;11;1;10;0;0;0;
EBT;UF;4109302;1.0000;1;0;1;0;0;0;
EBT;UF;4109401;10311.0156;35;4;25;5;0;1;
EBT;UF;4109500;2.5000;3;2;1;0;0;0;
EBT;UF;4109609;9.5000;6;1;5;0;0;0;
EBT;UF;4109658;0.5000;1;1;0;0;0;0;
EBT;UF;4109708;3.0000;2;0;2;0;0;0;
EBT;UF;4109807;13.3750;23;14;9;0;0;0;
EBT;UF;4110102;1.0000;1;0;1;0;0;0;
EBT;UF;4110201;0.2500;1;1;0;0;0;0;
EBT;UF;4110706;18.0625;26;19;7;0;0;0;
EBT;UF;4110805;8.0000;4;0;4;0;0;0;
EBT;UF;4110904;0.2500;1;1;0;0;0;0;
EBT;UF;4110953;1.0000;1;0;1;0;0;0;
EBT;UF;4111407;0.7500;2;2;0;0;0;0;
EBT;UF;4111506;5.0000;3;0;3;0;0;0;
EBT;UF;4111803;21.3438;15;3;12;0;0;0;
EBT;UF;4112009;2.2500;4;3;1;0;0;0;
EBT;UF;4112108;5.6250;7;4;3;0;0;0;
EBT;UF;4112504;1.5000;2;1;1;0;0;0;
EBT;UF;4112702;2.2500;4;3;1;0;0;0;
EBT;UF;4112801;2.0000;1;0;1;0;0;0;
EBT;UF;4113205;3.0625;3;1;2;0;0;0;
EBT;UF;4113304;2.5000;3;1;2;0;0;0;
EBT;UF;4113502;3.0000;2;0;2;0;0;0;
EBT;UF;4113601;14.5000;5;1;3;1;0;0;
EBT;UF;4113700;9163.0859;385;93;172;82;18;20;
EBT;UF;4113734;0.2500;1;1;0;0;0;0;
EBT;UF;4113809;1.5000;2;1;1;0;0;0;
EBT;UF;4113908;2.0000;1;0;1;0;0;0;
EBT;UF;4114005;1.0000;1;0;1;0;0;0;
EBT;UF;4114104;6.2500;6;3;3;0;0;0;
EBT;UF;4114203;45.0000;14;6;6;1;1;0;
EBT;UF;4114302;2.0000;1;0;1;0;0;0;
EBT;UF;4114351;0.7500;2;2;0;0;0;0;
EBT;UF;4114401;3.0000;2;0;2;0;0;0;
EBT;UF;4114500;1.7500;3;2;1;0;0;0;
EBT;UF;4114609;0.5000;1;1;0;0;0;0;
EBT;UF;4114807;19.1563;13;4;8;1;0;0;
EBT;UF;4114906;3.0000;2;0;2;0;0;0;
EBT;UF;4115101;0.2500;1;1;0;0;0;0;
EBT;UF;4115200;6669.7285;347;77;178;77;7;8;
EBT;UF;4115358;1.0000;1;0;1;0;0;0;
EBT;UF;4115606;5.2500;4;1;3;0;0;0;
EBT;UF;4115705;7.0156;5;1;4;0;0;0;
EBT;UF;4115804;3.2500;3;1;2;0;0;0;
EBT;UF;4116059;0.5000;1;1;0;0;0;0;
EBT;UF;4116208;1.0000;1;0;1;0;0;0;
EBT;UF;4116703;1.5000;2;1;1;0;0;0;
EBT;UF;4116901;2.3750;5;4;1;0;0;0;
EBT;UF;4117008;1.5000;3;2;1;0;0;0;
EBT;UF;4117107;1.0000;1;0;1;0;0;0;
EBT;UF;4117206;1.2500;2;1;1;0;0;0;
EBT;UF;4117271;0.7500;2;2;0;0;0;0;
EBT;UF;4117305;0.5000;1;1;0;0;0;0;
EBT;UF;4117453;0.5000;1;1;0;0;0;0;
EBT;UF;4117503;21.3750;9;2;6;1;0;0;
EBT;UF;4117602;40.0000;5;0;4;0;1;0;
EBT;UF;4117701;2.0000;1;0;1;0;0;0;
EBT;UF;4117909;9.2500;7;1;6;0;0;0;
EBT;UF;4118105;1.0000;1;0;1;0;0;0;
EBT;UF;4118204;1694.7969;131;20;86;20;2;3;
EBT;UF;4118402;123.1406;57;16;38;2;1;0;
EBT;UF;4118451;1.7500;3;2;1;0;0;0;
EBT;UF;4118501;186.5781;41;9;27;2;1;2;
EBT;UF;4118600;0.5000;2;2;0;0;0;0;
EBT;UF;4118709;0.7500;2;2;0;0;0;0;
EBT;UF;4118907;1.0000;1;0;1;0;0;0;
EBT;UF;4119152;298.8906;65;4;42;15;4;0;
EBT;UF;4119202;0.2500;1;1;0;0;0;0;
EBT;UF;4119301;37.8125;6;3;2;0;1;0;
EBT;UF;4119400;3.0000;2;0;2;0;0;0;
EBT;UF;4119509;15.3125;13;5;8;0;0;0;
EBT;UF;4119608;3.0000;2;0;2;0;0;0;
EBT;UF;4119707;0.2500;1;1;0;0;0;0;
EBT;UF;4119806;1.5000;2;1;1;0;0;0;
EBT;UF;4119905;809.0625;166;39;89;26;11;1;
EBT;UF;4119954;12.7500;10;4;6;0;0;0;
EBT;UF;4120002;3.0000;2;0;2;0;0;0;
EBT;UF;4120101;0.2500;1;1;0;0;0;0;
EBT;UF;4120309;0.2500;1;1;0;0;0;0;
EBT;UF;4120606;3.2500;3;1;2;0;0;0;
EBT;UF;4120705;1.0000;3;3;0;0;0;0;
EBT;UF;4120804;304.0000;29;5;15;5;3;1;
EBT;UF;4120853;1.5000;2;1;1;0;0;0;
EBT;UF;4120903;3.0000;2;0;2;0;0;0;
EBT;UF;4121406;3.2500;3;1;2;0;0;0;
EBT;UF;4121505;1.0000;1;0;1;0;0;0;
EBT;UF;4121604;0.7500;2;2;0;0;0;0;
EBT;UF;4121703;3.0000;2;0;2;0;0;0;
EBT;UF;4121901;2.0000;1;0;1;0;0;0;
EBT;UF;4122008;1.0000;1;0;1;0;0;0;
EBT;UF;4122156;0.5000;1;1;0;0;0;0;
EBT;UF;4122206;1.5000;2;1;1;0;0;0;
EBT;UF;4122305;48.0000;17;7;5;5;0;0;
EBT;UF;4122404;63.5313;27;2;23;2;0;0;
EBT;UF;4122701;0.2500;1;1;0;0;0;0;
EBT;UF;4122800;0.7500;2;2;0;0;0;0;
EBT;UF;4123204;1.5000;2;1;1;0;0;0;
EBT;UF;4123402;1.5000;2;1;1;0;0;0;
EBT;UF;4123501;4.0000;3;0;3;0;0;0;
EBT;UF;4123709;1.0000;1;0;1;0;0;0;
EBT;UF;4123808;1.0000;1;0;1;0;0;0;
EBT;UF;4123857;1.5000;2;1;1;0;0;0;
EBT;UF;4123907;1.2500;2;1;1;0;0;0;
EBT;UF;4123956;1.0000;1;0;1;0;0;0;
EBT;UF;4124020;1.0000;1;0;1;0;0;0;
EBT;UF;4124053;1.0625;2;1;1;0;0;0;
EBT;UF;4124103;11.0625;7;1;6;0;0;0;
EBT;UF;4124301;0.2500;1;1;0;0;0;0;
EBT;UF;4124400;1.0000;1;0;1;0;0;0;
EBT;UF;4124509;2.7500;4;2;2;0;0;0;
EBT;UF;4124608;0.2500;1;1;0;0;0;0;
EBT;UF;4124707;2.7500;4;2;2;0;0;0;
EBT;UF;4124905;0.2500;1;1;0;0;0;0;
EBT;UF;4125001;4.0000;3;0;3;0;0;0;
EBT;UF;4125357;0.2500;1;1;0;0;0;0;
EBT;UF;4125506;23942.5391;359;65;217;54;8;15;
EBT;UF;4125605;5.7500;6;2;4;0;0;0;
EBT;UF;4125704;20.5000;6;3;2;0;1;0;
EBT;UF;4126009;0.5000;2;2;0;0;0;0;
EBT;UF;4126256;25.9063;26;11;15;0;0;0;
EBT;UF;4126306;1.5000;2;1;1;0;0;0;
EBT;UF;4126504;4.0000;2;0;2;0;0;0;
EBT;UF;4126603;3.0000;2;0;2;0;0;0;
EBT;UF;4126678;1.0000;1;0;1;0;0;0;
EBT;UF;4126801;1.0000;1;0;1;0;0;0;
EBT;UF;4126900;0.2500;1;1;0;0;0;0;
EBT;UF;4127007;2.0000;2;0;2;0;0;0;
EBT;UF;4127106;32.0469;14;1;11;2;0;0;
EBT;UF;4127205;0.5000;1;1;0;0;0;0;
EBT;UF;4127403;3.0000;2;0;2;0;0;0;
EBT;UF;4127502;1.5000;2;1;1;0;0;0;
EBT;UF;4127601;0.5000;1;1;0;0;0;0;
EBT;UF;4127700;149.8281;53;12;27;14;0;0;
EBT;UF;4127809;1.7500;3;2;1;0;0;0;
EBT;UF;4128005;1.0000;1;0;1;0;0;0;
EBT;UF;4128104;174.5156;51;5;33;12;1;0;
EBT;UF;4128203;123.5313;15;1;13;0;0;1;
EBT;UF;4128401;1.0000;1;0;1;0;0;0;
EBT;UF;4128500;2.0000;2;0;2;0;0;0;
EBT;UF;4128534;8.0000;4;0;4;0;0;0;
EBT;UF;4128708;4.5000;4;2;2;0;0;0;
EBT;UF;4200101;5.3750;5;2;3;0;0;0;
EBT;UF;4200200;1.5000;2;1;1;0;0;0;
EBT;UF;4201109;2.0000;1;0;1;0;0;0;
EBT;UF;4201307;243.8125;39;6;17;12;4;0;
EBT;UF;4201703;0.2500;1;1;0;0;0;0;
EBT;UF;4202008;291.5703;50;5;27;15;2;1;
EBT;UF;4202073;1.0000;1;0;1;0;0;0;
EBT;UF;4202305;141.2188;63;24;32;5;2;0;
EBT;UF;4202404;3977.6367;343;62;159;84;24;14;
EBT;UF;4202503;1.4648;1;0;1;0;0;0;
EBT;UF;4202602;5.3750;4;2;1;1;0;0;
EBT;UF;4202909;877.8008;88;11;46;21;4;6;
EBT;UF;4203006;98.1250;25;6;11;7;1;0;
EBT;UF;4203204;34.8750;22;7;13;2;0;0;
EBT;UF;4203501;1.2500;2;1;1;0;0;0;
EBT;UF;4203600;2.0000;1;0;1;0;0;0;
EBT;UF;4203808;0.5000;1;1;0;0;0;0;
EBT;UF;4203907;0.5000;1;1;0;0;0;0;
EBT;UF;4203956;21.7500;7;2;3;2;0;0;
EBT;UF;4204202;839.3594;126;26;66;26;4;4;
EBT;UF;4204251;87.5000;14;4;7;1;2;0;
EBT;UF;4204301;673.7656;25;3;7;7;4;4;
EBT;UF;4204350;0.6875;4;4;0;0;0;0;
EBT;UF;4204509;5.6250;6;3;3;0;0;0;
EBT;UF;4204558;15.0000;4;2;0;2;0;0;
EBT;UF;4204608;528.4492;97;20;42;32;2;1;
EBT;UF;4204806;31.5000;5;1;1;3;0;0;
EBT;UF;4205191;10.0000;1;0;0;1;0;0;
EBT;UF;4205407;10285.0781;493;82;179;156;44;32;
EBT;UF;4205506;12.0000;16;9;7;0;0;0;
EBT;UF;4205704;24.8750;12;4;7;0;1;0;
EBT;UF;4205803;20.5156;5;0;2;3;0;0;
EBT;UF;4205902;121.8750;42;16;18;6;2;0;
EBT;UF;4206207;1.5000;2;1;1;0;0;0;
EBT;UF;4206504;319.5391;35;7;18;7;1;2;
EBT;UF;4206702;14.6250;10;4;5;1;0;0;
EBT;UF;4207007;47.5625;14;4;6;4;0;0;
EBT;UF;4207106;2.0000;4;3;1;0;0;0;
EBT;UF;4207304;8.5156;5;0;5;0;0;0;
EBT;UF;4207502;275.5938;46;2;28;15;0;1;
EBT;UF;4207684;1.0000;1;0;1;0;0;0;
EBT;UF;4207908;1.0000;1;0;1;0;0;0;
EBT;UF;4208203;5624.6562;385;31;203;119;20;12;
EBT;UF;4208500;4.0000;2;0;2;0;0;0;
EBT;UF;4208708;1.0000;1;0;1;0;0;0;
EBT;UF;4208807;1.2500;2;1;1;0;0;0;
EBT;UF;4208906;590.1602;97;15;56;22;3;1;
EBT;UF;4209003;235.5000;38;3;22;9;4;0;
EBT;UF;4209102;3515.5859;516;92;233;164;16;11;
EBT;UF;4209300;532.0625;88;18;38;26;4;2;
EBT;UF;4209409;2.0000;2;0;2;0;0;0;
EBT;UF;4209706;1.5000;3;2;1;0;0;0;
EBT;UF;4210035;5.2500;5;1;4;0;0;0;
EBT;UF;4210100;28.4531;26;15;9;2;0;0;
EBT;UF;4210209;3.0000;2;0;2;0;0;0;
EBT;UF;4210605;17.0781;8;3;4;1;0;0;
EBT;UF;4211306;364.2188;67;6;31;24;6;0;
EBT;UF;4211454;1.0000;1;0;1;0;0;0;
EBT;UF;4211603;7.2500;6;1;5;0;0;0;
EBT;UF;4211702;4.2500;5;3;2;0;0;0;
EBT;UF;4211900;665.6523;106;16;62;23;4;1;
EBT;UF;4212205;1.0000;1;0;1;0;0;0;
EBT;UF;4212270;0.5000;1;1;0;0;0;0;
EBT;UF;4213005;1.3125;4;3;1;0;0;0;
EBT;UF;4213203;193.5000;12;2;3;3;1;3;
EBT;UF;4213609;1.0000;1;0;1;0;0;0;
EBT;UF;4214607;1.0000;1;0;1;0;0;0;
EBT;UF;4214706;2.2500;2;1;1;0;0;0;
EBT;UF;4214805;640.2461;90;16;42;24;4;4;
EBT;UF;4215000;45.0000;7;0;5;0;2;0;
EBT;UF;4215109;104.7500;5;2;2;0;0;1;
EBT;UF;4215356;0.5000;1;1;0;0;0;0;
EBT;UF;4215455;1.0000;1;0;1;0;0;0;
EBT;UF;4215703;8.0000;4;0;4;0;0;0;
EBT;UF;4215802;418.6719;129;41;66;19;2;1;
EBT;UF;4215901;1.5000;2;1;1;0;0;0;
EBT;UF;4216107;3.5000;4;2;2;0;0;0;
EBT;UF;4216206;394.0156;46;10;14;16;4;2;
EBT;UF;4216255;1.0000;1;0;1;0;0;0;
EBT;UF;4216602;821.5742;141;21;59;52;8;1;
EBT;UF;4216909;50.7500;12;5;4;2;1;0;
EBT;UF;4217006;5.2500;5;3;2;0;0;0;
EBT;UF;4217402;199.5000;10;2;5;1;0;2;
EBT;UF;4217501;1.0000;1;0;1;0;0;0;
EBT;UF;4217709;620.0000;9;0;2;1;0;6;
EBT;UF;4217907;1.0000;1;0;1;0;0;0;
EBT;UF;4217956;0.5000;1;1;0;0;0;0;
EBT;UF;4218202;164.6250;26;4;16;5;0;1;
EBT;UF;4218608;3.0000;2;0;2;0;0;0;
EBT;UF;4218707;96.1836;28;4;16;7;1;0;
EBT;UF;4218806;16.2500;5;1;3;1;0;0;
EBT;UF;4219309;56.7500;28;11;13;3;1;0;
EBT;UF;4219507;40.3125;21;7;13;0;1;0;
EBT;UF;4219705;208.5156;16;6;5;1;3;1;
EBT;UF;4219853;0.2500;1;1;0;0;0;0;
EBT;UF;4300406;75.3750;44;23;12;9;0;0;
EBT;UF;4300604;171.6680;40;13;15;9;3;0;
EBT;UF;4300802;0.5000;1;1;0;0;0;0;
EBT;UF;4301008;22.0000;11;4;5;2;0;0;
EBT;UF;4301206;1.0000;1;0;1;0;0;0;
EBT;UF;4301305;0.5000;1;1;0;0;0;0;
EBT;UF;4301404;0.5000;1;1;0;0;0;0;
EBT;UF;4301503;0.5000;1;1;0;0;0;0;
EBT;UF;4301552;1.7500;3;2;1;0;0;0;
EBT;UF;4301602;492.1250;49;9;18;16;4;2;
EBT;UF;4301909;0.5000;1;1;0;0;0;0;
EBT;UF;4302006;1.0000;1;0;1;0;0;0;
EBT;UF;4302105;1313.3379;165;12;71;70;9;3;
EBT;UF;4302204;2.0000;1;0;1;0;0;0;
EBT;UF;4302352;8.5000;5;1;3;1;0;0;
EBT;UF;4302709;2.2500;3;1;2;0;0;0;
EBT;UF;4302808;1.5000;2;1;1;0;0;0;
EBT;UF;4302907;0.6250;2;2;0;0;0;0;
EBT;UF;4303004;27.9375;27;14;12;1;0;0;
EBT;UF;4303103;525.3125;106;16;42;44;4;0;
EBT;UF;4303509;345.5391;35;6;16;8;4;1;
EBT;UF;4303707;0.5000;1;1;0;0;0;0;
EBT;UF;4303806;2.2500;3;1;2;0;0;0;
EBT;UF;4303905;1251.9375;100;23;40;25;4;8;
EBT;UF;4304002;0.5000;1;1;0;0;0;0;
EBT;UF;4304408;115.1250;22;11;6;2;3;0;
EBT;UF;4304507;6.5000;5;1;4;0;0;0;
EBT;UF;4304606;2034.1113;222;48;88;63;12;11;
EBT;UF;4304630;10602.3750;13;5;2;3;1;2;
EBT;UF;4304663;34.5000;7;1;3;3;0;0;
EBT;UF;4304705;101.3125;39;17;15;6;1;0;
EBT;UF;4304804;101.6875;13;6;3;1;3;0;
EBT;UF;4304903;4.2500;7;4;3;0;0;0;
EBT;UF;4305009;0.5000;1;1;0;0;0;0;
EBT;UF;4305108;3864.7578;577;96;268;177;27;9;
EBT;UF;4305173;0.5000;1;1;0;0;0;0;
EBT;UF;4305207;2.5000;3;1;2;0;0;0;
EBT;UF;4305355;36.5000;3;1;1;0;1;0;
EBT;UF;4305439;1.0000;1;0;1;0;0;0;
EBT;UF;4305801;0.2500;1;1;0;0;0;0;
EBT;UF;4305975;2.0000;1;0;1;0;0;0;
EBT;UF;4306007;0.5000;1;1;0;0;0;0;
EBT;UF;4306056;1.0000;1;0;1;0;0;0;
EBT;UF;4306106;2266.1406;54;25;18;7;1;3;
EBT;UF;4306205;3.0000;4;2;2;0;0;0;
EBT;UF;4306304;1.0000;1;0;1;0;0;0;
EBT;UF;4306403;20.5000;3;2;0;0;1;0;
EBT;UF;4306601;7.0000;2;0;1;1;0;0;
EBT;UF;4306767;1515.7500;48;5;15;17;5;6;
EBT;UF;4306809;0.5000;1;1;0;0;0;0;
EBT;UF;4307005;10693.1016;74;3;42;21;6;2;
EBT;UF;4307500;0.5000;1;1;0;0;0;0;
EBT;UF;4307559;118.0000;3;0;1;0;1;1;
EBT;UF;4307609;50.5000;24;7;12;5;0;0;
EBT;UF;4307708;202.5781;52;19;22;8;3;0;
EBT;UF;4307807;29.8125;15;7;6;2;0;0;
EBT;UF;4307864;0.5000;1;1;0;0;0;0;
EBT;UF;4307906;1084.1758;86;7;30;37;10;2;
EBT;UF;4308003;6.0000;3;0;3;0;0;0;
EBT;UF;4308102;3.0000;3;0;3;0;0;0;
EBT;UF;4308201;0.5000;1;1;0;0;0;0;
EBT;UF;4308508;7.5000;10;5;5;0;0;0;
EBT;UF;4308607;261.6484;64;13;32;17;2;0;
EBT;UF;4308805;1.0000;3;3;0;0;0;0;
EBT;UF;4308904;3273.3125;22;7;5;3;0;7;
EBT;UF;4309001;2.5625;5;3;2;0;0;0;
EBT;UF;4309050;10.1406;4;2;1;1;0;0;
EBT;UF;4309100;829.0313;42;13;19;8;1;1;
EBT;UF;4309209;596.5000;169;48;68;49;3;1;
EBT;UF;4309308;189.1875;40;18;13;5;4;0;
EBT;UF;4309407;5.0000;6;3;3;0;0;0;
EBT;UF;4309506;0.5000;1;1;0;0;0;0;
EBT;UF;4309605;7.3750;13;8;5;0;0;0;
EBT;UF;4309803;1.0000;1;0;1;0;0;0;
EBT;UF;4310009;0.5000;1;1;0;0;0;0;
EBT;UF;4310108;21.1250;21;12;6;3;0;0;
EBT;UF;4310207;92.5625;23;4;12;6;1;0;
EBT;UF;4310306;0.5000;1;1;0;0;0;0;
EBT;UF;4310330;1.5625;3;2;1;0;0;0;
EBT;UF;4310504;0.5000;1;1;0;0;0;0;
EBT;UF;4310603;2.5000;2;1;1;0;0;0;
EBT;UF;4310751;1.0000;1;0;1;0;0;0;
EBT;UF;4310801;14.7500;12;9;2;1;0;0;
EBT;UF;4311007;8.4375;7;3;3;1;0;0;
EBT;UF;4311106;2.5000;2;1;1;0;0;0;
EBT;UF;4311205;6.2500;6;1;5;0;0;0;
EBT;UF;4311403;1151.5625;39;7;19;12;0;1;
EBT;UF;4311502;0.5000;1;1;0;0;0;0;
EBT;UF;4311809;117.0625;18;8;5;2;3;0;
EBT;UF;4312401;51.0625;33;18;11;4;0;0;
EBT;UF;4312500;1.5000;2;1;1;0;0;0;
EBT;UF;4312658;10.5000;2;1;0;1;0;0;
EBT;UF;4312708;0.3750;6;6;0;0;0;0;
EBT;UF;4312906;3.7500;4;2;2;0;0;0;
EBT;UF;4313060;17.0000;6;2;3;1;0;0;
EBT;UF;4313102;4.0000;2;0;2;0;0;0;
EBT;UF;4313201;56.5625;13;5;3;4;1;0;
EBT;UF;4313300;30.0625;14;5;7;2;0;0;
EBT;UF;4313375;90.5469;10;0;7;1;2;0;
EBT;UF;4313409;1257.1758;185;40;73;62;9;1;
EBT;UF;4313508;149.9375;29;15;8;4;0;2;
EBT;UF;4313656;9.0000;3;2;0;1;0;0;
EBT;UF;4313706;15.5625;14;5;9;0;0;0;
EBT;UF;4313904;78.3125;30;16;10;3;1;0;
EBT;UF;4314050;40.6875;25;14;9;2;0;0;
EBT;UF;4314100;1234.1563;128;27;51;34;11;5;
EBT;UF;4314308;0.2500;1;1;0;0;0;0;
EBT;UF;4314407;2222.5781;103;25;50;19;5;4;
EBT;UF;4314506;4.0000;1;0;0;1;0;0;
EBT;UF;4314605;2.0000;1;0;1;0;0;0;
EBT;UF;4314803;13.0156;9;5;3;1;0;0;
EBT;UF;4314902;56008.3359;1529;172;505;577;160;115;
EBT;UF;4315107;0.5000;1;1;0;0;0;0;
EBT;UF;4315206;1.0000;1;0;1;0;0;0;
EBT;UF;4315305;1.0000;1;0;1;0;0;0;
EBT;UF;4315503;1.0000;2;2;0;0;0;0;
EBT;UF;4315602;2496.4531;136;36;48;34;10;8;
EBT;UF;4315701;3.3750;6;4;2;0;0;0;
EBT;UF;4315800;2.0000;2;0;2;0;0;0;
EBT;UF;4315909;0.5000;1;1;0;0;0;0;
EBT;UF;4316402;169.7500;13;7;4;1;0;1;
EBT;UF;4316451;1.5000;2;1;1;0;0;0;
EBT;UF;4316501;0.3125;2;2;0;0;0;0;
EBT;UF;4316600;0.5000;1;1;0;0;0;0;
EBT;UF;4316709;1.0000;1;0;1;0;0;0;
EBT;UF;4316808;2829.6875;77;15;26;25;5;6;
EBT;UF;4316907;2297.7852;153;58;56;31;3;5;
EBT;UF;4316956;6.0000;3;0;3;0;0;0;
EBT;UF;4317103;144.8125;20;4;8;6;1;1;
EBT;UF;4317202;13.5000;7;1;5;1;0;0;
EBT;UF;4317301;2.0000;1;0;1;0;0;0;
EBT;UF;4317400;14.9375;13;7;5;1;0;0;
EBT;UF;4317509;175.7656;20;1;11;7;0;1;
EBT;UF;4317608;14.7500;10;6;3;1;0;0;
EBT;UF;4317806;0.5000;1;1;0;0;0;0;
EBT;UF;4317905;2.0000;3;2;1;0;0;0;
EBT;UF;4318002;2.5000;2;1;1;0;0;0;
EBT;UF;4318101;2.0000;4;3;1;0;0;0;
EBT;UF;4318200;2.2500;4;3;1;0;0;0;
EBT;UF;4318309;4.0000;5;2;3;0;0;0;
EBT;UF;4318408;0.5000;1;1;0;0;0;0;
EBT;UF;4318507;0.2500;1;1;0;0;0;0;
EBT;UF;4318606;0.5000;1;1;0;0;0;0;
EBT;UF;4318705;1447.3398;132;34;43;46;5;4;
EBT;UF;4318804;102.4375;6;3;2;0;0;1;
EBT;UF;4319000;10.5000;2;1;0;1;0;0;
EBT;UF;4319406;3.5000;5;2;3;0;0;0;
EBT;UF;4319505;24.5625;11;5;3;3;0;0;
EBT;UF;4319604;0.5000;1;1;0;0;0;0;
EBT;UF;4319703;0.5000;1;1;0;0;0;0;
EBT;UF;4319802;1.5000;3;2;1;0;0;0;
EBT;UF;4319901;100.7656;20;1;11;7;1;0;
EBT;UF;4320008;157.3438;52;18;21;12;1;0;
EBT;UF;4320107;137.3750;14;8;2;2;1;1;
EBT;UF;4320206;0.7500;2;2;0;0;0;0;
EBT;UF;4320404;6.5625;6;2;4;0;0;0;
EBT;UF;4320701;3.5000;3;1;2;0;0;0;
EBT;UF;4320800;2.0000;2;0;2;0;0;0;
EBT;UF;4321006;0.5000;1;1;0;0;0;0;
EBT;UF;4321105;0.5000;1;1;0;0;0;0;
EBT;UF;4321204;129.7500;24;9;13;1;0;1;
EBT;UF;4321303;8.5000;6;1;5;0;0;0;
EBT;UF;4321402;0.5000;1;1;0;0;0;0;
EBT;UF;4321436;0.5000;1;1;0;0;0;0;
EBT;UF;4321451;1437.3281;29;15;5;2;2;5;
EBT;UF;4321501;19.2656;21;15;5;1;0;0;
EBT;UF;4321600;19.5781;19;13;5;1;0;0;
EBT;UF;4321667;2.0000;1;0;1;0;0;0;
EBT;UF;4321709;2.2500;3;1;2;0;0;0;
EBT;UF;4321808;1.5000;2;1;1;0;0;0;
EBT;UF;4321907;0.5000;1;1;0;0;0;0;
EBT;UF;4322004;32.5000;2;1;0;0;1;0;
EBT;UF;4322103;0.5000;1;1;0;0;0;0;
EBT;UF;4322202;0.5000;1;1;0;0;0;0;
EBT;UF;4322400;10752.4063;39;9;12;12;3;3;
EBT;UF;4322509;312.6172;46;3;24;18;0;1;
EBT;UF;4322608;75.7500;21;6;8;7;0;0;
EBT;UF;4322707;0.5000;1;1;0;0;0;0;
EBT;UF;4322806;1.5000;2;1;1;0;0;0;
EBT;UF;4323002;131.0000;36;18;11;3;4;0;
EBT;UF;4323408;1.7500;3;2;1;0;0;0;
EBT;UF;4323804;3.1250;10;9;1;0;0;0;
EBT;UF;5000203;134.2500;20;1;5;13;1;0;
EBT;UF;5001003;3.0000;2;0;2;0;0;0;
EBT;UF;5001102;3.5000;3;1;2;0;0;0;
EBT;UF;5002209;4.0000;2;0;2;0;0;0;
EBT;UF;5002407;4.0000;2;0;2;0;0;0;
EBT;UF;5002704;21854.8320;693;133;267;213;37;43;
EBT;UF;5002902;4.5000;3;1;2;0;0;0;
EBT;UF;5002951;10.0000;5;0;5;0;0;0;
EBT;UF;5003207;138.5625;24;2;12;8;2;0;
EBT;UF;5003256;2.0000;1;0;1;0;0;0;
EBT;UF;5003306;135.0000;10;0;6;0;3;1;
EBT;UF;5003504;0.5000;1;1;0;0;0;0;
EBT;UF;5003702;23927.5625;90;11;39;27;4;9;
EBT;UF;5003751;1.0000;1;0;1;0;0;0;
EBT;UF;5003801;2.0625;2;1;1;0;0;0;
EBT;UF;5004007;2.0000;1;0;1;0;0;0;
EBT;UF;5004106;2.0000;1;0;1;0;0;0;
EBT;UF;5004502;30.2500;10;3;5;2;0;0;
EBT;UF;5005103;1.0000;1;0;1;0;0;0;
EBT;UF;5005202;4.0000;2;0;2;0;0;0;
EBT;UF;5005400;732.5000;19;1;7;4;2;5;
EBT;UF;5005608;2.0000;1;0;1;0;0;0;
EBT;UF;5005681;2.0000;1;0;1;0;0;0;
EBT;UF;5005707;8.0000;4;0;4;0;0;0;
EBT;UF;5006002;10.2500;7;3;3;1;0;0;
EBT;UF;5006200;4.0000;2;0;2;0;0;0;
EBT;UF;5006309;12.0000;5;0;4;1;0;0;
EBT;UF;5006358;0.5000;1;1;0;0;0;0;
EBT;UF;5006606;13.0000;8;0;8;0;0;0;
EBT;UF;5006903;2.0000;1;0;1;0;0;0;
EBT;UF;5007109;89.5000;7;1;1;3;1;1;
EBT;UF;5007208;12.0000;6;0;5;1;0;0;
EBT;UF;5007695;6.0000;3;0;3;0;0;0;
EBT;UF;5007703;1.0000;1;0;1;0;0;0;
EBT;UF;5007901;141.5000;14;1;6;3;4;0;
EBT;UF;5008008;4.0000;2;0;2;0;0;0;
EBT;UF;5008305;1771.5859;89;2;43;33;8;3;
EBT;UF;5100201;7.0000;4;0;4;0;0;0;
EBT;UF;5100250;15.0000;8;0;8;0;0;0;
EBT;UF;5100300;0.5000;1;1;0;0;0;0;
EBT;UF;5100409;2.0000;1;0;1;0;0;0;
EBT;UF;5100805;1.0000;1;0;1;0;0;0;
EBT;UF;5101803;28.0000;17;2;15;0;0;0;
EBT;UF;5102504;279.0000;76;12;49;12;3;0;
EBT;UF;5102678;2.0000;1;0;1;0;0;0;
EBT;UF;5103056;1.0000;1;0;1;0;0;0;
EBT;UF;5103205;2.0000;1;0;1;0;0;0;
EBT;UF;5103403;34002.0195;1052;158;536;193;95;70;
EBT;UF;5103502;5.5000;4;1;3;0;0;0;
EBT;UF;5104609;2.0000;1;0;1;0;0;0;
EBT;UF;5104807;2.0000;1;0;1;0;0;0;
EBT;UF;5105002;152.5000;9;1;3;3;1;1;
EBT;UF;5105101;2.0000;1;0;1;0;0;0;
EBT;UF;5105150;8.0000;4;0;4;0;0;0;
EBT;UF;5105259;2238.3242;195;35;95;42;12;11;
EBT;UF;5105580;0.5000;1;1;0;0;0;0;
EBT;UF;5105622;51.5000;19;3;13;3;0;0;
EBT;UF;5106224;669.9375;94;17;50;18;6;3;
EBT;UF;5106257;2.0000;1;0;1;0;0;0;
EBT;UF;5106307;0.5000;1;1;0;0;0;0;
EBT;UF;5106372;2.0000;1;0;1;0;0;0;
EBT;UF;5106505;2.0000;1;0;1;0;0;0;
EBT;UF;5106752;654.3750;67;21;30;4;7;5;
EBT;UF;5107040;8.5625;7;2;5;0;0;0;
EBT;UF;5107065;4.5000;3;1;2;0;0;0;
EBT;UF;5107107;2.0000;1;0;1;0;0;0;
EBT;UF;5107180;0.5000;1;1;0;0;0;0;
EBT;UF;5107198;0.5625;2;2;0;0;0;0;
EBT;UF;5107602;3598.5039;285;30;177;50;12;16;
EBT;UF;5107800;1.0000;1;0;1;0;0;0;
EBT;UF;5107859;1.0000;1;0;1;0;0;0;
EBT;UF;5107875;2.0000;1;0;1;0;0;0;
EBT;UF;5107909;19849.0547;240;25;146;48;7;14;
EBT;UF;5107925;1495.1953;168;19;96;40;3;10;
EBT;UF;5107958;17.3750;14;6;8;0;0;0;
EBT;UF;5108105;0.5000;1;1;0;0;0;0;
EBT;UF;5108402;2662.1172;201;33;85;66;9;8;
EBT;UF;5108600;1.0000;1;0;1;0;0;0;
EBT;UF;5200050;2.0625;2;1;1;0;0;0;
EBT;UF;5200258;187.8125;33;6;19;6;1;1;
EBT;UF;5200308;11.7500;14;8;6;0;0;0;
EBT;UF;5200605;0.7500;2;2;0;0;0;0;
EBT;UF;5200803;2.2500;2;1;1;0;0;0;
EBT;UF;5201108;18424.5625;299;29;90;122;14;44;
EBT;UF;5201306;2.0000;1;0;1;0;0;0;
EBT;UF;5201405;18681.6875;233;41;130;32;3;27;
EBT;UF;5201702;1.0000;1;0;1;0;0;0;
EBT;UF;5202502;9.0000;5;0;5;0;0;0;
EBT;UF;5202601;1.2500;2;1;1;0;0;0;
EBT;UF;5203203;2.0000;2;0;2;0;0;0;
EBT;UF;5203302;2.0000;1;0;1;0;0;0;
EBT;UF;5203500;2.0000;1;0;1;0;0;0;
EBT;UF;5203906;6.0000;3;0;3;0;0;0;
EBT;UF;5204003;0.2500;1;1;0;0;0;0;
EBT;UF;5204102;0.5000;1;1;0;0;0;0;
EBT;UF;5204300;2.0000;1;0;1;0;0;0;
EBT;UF;5204508;196.0000;11;2;4;4;0;1;
EBT;UF;5204706;7.7500;6;2;4;0;0;0;
EBT;UF;5204805;0.7500;2;2;0;0;0;0;
EBT;UF;5204904;2.0000;1;0;1;0;0;0;
EBT;UF;5205109;755.3750;47;6;18;12;6;5;
EBT;UF;5205406;8.0000;4;0;4;0;0;0;
EBT;UF;5205455;1.0000;1;0;1;0;0;0;
EBT;UF;5205471;0.5000;1;1;0;0;0;0;
EBT;UF;5205497;37.4453;9;4;3;1;1;0;
EBT;UF;5205513;1.7500;3;2;1;0;0;0;
EBT;UF;5205802;0.2500;1;1;0;0;0;0;
EBT;UF;5205901;3.5000;4;1;3;0;0;0;
EBT;UF;5206206;417.5625;27;5;8;8;3;3;
EBT;UF;5206800;0.2500;1;1;0;0;0;0;
EBT;UF;5207402;2.0000;1;0;1;0;0;0;
EBT;UF;5207501;1.0000;1;0;1;0;0;0;
EBT;UF;5207600;0.5000;1;1;0;0;0;0;
EBT;UF;5207808;1.0000;1;0;1;0;0;0;
EBT;UF;5208004;11.5000;7;1;6;0;0;0;
EBT;UF;5208103;0.2500;1;1;0;0;0;0;
EBT;UF;5208509;155.0000;1;0;0;0;0;1;
EBT;UF;5208608;3.0000;2;0;2;0;0;0;
EBT;UF;5208707;129696.875;1097;133;564;167;51;182;
EBT;UF;5208806;163.0000;4;0;2;1;0;1;
EBT;UF;5208905;2.5000;2;1;1;0;0;0;
EBT;UF;5209101;165.7500;10;4;5;0;0;1;
EBT;UF;5209200;2.0000;1;0;1;0;0;0;
EBT;UF;5209705;2.0000;1;0;1;0;0;0;
EBT;UF;5209804;0.2500;1;1;0;0;0;0;
EBT;UF;5209937;2.0000;1;0;1;0;0;0;
EBT;UF;5210000;11.5000;7;1;6;0;0;0;
EBT;UF;5210208;6.0000;3;0;3;0;0;0;
EBT;UF;5210604;1.0000;1;0;1;0;0;0;
EBT;UF;5210802;0.2500;1;1;0;0;0;0;
EBT;UF;5210901;1.0000;1;0;1;0;0;0;
EBT;UF;5211206;0.5000;1;1;0;0;0;0;
EBT;UF;5211503;450.0000;43;3;30;6;2;2;
EBT;UF;5211800;6.0000;5;2;3;0;0;0;
EBT;UF;5211909;132.0000;18;2;14;1;0;1;
EBT;UF;5212105;0.2500;1;1;0;0;0;0;
EBT;UF;5212204;2.0000;1;0;1;0;0;0;
EBT;UF;5212303;0.2500;1;1;0;0;0;0;
EBT;UF;5212501;262.9063;64;17;34;11;1;1;
EBT;UF;5212956;0.5000;1;1;0;0;0;0;
EBT;UF;5213004;3.2500;3;1;2;0;0;0;
EBT;UF;5213103;173.5000;5;1;1;2;0;1;
EBT;UF;5213509;0.2500;1;1;0;0;0;0;
EBT;UF;5213756;1.2500;2;1;1;0;0;0;
EBT;UF;5213806;977.9375;23;7;9;0;1;6;
EBT;UF;5213905;0.2500;1;1;0;0;0;0;
EBT;UF;5214002;0.2500;1;1;0;0;0;0;
EBT;UF;5214408;1.0000;1;0;1;0;0;0;
EBT;UF;5214507;2.0000;1;0;1;0;0;0;
EBT;UF;5214606;2.0000;1;0;1;0;0;0;
EBT;UF;5214838;1.0000;1;0;1;0;0;0;
EBT;UF;5215231;24.0625;15;7;7;1;0;0;
EBT;UF;5215306;1.2500;2;1;1;0;0;0;
EBT;UF;5215504;0.2500;1;1;0;0;0;0;
EBT;UF;5215603;1.4648;1;0;1;0;0;0;
EBT;UF;5215702;6.0000;3;0;3;0;0;0;
EBT;UF;5216304;0.2500;1;1;0;0;0;0;
EBT;UF;5216403;4.0000;2;0;2;0;0;0;
EBT;UF;5216809;1.5000;2;1;1;0;0;0;
EBT;UF;5217104;2.0000;1;0;1;0;0;0;
EBT;UF;5217203;0.2500;1;1;0;0;0;0;
EBT;UF;5217401;36.0000;2;0;1;0;1;0;
EBT;UF;5217609;7.5000;5;1;4;0;0;0;
EBT;UF;5217708;4.0000;2;0;2;0;0;0;
EBT;UF;5218003;85.5000;7;1;3;1;1;1;
EBT;UF;5218052;2.0000;1;0;1;0;0;0;
EBT;UF;5218300;0.5000;1;1;0;0;0;0;
EBT;UF;5218508;2.0000;1;0;1;0;0;0;
EBT;UF;5218789;0.2500;1;1;0;0;0;0;
EBT;UF;5218805;16596.5000;115;11;48;23;7;26;
EBT;UF;5218904;2.0000;1;0;1;0;0;0;
EBT;UF;5219001;0.5000;1;1;0;0;0;0;
EBT;UF;5219100;0.2500;1;1;0;0;0;0;
EBT;UF;5219308;2.0000;1;0;1;0;0;0;
EBT;UF;5219605;2.0000;1;0;1;0;0;0;
EBT;UF;5219753;11.0000;8;2;6;0;0;0;
EBT;UF;5219902;0.2500;1;1;0;0;0;0;
EBT;UF;5220108;6.0000;3;0;3;0;0;0;
EBT;UF;5220405;2.0000;1;0;1;0;0;0;
EBT;UF;5220454;257.0000;22;2;17;0;2;1;
EBT;UF;5220603;2.0000;1;0;1;0;0;0;
EBT;UF;5221403;594.5625;23;4;8;6;1;4;
EBT;UF;5221601;185.0625;15;8;2;4;0;1;
EBT;UF;5221700;0.2500;1;1;0;0;0;0;
EBT;UF;5221809;0.2500;1;1;0;0;0;0;
EBT;UF;5221858;127.4375;52;14;29;8;1;0;
EBT;UF;5222005;2.0000;1;0;1;0;0;0;
EBT;UF;5300108;657341.588;4891;667;1871;1305;333;715;
TLB;UF;1302603;20.0000;1;0;0;0;1;0;
TLB;UF;3106200;0.2500;1;1;0;0;0;0;
TLB;UF;3304557;11.0000;2;0;1;1;0;0;
TLB;UF;3505708;100.0000;1;0;0;0;0;1;
TLB;UF;3509502;30.0000;2;0;0;1;1;0;
TLB;UF;3550308;10.0000;1;0;0;1;0;0;
TLB;UF;4205407;34.0000;1;0;0;0;1;0;
TLB;UF;5002704;200.0000;4;0;0;0;0;4;
09;1402;
