01;CLA;IPL4;201611;
EBT;UF;1100205;120.0000;1;0;0;0;0;1;
EBT;UF;1302603;1080.8750;95;13;49;24;2;7;
EBT;UF;1500800;5.2109;6;2;4;0;0;0;
EBT;UF;1501402;625.9609;42;7;20;10;0;5;
EBT;UF;1504703;2.0000;1;0;1;0;0;0;
EBT;UF;1721000;1024.7500;3;2;0;0;0;1;
EBT;UF;2111300;278.1728;54;28;20;3;0;3;
EBT;UF;2211001;746.3906;45;12;17;5;0;11;
EBT;UF;2304400;957.3672;66;17;30;12;0;7;
EBT;UF;2403251;16.0313;7;3;3;1;0;0;
EBT;UF;2408102;819.1992;75;23;34;10;0;8;
EBT;UF;2507507;1084.3555;48;12;22;5;0;9;
EBT;UF;2604106;120.0000;1;0;0;0;0;1;
EBT;UF;2607901;12.7148;10;4;6;0;0;0;
EBT;UF;2609600;1.6250;4;3;1;0;0;0;
EBT;UF;2610707;13.2500;4;1;2;1;0;0;
EBT;UF;2611606;1288.5898;74;12;40;10;0;12;
EBT;UF;2704302;191.2344;40;16;18;5;0;1;
EBT;UF;2800308;272.9297;17;4;6;5;0;2;
EBT;UF;2908200;2.0000;1;0;1;0;0;0;
EBT;UF;2919207;12.7148;8;1;7;0;0;0;
EBT;UF;2927408;1265.4492;57;26;17;1;0;13;
EBT;UF;3101607;2.0000;1;0;1;0;0;0;
EBT;UF;3103751;0.2500;1;1;0;0;0;0;
EBT;UF;3106200;4503.2734;536;98;352;47;0;39;
EBT;UF;3106705;362.0000;4;0;1;0;0;3;
EBT;UF;3107406;2.0000;1;0;1;0;0;0;
EBT;UF;3109303;2.0000;1;0;1;0;0;0;
EBT;UF;3110004;2.0000;1;0;1;0;0;0;
EBT;UF;3113404;0.5000;1;1;0;0;0;0;
EBT;UF;3118304;2.0000;1;0;1;0;0;0;
EBT;UF;3118601;130.0313;10;5;3;1;0;1;
EBT;UF;3118908;0.2500;1;1;0;0;0;0;
EBT;UF;3119104;2.0000;1;0;1;0;0;0;
EBT;UF;3119302;1.0000;1;0;1;0;0;0;
EBT;UF;3119401;0.5000;1;1;0;0;0;0;
EBT;UF;3122306;0.5000;1;1;0;0;0;0;
EBT;UF;3123700;2.0000;1;0;1;0;0;0;
EBT;UF;3124104;2.0000;1;0;1;0;0;0;
EBT;UF;3125101;0.5000;1;1;0;0;0;0;
EBT;UF;3127701;241.9648;4;1;1;0;0;2;
EBT;UF;3131307;240.5000;3;1;0;0;0;2;
EBT;UF;3131703;4.9297;3;0;3;0;0;0;
EBT;UF;3132404;1.0000;1;0;1;0;0;0;
EBT;UF;3135100;2.0000;2;0;2;0;0;0;
EBT;UF;3135803;2.0000;1;0;1;0;0;0;
EBT;UF;3136207;0.5000;1;1;0;0;0;0;
EBT;UF;3136702;15.5391;8;0;6;2;0;0;
EBT;UF;3138203;0.2500;1;1;0;0;0;0;
EBT;UF;3139409;9.5000;5;1;3;1;0;0;
EBT;UF;3144409;2.0000;1;0;1;0;0;0;
EBT;UF;3144805;295.3203;7;1;3;0;0;3;
EBT;UF;3145901;2.0000;1;0;1;0;0;0;
EBT;UF;3147907;2.0000;1;0;1;0;0;0;
EBT;UF;3151800;4.0000;2;0;2;0;0;0;
EBT;UF;3152105;2.0000;1;0;1;0;0;0;
EBT;UF;3154606;0.5000;1;1;0;0;0;0;
EBT;UF;3156700;2.2148;3;2;1;0;0;0;
EBT;UF;3156908;1.0000;1;0;1;0;0;0;
EBT;UF;3157807;1.0000;1;0;1;0;0;0;
EBT;UF;3158201;1.0000;1;0;1;0;0;0;
EBT;UF;3158953;2.0000;1;0;1;0;0;0;
EBT;UF;3160702;4.0000;2;0;2;0;0;0;
EBT;UF;3162500;2.5000;2;1;1;0;0;0;
EBT;UF;3167202;8.0000;4;0;4;0;0;0;
EBT;UF;3168101;4.0000;2;0;2;0;0;0;
EBT;UF;3168705;6.0000;3;0;3;0;0;0;
EBT;UF;3169307;0.5000;1;1;0;0;0;0;
EBT;UF;3169802;1.0000;1;0;1;0;0;0;
EBT;UF;3170107;132.0000;5;0;2;2;0;1;
EBT;UF;3170206;384.1250;19;7;7;2;0;3;
EBT;UF;3170701;2.0000;1;0;1;0;0;0;
EBT;UF;3201308;126.5000;6;2;3;0;0;1;
EBT;UF;3205002;14.2500;10;8;1;1;0;0;
EBT;UF;3205200;253.7656;41;13;22;3;1;2;
EBT;UF;3205309;1287.0313;122;16;64;30;3;9;
EBT;UF;3300100;4.0000;2;0;2;0;0;0;
EBT;UF;3300308;0.3125;2;2;0;0;0;0;
EBT;UF;3300407;0.7500;2;2;0;0;0;0;
EBT;UF;3300456;7.0898;7;3;4;0;0;0;
EBT;UF;3301009;122.0000;5;3;1;0;0;1;
EBT;UF;3301702;28.7461;17;3;12;2;0;0;
EBT;UF;3301900;2.0000;1;0;1;0;0;0;
EBT;UF;3302403;248.9297;6;0;3;1;0;2;
EBT;UF;3302858;69.2500;16;10;4;1;0;1;
EBT;UF;3303203;20.2158;13;7;5;1;0;0;
EBT;UF;3303302;12.0000;2;0;1;1;0;0;
EBT;UF;3303500;146.3486;23;7;15;0;0;1;
EBT;UF;3303708;1.0000;1;0;1;0;0;0;
EBT;UF;3304201;10.0000;6;0;6;0;0;0;
EBT;UF;3304557;7506.1757;960;161;483;265;1;50;
EBT;UF;3304904;0.2500;1;1;0;0;0;0;
EBT;UF;3305109;3.0000;2;0;2;0;0;0;
EBT;UF;3305802;120.2500;2;1;0;0;0;1;
EBT;UF;3306206;0.2500;1;1;0;0;0;0;
EBT;UF;3306305;120.0000;1;0;0;0;0;1;
EBT;UF;3500501;1.0000;1;0;1;0;0;0;
EBT;UF;3501608;507.0117;40;16;17;2;0;5;
EBT;UF;3501905;2.0000;1;0;1;0;0;0;
EBT;UF;3502507;11.1797;12;5;7;0;0;0;
EBT;UF;3502804;192.7500;34;4;24;5;0;1;
EBT;UF;3503208;948.8516;51;20;22;1;0;8;
EBT;UF;3503307;130.7422;15;8;6;0;0;1;
EBT;UF;3504107;161.5703;27;7;18;1;0;1;
EBT;UF;3505708;663.7383;121;52;58;5;1;5;
EBT;UF;3506003;944.7344;84;19;53;2;0;10;
EBT;UF;3506607;4.0000;2;0;2;0;0;0;
EBT;UF;3507506;120.5000;3;1;0;0;0;2;
EBT;UF;3507605;168.9844;26;8;14;3;0;1;
EBT;UF;3508504;5.5273;6;1;5;0;0;0;
EBT;UF;3508603;10.0000;1;0;0;1;0;0;
EBT;UF;3509007;2.5000;2;1;1;0;0;0;
EBT;UF;3509205;10.2500;9;4;5;0;0;0;
EBT;UF;3509502;1025.1445;175;39;118;11;0;7;
EBT;UF;3510401;124.7148;8;4;3;0;0;1;
EBT;UF;3510500;2.0000;1;0;1;0;0;0;
EBT;UF;3510609;31.8984;20;4;15;1;0;0;
EBT;UF;3513009;63.3125;42;8;33;1;0;0;
EBT;UF;3513405;17.3945;13;3;10;0;0;0;
EBT;UF;3513504;127.0273;7;2;4;0;0;1;
EBT;UF;3513801;46.9297;35;5;29;1;0;0;
EBT;UF;3514908;3.7148;3;1;2;0;0;0;
EBT;UF;3515004;24.7813;18;5;13;0;0;0;
EBT;UF;3515103;2.0000;1;0;1;0;0;0;
EBT;UF;3515707;5.0000;3;0;3;0;0;0;
EBT;UF;3516200;782.0000;8;0;1;0;0;7;
EBT;UF;3516309;2.5000;2;1;1;0;0;0;
EBT;UF;3516408;2.2500;2;1;1;0;0;0;
EBT;UF;3518305;6.0000;3;0;3;0;0;0;
EBT;UF;3518404;15.2695;16;7;9;0;0;0;
EBT;UF;3518701;265.5635;32;15;15;0;0;2;
EBT;UF;3518800;521.5312;70;21;40;5;0;4;
EBT;UF;3519071;1.0000;1;0;1;0;0;0;
EBT;UF;3520509;92.3945;14;0;10;3;0;1;
EBT;UF;3522208;17.6797;14;4;10;0;0;0;
EBT;UF;3522307;345.0273;28;9;14;2;0;3;
EBT;UF;3522505;40.5234;24;3;20;1;0;0;
EBT;UF;3524402;11.4570;11;4;7;0;0;0;
EBT;UF;3525003;3.1250;6;4;2;0;0;0;
EBT;UF;3525300;90.9961;22;7;12;2;0;1;
EBT;UF;3525904;125.5859;46;19;23;3;0;1;
EBT;UF;3526704;2.0000;1;0;1;0;0;0;
EBT;UF;3526902;359.9062;30;6;18;1;0;5;
EBT;UF;3527207;19.2070;14;3;10;1;0;0;
EBT;UF;3528502;4.5000;4;1;3;0;0;0;
EBT;UF;3529005;627.2148;13;2;4;2;0;5;
EBT;UF;3529401;20.3047;23;7;16;0;0;0;
EBT;UF;3530607;42.7812;35;9;26;0;0;0;
EBT;UF;3530706;23.6016;19;3;16;0;0;0;
EBT;UF;3530805;14.2070;11;3;8;0;0;0;
EBT;UF;3531100;0.5000;1;1;0;0;0;0;
EBT;UF;3531803;129.1797;9;3;5;0;0;1;
EBT;UF;3533403;2.0000;2;0;2;0;0;0;
EBT;UF;3534401;246.3320;106;36;67;2;0;1;
EBT;UF;3536505;2.9297;2;0;2;0;0;0;
EBT;UF;3538006;35.2109;15;2;11;2;0;0;
EBT;UF;3538709;495.5156;42;12;22;4;0;4;
EBT;UF;3539806;0.2500;1;1;0;0;0;0;
EBT;UF;3540606;4.5000;5;1;4;0;0;0;
EBT;UF;3540754;1.0000;1;0;1;0;0;0;
EBT;UF;3541000;142.0547;23;11;10;1;0;1;
EBT;UF;3541406;1.0000;1;0;1;0;0;0;
EBT;UF;3542107;2.0000;1;0;1;0;0;0;
EBT;UF;3542404;6.0000;3;0;3;0;0;0;
EBT;UF;3543303;5.0000;3;0;3;0;0;0;
EBT;UF;3543402;1655.6933;160;36;97;9;0;18;
EBT;UF;3543907;248.8125;20;6;11;0;0;3;
EBT;UF;3544103;0.5000;1;1;0;0;0;0;
EBT;UF;3545001;8.0000;4;0;4;0;0;0;
EBT;UF;3545209;10.4609;9;2;7;0;0;0;
EBT;UF;3545803;20.9258;19;8;10;1;0;0;
EBT;UF;3546009;4.0000;2;0;2;0;0;0;
EBT;UF;3546801;2.5000;3;1;2;0;0;0;
EBT;UF;3547304;26.3398;14;3;9;2;0;0;
EBT;UF;3547502;1.0000;1;0;1;0;0;0;
EBT;UF;3547809;78.7656;65;25;39;1;0;0;
EBT;UF;3548500;1582.6992;99;33;46;6;0;14;
EBT;UF;3548609;1.0000;1;0;1;0;0;0;
EBT;UF;3548708;204.3320;94;38;50;4;0;2;
EBT;UF;3548807;175.2773;46;16;26;3;0;1;
EBT;UF;3548906;242.1250;65;16;40;6;0;3;
EBT;UF;3549805;1618.0703;93;13;59;8;1;12;
EBT;UF;3549904;477.0273;92;27;58;4;0;3;
EBT;UF;3550308;13442.4284;1710;482;1041;79;1;107;
EBT;UF;3551009;135.2422;19;8;10;0;0;1;
EBT;UF;3551603;2.0000;1;0;1;0;0;0;
EBT;UF;3551702;108.9570;14;6;6;0;0;2;
EBT;UF;3552205;531.9980;64;11;40;9;0;4;
EBT;UF;3552403;13.1797;10;3;7;0;0;0;
EBT;UF;3552502;3.7500;4;2;2;0;0;0;
EBT;UF;3552809;32.3594;26;8;18;0;0;0;
EBT;UF;3554102;687.7109;23;2;12;7;0;2;
EBT;UF;3554508;125.7813;5;0;4;0;0;1;
EBT;UF;3556206;134.8594;9;0;7;1;0;1;
EBT;UF;3556453;3.9297;4;2;2;0;0;0;
EBT;UF;3556701;2.0000;3;2;1;0;0;0;
EBT;UF;3557006;1.0000;1;0;1;0;0;0;
EBT;UF;4100400;0.2500;1;1;0;0;0;0;
EBT;UF;4101804;1.4648;1;0;1;0;0;0;
EBT;UF;4104808;250.0000;3;0;0;1;0;2;
EBT;UF;4105805;6.2500;2;1;0;1;0;0;
EBT;UF;4106902;2273.4765;298;137;131;13;0;17;
EBT;UF;4113700;680.0703;68;12;46;4;0;6;
EBT;UF;4115200;478.8398;58;15;34;4;0;5;
EBT;UF;4119152;0.5000;2;2;0;0;0;0;
EBT;UF;4119905;166.2031;38;10;27;0;0;1;
EBT;UF;4125506;1.9648;2;1;1;0;0;0;
EBT;UF;4128609;0.1250;2;2;0;0;0;0;
EBT;UF;4202008;10.0000;1;0;0;1;0;0;
EBT;UF;4202404;572.3594;77;19;52;2;0;4;
EBT;UF;4204608;130.0000;2;0;0;1;0;1;
EBT;UF;4205407;980.3144;94;45;37;4;0;8;
EBT;UF;4208203;120.0000;1;0;0;0;0;1;
EBT;UF;4209102;259.7109;6;0;1;3;0;2;
EBT;UF;4211900;121.4648;2;0;1;0;0;1;
EBT;UF;4216602;126.6445;6;1;4;0;0;1;
EBT;UF;4303905;120.0000;1;0;0;0;0;1;
EBT;UF;4304606;22.9297;16;7;6;3;0;0;
EBT;UF;4304630;10.0000;1;0;0;1;0;0;
EBT;UF;4305108;918.4883;61;20;28;3;0;10;
EBT;UF;4306106;120.0000;1;0;0;0;0;1;
EBT;UF;4307906;120.0000;1;0;0;0;0;1;
EBT;UF;4309209;125.5000;5;2;1;1;0;1;
EBT;UF;4313409;490.2500;6;1;0;1;0;4;
EBT;UF;4314100;265.2891;26;10;14;0;0;2;
EBT;UF;4314407;405.2539;37;14;18;2;0;3;
EBT;UF;4314902;2607.3984;328;148;139;23;2;16;
EBT;UF;4315602;240.0000;2;0;0;0;0;2;
EBT;UF;4316808;120.0000;1;0;0;0;0;1;
EBT;UF;4316907;393.0742;27;8;14;2;0;3;
EBT;UF;4319901;120.0000;1;0;0;0;0;1;
EBT;UF;4320008;120.0000;1;0;0;0;0;1;
EBT;UF;4322400;9.7148;10;5;5;0;0;0;
EBT;UF;5002704;1273.4023;69;19;23;18;0;9;
EBT;UF;5103403;1045.2500;125;38;60;16;3;8;
EBT;UF;5108402;40.2148;27;15;10;2;0;0;
EBT;UF;5208707;16684.3555;116;36;37;13;3;27;
EBT;UF;5218805;8.0000;2;0;0;2;0;0;
EBT;UF;5300108;1950.2812;227;92;78;39;5;13;
09;239;
