01;CLA;IPL4;201411;
EBT;UF;1100023;140.3750;39;5;30;2;2;0;
EBT;UF;1100049;336.6875;88;20;52;14;1;1;
EBT;UF;1100080;0.3750;2;2;0;0;0;0;
EBT;UF;1100098;0.5000;1;1;0;0;0;0;
EBT;UF;1100106;16.0000;6;0;4;2;0;0;
EBT;UF;1100114;103.0000;16;0;13;1;2;0;
EBT;UF;1100122;1059.4766;172;14;128;18;9;3;
EBT;UF;1100155;90.0000;8;0;4;1;3;0;
EBT;UF;1100189;141.3125;46;9;31;4;2;0;
EBT;UF;1100205;14780.2891;741;96;456;118;31;40;
EBT;UF;1100288;4.0000;2;0;2;0;0;0;
EBT;UF;1100296;1.0000;1;0;1;0;0;0;
EBT;UF;1100304;626.6875;136;15;99;15;6;1;
EBT;UF;1100346;1.0000;1;0;1;0;0;0;
EBT;UF;1100452;1.0000;1;0;1;0;0;0;
EBT;UF;1100924;2.0000;1;0;1;0;0;0;
EBT;UF;1101005;1.0000;1;0;1;0;0;0;
EBT;UF;1101468;0.5000;1;1;0;0;0;0;
EBT;UF;1101500;0.1250;1;1;0;0;0;0;
EBT;UF;1200054;1.0000;1;0;1;0;0;0;
EBT;UF;1200104;1.0000;1;0;1;0;0;0;
EBT;UF;1200138;17.0000;6;0;4;2;0;0;
EBT;UF;1200203;5.0000;3;0;3;0;0;0;
EBT;UF;1200252;0.1875;2;2;0;0;0;0;
EBT;UF;1200344;1.0000;1;0;1;0;0;0;
EBT;UF;1200401;7762.2891;374;45;223;75;12;19;
EBT;UF;1200450;4.0000;2;0;2;0;0;0;
EBT;UF;1301100;2.0000;2;0;2;0;0;0;
EBT;UF;1301704;114.2500;8;1;5;1;0;1;
EBT;UF;1301852;2.0000;1;0;1;0;0;0;
EBT;UF;1302603;10530.3750;912;111;557;148;65;31;
EBT;UF;1303403;2.5000;3;2;1;0;0;0;
EBT;UF;1400100;693.0000;126;10;63;46;6;1;
EBT;UF;1500602;2.0000;1;0;1;0;0;0;
EBT;UF;1500800;7992.0000;145;9;81;43;5;7;
EBT;UF;1501303;24.0000;4;0;2;2;0;0;
EBT;UF;1501402;48919.7070;926;36;380;318;99;93;
EBT;UF;1501501;45.3750;19;5;11;3;0;0;
EBT;UF;1501709;0.2500;1;1;0;0;0;0;
EBT;UF;1502202;130.0000;7;0;0;3;4;0;
EBT;UF;1502400;124.0000;32;3;22;5;2;0;
EBT;UF;1503606;6.0000;3;0;3;0;0;0;
EBT;UF;1503903;2.0000;1;0;1;0;0;0;
EBT;UF;1504208;395.4375;115;31;61;17;5;1;
EBT;UF;1504422;249.8125;70;12;40;15;3;0;
EBT;UF;1505304;1.0000;1;0;1;0;0;0;
EBT;UF;1505502;388.0000;20;0;13;2;2;3;
EBT;UF;1506203;1.0000;2;2;0;0;0;0;
EBT;UF;1506807;191.7813;43;9;27;4;1;2;
EBT;UF;1507607;4.0000;2;0;2;0;0;0;
EBT;UF;1508209;0.2500;1;1;0;0;0;0;
EBT;UF;1600303;410.0625;107;12;69;22;3;1;
EBT;UF;1600600;19.5000;13;4;8;1;0;0;
EBT;UF;1700350;4.0000;3;0;3;0;0;0;
EBT;UF;1700707;17.7500;7;2;4;1;0;0;
EBT;UF;1702000;0.2500;1;1;0;0;0;0;
EBT;UF;1702109;492.3750;81;12;34;29;6;0;
EBT;UF;1705508;212.0000;8;0;6;0;0;2;
EBT;UF;1707009;5.0000;3;0;3;0;0;0;
EBT;UF;1709302;92.6875;10;4;4;1;0;1;
EBT;UF;1709500;229.3125;20;3;8;7;0;2;
EBT;UF;1713205;8.5625;8;3;5;0;0;0;
EBT;UF;1713304;4.7500;6;3;3;0;0;0;
EBT;UF;1714880;15.3125;6;2;3;1;0;0;
EBT;UF;1716109;45.5000;10;1;6;2;1;0;
EBT;UF;1716604;8.0000;4;0;4;0;0;0;
EBT;UF;1718204;252.7500;28;4;13;7;3;1;
EBT;UF;1718402;4.0000;1;0;0;1;0;0;
EBT;UF;1721000;1992.4375;220;41;102;56;16;5;
EBT;UF;1722081;4.0000;1;0;0;1;0;0;
EBT;UF;2100204;32.0000;1;0;0;0;1;0;
EBT;UF;2101202;100.0000;8;0;5;0;3;0;
EBT;UF;2101251;155.0000;1;0;0;0;0;1;
EBT;UF;2101400;124.0000;8;0;0;6;1;1;
EBT;UF;2101608;0.1250;1;1;0;0;0;0;
EBT;UF;2103000;1144.0000;24;0;5;7;5;7;
EBT;UF;2103307;155.0000;1;0;0;0;0;1;
EBT;UF;2103604;0.5000;1;1;0;0;0;0;
EBT;UF;2105302;401.2500;34;2;11;17;3;1;
EBT;UF;2105427;20.0000;3;0;1;2;0;0;
EBT;UF;2108603;4.0000;1;0;0;1;0;0;
EBT;UF;2109106;2.2500;4;3;1;0;0;0;
EBT;UF;2109908;43.0000;8;2;5;0;1;0;
EBT;UF;2110302;52.0000;6;0;1;5;0;0;
EBT;UF;2111201;34.2500;11;5;2;4;0;0;
EBT;UF;2111300;15165.9453;295;25;75;137;42;16;
EBT;UF;2112209;162.0000;6;0;0;2;3;1;
EBT;UF;2112902;0.3750;2;2;0;0;0;0;
EBT;UF;2114007;2.0000;1;0;1;0;0;0;
EBT;UF;2200400;32.0000;1;0;0;0;1;0;
EBT;UF;2201507;32.0000;1;0;0;0;1;0;
EBT;UF;2202000;32.0000;1;0;0;0;1;0;
EBT;UF;2202208;72.0000;3;0;0;1;2;0;
EBT;UF;2202406;64.0000;2;0;0;0;2;0;
EBT;UF;2202703;32.0000;1;0;0;0;1;0;
EBT;UF;2203701;106.0000;4;0;0;1;3;0;
EBT;UF;2203909;10.0000;2;0;1;1;0;0;
EBT;UF;2206407;32.0000;1;0;0;0;1;0;
EBT;UF;2207702;144.0000;7;0;0;3;4;0;
EBT;UF;2208403;481.0000;12;0;1;1;9;1;
EBT;UF;2211001;16775.3438;294;5;63;108;107;11;
EBT;UF;2300309;6.0000;1;0;0;1;0;0;
EBT;UF;2301000;129.2500;9;1;5;2;0;1;
EBT;UF;2301109;52.0000;5;0;0;4;1;0;
EBT;UF;2301901;40.6250;9;3;1;5;0;0;
EBT;UF;2302503;20.0000;2;0;0;2;0;0;
EBT;UF;2303709;34.2891;21;6;13;2;0;0;
EBT;UF;2303808;18.0000;2;0;1;0;1;0;
EBT;UF;2303956;0.2500;1;1;0;0;0;0;
EBT;UF;2304103;8.2500;2;1;0;1;0;0;
EBT;UF;2304202;55.0000;5;0;2;2;1;0;
EBT;UF;2304285;219.0000;25;0;15;5;4;1;
EBT;UF;2304400;10398.3125;403;26;123;169;50;35;
EBT;UF;2305233;77.0625;10;1;5;2;2;0;
EBT;UF;2305407;100.0000;4;0;0;1;2;1;
EBT;UF;2305506;42.0000;3;0;0;2;1;0;
EBT;UF;2306256;0.5000;1;1;0;0;0;0;
EBT;UF;2306405;38.0000;5;0;0;5;0;0;
EBT;UF;2307007;1.0000;1;0;1;0;0;0;
EBT;UF;2307304;234.5000;25;1;10;12;1;1;
EBT;UF;2307601;120.0000;5;0;0;3;1;1;
EBT;UF;2307650;169.7500;39;2;20;16;1;0;
EBT;UF;2307700;20.0000;2;0;0;2;0;0;
EBT;UF;2308302;16.0000;1;0;0;0;1;0;
EBT;UF;2309607;106.0000;3;0;0;0;2;1;
EBT;UF;2310704;1.0000;1;0;1;0;0;0;
EBT;UF;2311306;69.0000;6;0;1;3;2;0;
EBT;UF;2311801;64.3750;17;6;8;2;1;0;
EBT;UF;2312403;4.0000;2;0;2;0;0;0;
EBT;UF;2312908;401.3125;41;6;12;17;4;2;
EBT;UF;2313302;0.1875;2;2;0;0;0;0;
EBT;UF;2313401;772.0000;14;0;2;4;3;5;
EBT;UF;2400109;106.0000;5;0;0;3;1;1;
EBT;UF;2400802;20.5000;3;1;0;2;0;0;
EBT;UF;2403251;150.3750;41;5;23;13;0;0;
EBT;UF;2404507;1.0000;1;0;1;0;0;0;
EBT;UF;2406700;10.0000;1;0;0;1;0;0;
EBT;UF;2407104;50.0000;17;0;14;3;0;0;
EBT;UF;2407203;10.0000;1;0;0;1;0;0;
EBT;UF;2407401;26.0000;2;0;0;1;1;0;
EBT;UF;2408003;782.0625;49;6;25;9;5;4;
EBT;UF;2408102;5612.5000;149;17;33;60;18;21;
EBT;UF;2409332;4.0000;1;0;0;1;0;0;
EBT;UF;2412005;231.5000;23;1;13;6;1;2;
EBT;UF;2501807;79.0000;11;0;7;3;1;0;
EBT;UF;2503209;527.2500;30;1;16;9;1;3;
EBT;UF;2504009;1409.7500;60;6;12;28;6;8;
EBT;UF;2506301;42.0000;2;0;0;1;1;0;
EBT;UF;2506905;48.0000;2;0;0;0;2;0;
EBT;UF;2507507;5806.3125;219;16;87;67;24;25;
EBT;UF;2510808;197.0000;3;0;0;1;1;1;
EBT;UF;2516201;2.0000;1;0;1;0;0;0;
EBT;UF;2600054;227.6250;33;7;23;1;1;1;
EBT;UF;2601102;18.0000;1;0;0;0;1;0;
EBT;UF;2601201;90.0000;7;0;1;2;4;0;
EBT;UF;2601706;90.5000;5;1;0;1;3;0;
EBT;UF;2601904;22.0000;1;0;0;0;1;0;
EBT;UF;2602902;1191.0000;78;6;49;15;2;6;
EBT;UF;2603454;17.5000;10;1;8;1;0;0;
EBT;UF;2604007;31.0000;3;0;1;1;1;0;
EBT;UF;2604106;1637.4727;59;7;26;19;4;3;
EBT;UF;2605103;24.7891;3;0;2;0;1;0;
EBT;UF;2606002;20.5000;3;1;0;2;0;0;
EBT;UF;2606408;145.2500;10;3;5;1;0;1;
EBT;UF;2606804;42.5000;16;1;10;5;0;0;
EBT;UF;2607208;596.2500;39;6;16;14;0;3;
EBT;UF;2607901;748.2813;140;16;71;47;5;1;
EBT;UF;2608909;5.0000;8;5;3;0;0;0;
EBT;UF;2609600;439.0000;50;7;25;12;4;2;
EBT;UF;2610707;459.6250;61;8;43;7;1;2;
EBT;UF;2610905;168.0000;3;0;0;0;2;1;
EBT;UF;2611101;72.5000;14;1;8;4;1;0;
EBT;UF;2611606;17180.8125;595;37;226;192;73;67;
EBT;UF;2612000;50.0000;1;0;0;0;0;1;
EBT;UF;2612208;22.0000;3;0;0;3;0;0;
EBT;UF;2613701;41.0000;7;0;4;2;1;0;
EBT;UF;2613909;151.6250;31;18;6;1;6;0;
EBT;UF;2700300;328.5625;42;2;21;17;1;1;
EBT;UF;2704302;3715.3750;295;39;95;125;20;16;
EBT;UF;2704708;2.0000;1;0;1;0;0;0;
EBT;UF;2706307;2.0000;1;0;1;0;0;0;
EBT;UF;2706703;12.0000;2;0;1;1;0;0;
EBT;UF;2707701;169.5000;11;1;9;0;0;1;
EBT;UF;2708600;2.0000;1;0;1;0;0;0;
EBT;UF;2800308;6674.4375;274;37;95;102;20;20;
EBT;UF;2800670;2.8750;5;3;2;0;0;0;
EBT;UF;2802106;10.0000;1;0;0;1;0;0;
EBT;UF;2803203;1.0000;1;0;1;0;0;0;
EBT;UF;2804805;528.0000;58;7;31;16;1;3;
EBT;UF;2805703;30.0000;3;0;0;3;0;0;
EBT;UF;2806701;70.5625;12;3;5;3;1;0;
EBT;UF;2900702;97.5000;13;1;5;5;2;0;
EBT;UF;2901007;1.0000;1;0;1;0;0;0;
EBT;UF;2901106;1.0000;1;0;1;0;0;0;
EBT;UF;2903201;18.0000;5;0;3;2;0;0;
EBT;UF;2904605;47.0000;4;0;2;1;0;1;
EBT;UF;2904704;2.0000;1;0;1;0;0;0;
EBT;UF;2905602;130.0000;5;0;2;1;1;1;
EBT;UF;2905701;481.6250;79;5;47;23;2;2;
EBT;UF;2906501;734.0000;17;0;6;5;2;4;
EBT;UF;2906709;2.0000;1;0;1;0;0;0;
EBT;UF;2908408;1.0000;1;0;1;0;0;0;
EBT;UF;2908507;1.0000;1;0;1;0;0;0;
EBT;UF;2909802;48.0000;4;0;0;3;1;0;
EBT;UF;2910727;360.8125;25;3;13;6;1;2;
EBT;UF;2910800;3143.5625;154;19;65;47;9;14;
EBT;UF;2912103;4.0000;1;0;0;1;0;0;
EBT;UF;2913606;780.5000;72;1;20;43;6;2;
EBT;UF;2914653;18.0000;3;0;1;2;0;0;
EBT;UF;2914802;1666.1250;69;9;28;21;3;8;
EBT;UF;2914901;72.0000;2;0;0;1;0;1;
EBT;UF;2915304;2.0000;1;0;1;0;0;0;
EBT;UF;2915601;36.0000;8;0;6;1;1;0;
EBT;UF;2915809;12.0000;2;0;1;1;0;0;
EBT;UF;2916302;2.0000;1;0;1;0;0;0;
EBT;UF;2916401;154.1875;8;2;2;1;2;1;
EBT;UF;2917102;2.0000;1;0;1;0;0;0;
EBT;UF;2917607;150.0000;2;0;0;0;0;2;
EBT;UF;2918001;197.0000;22;3;10;7;1;1;
EBT;UF;2918407;6.0000;3;0;3;0;0;0;
EBT;UF;2919207;785.5000;51;1;22;21;4;3;
EBT;UF;2919553;2.0000;1;0;1;0;0;0;
EBT;UF;2920601;18.0000;2;0;0;2;0;0;
EBT;UF;2921005;20.2500;3;1;0;2;0;0;
EBT;UF;2921302;10.0000;2;0;0;2;0;0;
EBT;UF;2922003;14.0000;2;0;0;2;0;0;
EBT;UF;2924009;88.1250;12;1;5;4;2;0;
EBT;UF;2925006;4.0000;2;0;2;0;0;0;
EBT;UF;2925105;20.0000;2;0;0;2;0;0;
EBT;UF;2925303;308.0000;20;0;10;5;3;2;
EBT;UF;2927002;0.5000;1;1;0;0;0;0;
EBT;UF;2927408;36155.7656;935;107;322;352;75;79;
EBT;UF;2928703;176.0000;5;0;1;1;2;1;
EBT;UF;2929206;4.0625;2;1;0;1;0;0;
EBT;UF;2929305;50.0000;1;0;0;0;0;1;
EBT;UF;2929354;4.0000;1;0;0;1;0;0;
EBT;UF;2930105;15.0000;4;0;3;1;0;0;
EBT;UF;2930709;199.5000;47;3;27;17;0;0;
EBT;UF;2931350;3314.3125;34;4;13;4;4;9;
EBT;UF;2932507;32.0000;1;0;0;0;1;0;
EBT;UF;2932903;16.2500;11;6;4;1;0;0;
EBT;UF;2933307;1007.5625;77;8;35;25;5;4;
EBT;UF;3100302;2.0000;1;0;1;0;0;0;
EBT;UF;3101508;258.0000;9;0;1;0;8;0;
EBT;UF;3101607;69.1250;35;7;25;3;0;0;
EBT;UF;3101904;2.0000;1;0;1;0;0;0;
EBT;UF;3103504;44.0898;22;2;17;3;0;0;
EBT;UF;3104007;78.7500;33;8;24;0;1;0;
EBT;UF;3104205;13.2500;8;1;7;0;0;0;
EBT;UF;3104601;32.0000;1;0;0;0;1;0;
EBT;UF;3104908;4.0000;2;0;2;0;0;0;
EBT;UF;3105608;217.8945;27;1;17;3;6;0;
EBT;UF;3106200;125755.191;2720;332;1533;508;203;144;
EBT;UF;3106309;74.0625;5;1;1;1;2;0;
EBT;UF;3106705;2188.9727;274;56;159;29;26;4;
EBT;UF;3107109;4.0000;2;0;2;0;0;0;
EBT;UF;3107406;6.0000;3;0;3;0;0;0;
EBT;UF;3107703;0.2500;1;1;0;0;0;0;
EBT;UF;3108404;2.0000;1;0;1;0;0;0;
EBT;UF;3108909;2.2500;2;1;1;0;0;0;
EBT;UF;3109303;2.0000;1;0;1;0;0;0;
EBT;UF;3109501;2.0000;1;0;1;0;0;0;
EBT;UF;3109709;2.0000;1;0;1;0;0;0;
EBT;UF;3110004;2.5000;2;1;1;0;0;0;
EBT;UF;3110301;2.0000;1;0;1;0;0;0;
EBT;UF;3110509;5.0000;3;0;3;0;0;0;
EBT;UF;3110608;3.0000;2;0;2;0;0;0;
EBT;UF;3110707;4.0000;2;0;2;0;0;0;
EBT;UF;3111606;2.0000;1;0;1;0;0;0;
EBT;UF;3112307;2.0000;1;0;1;0;0;0;
EBT;UF;3113206;64.0000;2;0;0;0;2;0;
EBT;UF;3113404;14.0000;3;0;2;1;0;0;
EBT;UF;3114303;2.0000;1;0;1;0;0;0;
EBT;UF;3114501;2.0000;1;0;1;0;0;0;
EBT;UF;3115300;559.0000;10;0;2;3;2;3;
EBT;UF;3115508;10.6250;8;3;5;0;0;0;
EBT;UF;3117876;24.0000;3;0;0;3;0;0;
EBT;UF;3118007;23.8125;11;3;7;1;0;0;
EBT;UF;3118304;83.8398;29;7;18;3;1;0;
EBT;UF;3118403;32.0000;1;0;0;0;1;0;
EBT;UF;3118601;3166.7930;436;64;251;75;37;9;
EBT;UF;3119401;86.5000;17;1;14;0;2;0;
EBT;UF;3120904;63.0000;28;0;26;2;0;0;
EBT;UF;3122306;1016.2187;76;8;50;10;3;5;
EBT;UF;3122454;0.2500;1;1;0;0;0;0;
EBT;UF;3123601;4.0000;2;0;2;0;0;0;
EBT;UF;3123908;2.0000;1;0;1;0;0;0;
EBT;UF;3124203;32.0000;1;0;0;0;1;0;
EBT;UF;3125101;17.0000;10;0;10;0;0;0;
EBT;UF;3126109;4.0000;2;0;2;0;0;0;
EBT;UF;3127008;4.0000;2;0;2;0;0;0;
EBT;UF;3127107;17.0000;9;0;9;0;0;0;
EBT;UF;3127701;1726.6289;94;10;55;10;13;6;
EBT;UF;3128709;8.0000;1;0;0;1;0;0;
EBT;UF;3129509;2.0000;1;0;1;0;0;0;
EBT;UF;3129806;88.9648;17;3;12;0;2;0;
EBT;UF;3130101;6.0000;3;0;3;0;0;0;
EBT;UF;3130309;4.0000;2;0;2;0;0;0;
EBT;UF;3131307;795.5000;84;14;46;9;13;2;
EBT;UF;3131703;416.4531;46;15;24;4;1;2;
EBT;UF;3131901;8.8750;9;4;5;0;0;0;
EBT;UF;3132206;6.0000;3;0;3;0;0;0;
EBT;UF;3132404;387.5820;71;19;37;7;8;0;
EBT;UF;3133006;9.0000;5;0;5;0;0;0;
EBT;UF;3133600;1.0000;1;0;1;0;0;0;
EBT;UF;3133808;134.2500;27;3;16;7;1;0;
EBT;UF;3134103;0.2500;1;1;0;0;0;0;
EBT;UF;3134202;32.9297;19;2;17;0;0;0;
EBT;UF;3135209;2.0000;1;0;1;0;0;0;
EBT;UF;3135407;28.1250;7;1;4;2;0;0;
EBT;UF;3135506;2.0000;1;0;1;0;0;0;
EBT;UF;3136207;37.0000;31;13;17;1;0;0;
EBT;UF;3136306;62.0000;8;0;5;2;1;0;
EBT;UF;3136603;0.2500;1;1;0;0;0;0;
EBT;UF;3136702;4652.8164;184;12;94;38;24;16;
EBT;UF;3137205;88.0000;9;0;4;3;2;0;
EBT;UF;3137601;91.1797;32;10;18;3;1;0;
EBT;UF;3138203;436.7500;67;16;35;11;3;2;
EBT;UF;3138401;189.0000;3;0;1;0;1;1;
EBT;UF;3138609;200.0000;6;0;2;0;3;1;
EBT;UF;3138807;2.0000;1;0;1;0;0;0;
EBT;UF;3139003;32.0000;1;0;0;0;1;0;
EBT;UF;3139607;32.0000;1;0;0;0;1;0;
EBT;UF;3140001;64.0000;2;0;0;0;2;0;
EBT;UF;3140803;115.0000;12;0;5;5;2;0;
EBT;UF;3140902;0.2500;1;1;0;0;0;0;
EBT;UF;3141405;40.0000;5;0;4;0;1;0;
EBT;UF;3143302;3330.1523;132;13;62;16;33;8;
EBT;UF;3143906;410.0000;8;0;2;1;3;2;
EBT;UF;3144805;880.7422;94;6;54;20;12;2;
EBT;UF;3145208;2.0000;1;0;1;0;0;0;
EBT;UF;3145604;10.2500;5;1;3;1;0;0;
EBT;UF;3145901;5.0000;3;0;3;0;0;0;
EBT;UF;3146107;14.5625;9;2;7;0;0;0;
EBT;UF;3146305;4.0000;2;0;2;0;0;0;
EBT;UF;3147006;84.2500;21;1;17;1;2;0;
EBT;UF;3147105;22.0625;12;1;10;1;0;0;
EBT;UF;3147402;200.0000;2;0;0;0;0;2;
EBT;UF;3147600;2.0000;1;0;1;0;0;0;
EBT;UF;3147907;210.1445;37;9;20;5;2;1;
EBT;UF;3148004;27.3750;14;3;10;1;0;0;
EBT;UF;3148103;4.0000;2;0;2;0;0;0;
EBT;UF;3149101;2.0000;1;0;1;0;0;0;
EBT;UF;3149309;98.3398;32;9;18;3;2;0;
EBT;UF;3149903;319.0000;9;0;5;1;0;3;
EBT;UF;3151206;485.5000;21;1;2;4;14;0;
EBT;UF;3151404;4.0000;2;0;2;0;0;0;
EBT;UF;3151800;289.1914;92;15;61;12;4;0;
EBT;UF;3152105;22.0000;3;0;1;2;0;0;
EBT;UF;3152501;378.6484;107;23;59;19;6;0;
EBT;UF;3154200;32.0000;1;0;0;0;1;0;
EBT;UF;3154606;182.6523;58;17;33;5;3;0;
EBT;UF;3155504;2.0000;1;0;1;0;0;0;
EBT;UF;3156007;0.2500;1;1;0;0;0;0;
EBT;UF;3156502;0.2500;1;1;0;0;0;0;
EBT;UF;3156700;23.7500;14;2;12;0;0;0;
EBT;UF;3157807;201.0586;56;14;31;8;3;0;
EBT;UF;3160405;2.0000;1;0;1;0;0;0;
EBT;UF;3160702;124.0000;5;0;2;2;0;1;
EBT;UF;3162104;18.0000;5;0;4;1;0;0;
EBT;UF;3162401;2.0000;1;0;1;0;0;0;
EBT;UF;3162500;372.9375;48;14;24;2;7;1;
EBT;UF;3162559;2.0000;1;0;1;0;0;0;
EBT;UF;3162708;2.0000;1;0;1;0;0;0;
EBT;UF;3162955;2.4648;4;3;1;0;0;0;
EBT;UF;3163706;67.5000;18;4;12;0;2;0;
EBT;UF;3164704;59.8750;45;15;30;0;0;0;
EBT;UF;3165701;64.0000;2;0;0;0;2;0;
EBT;UF;3166907;8.0000;1;0;0;1;0;0;
EBT;UF;3167202;291.6914;79;10;56;9;4;0;
EBT;UF;3168606;357.1094;43;5;22;8;8;0;
EBT;UF;3168705;595.5625;37;5;9;5;18;0;
EBT;UF;3169307;164.3750;46;20;20;2;4;0;
EBT;UF;3169356;2.0000;1;0;1;0;0;0;
EBT;UF;3169406;2.2500;2;1;1;0;0;0;
EBT;UF;3169901;146.0000;4;0;0;2;1;1;
EBT;UF;3170107;2403.7539;119;27;75;12;2;3;
EBT;UF;3170206;5043.1445;401;83;202;67;26;23;
EBT;UF;3170404;174.0000;42;2;35;3;1;1;
EBT;UF;3170701;2375.6914;95;9;49;18;8;11;
EBT;UF;3170800;193.0000;7;0;1;0;6;0;
EBT;UF;3171006;2.0000;1;0;1;0;0;0;
EBT;UF;3171204;117.1484;45;5;32;6;2;0;
EBT;UF;3171303;78.2500;11;1;8;0;2;0;
EBT;UF;3171501;1.0000;1;0;1;0;0;0;
EBT;UF;3172004;128.0000;4;0;0;0;4;0;
EBT;UF;3200102;4.0000;3;0;3;0;0;0;
EBT;UF;3200136;2.0000;1;0;1;0;0;0;
EBT;UF;3200169;4.0000;2;0;2;0;0;0;
EBT;UF;3200201;44.0000;4;0;1;2;1;0;
EBT;UF;3200300;7.0625;5;1;4;0;0;0;
EBT;UF;3200409;144.0000;3;0;0;1;1;1;
EBT;UF;3200508;1.0000;1;0;1;0;0;0;
EBT;UF;3200607;53.5000;9;1;4;3;1;0;
EBT;UF;3200706;3.0000;2;0;2;0;0;0;
EBT;UF;3200805;80.0000;5;0;0;2;3;0;
EBT;UF;3200904;16.0000;3;0;1;2;0;0;
EBT;UF;3201159;4.0000;2;0;2;0;0;0;
EBT;UF;3201209;2599.8125;44;4;26;5;4;5;
EBT;UF;3201308;534.0000;67;6;42;14;2;3;
EBT;UF;3201506;1197.4375;45;5;29;6;2;3;
EBT;UF;3201902;4.6250;8;6;2;0;0;0;
EBT;UF;3202009;1.0000;1;0;1;0;0;0;
EBT;UF;3202108;2.0000;1;0;1;0;0;0;
EBT;UF;3202306;5.9375;8;5;3;0;0;0;
EBT;UF;3202405;633.5000;21;3;9;3;1;5;
EBT;UF;3202454;3.0000;2;0;2;0;0;0;
EBT;UF;3202504;175.1250;9;2;4;0;2;1;
EBT;UF;3202553;2.0000;1;0;1;0;0;0;
EBT;UF;3202603;2.0000;1;0;1;0;0;0;
EBT;UF;3202652;2.0000;1;0;1;0;0;0;
EBT;UF;3202702;2.1250;3;1;2;0;0;0;
EBT;UF;3202801;104.1875;8;5;2;0;0;1;
EBT;UF;3202900;36.0000;2;0;1;0;1;0;
EBT;UF;3203007;2.0000;1;0;1;0;0;0;
EBT;UF;3203106;6.0000;3;0;3;0;0;0;
EBT;UF;3203130;2.0000;1;0;1;0;0;0;
EBT;UF;3203163;3.1875;4;2;2;0;0;0;
EBT;UF;3203205;214.6250;27;6;14;4;2;1;
EBT;UF;3203304;6.0000;3;0;3;0;0;0;
EBT;UF;3203320;3.1875;7;5;2;0;0;0;
EBT;UF;3203346;20.0000;2;0;0;2;0;0;
EBT;UF;3203353;2.0000;1;0;1;0;0;0;
EBT;UF;3203502;10.0000;1;0;0;1;0;0;
EBT;UF;3203809;3.0000;2;0;2;0;0;0;
EBT;UF;3203908;4.0000;2;0;2;0;0;0;
EBT;UF;3204054;22.0000;6;0;4;2;0;0;
EBT;UF;3204104;96.0000;3;0;1;0;1;1;
EBT;UF;3204203;129.1250;4;2;1;0;0;1;
EBT;UF;3204302;8.0000;4;0;4;0;0;0;
EBT;UF;3204401;30.0000;2;0;0;1;1;0;
EBT;UF;3204500;1.2500;2;1;1;0;0;0;
EBT;UF;3204559;4.5625;4;2;2;0;0;0;
EBT;UF;3204609;49.0000;6;0;4;1;1;0;
EBT;UF;3204658;1.0000;1;0;1;0;0;0;
EBT;UF;3204708;4.0000;2;0;2;0;0;0;
EBT;UF;3204906;789.7500;23;3;6;4;5;5;
EBT;UF;3205002;2426.5000;178;27;77;49;14;11;
EBT;UF;3205010;2.0000;1;0;1;0;0;0;
EBT;UF;3205036;1.0000;1;0;1;0;0;0;
EBT;UF;3205069;110.1875;13;7;5;0;0;1;
EBT;UF;3205101;220.0625;24;1;12;9;1;1;
EBT;UF;3205200;2510.5625;92;11;36;30;7;8;
EBT;UF;3205309;40203.5859;205;22;33;68;23;59;
EBT;UF;3300100;1165.7500;30;5;17;5;2;1;
EBT;UF;3300209;28.0000;10;2;5;3;0;0;
EBT;UF;3300233;2.7500;4;3;1;0;0;0;
EBT;UF;3300258;2.0000;1;0;1;0;0;0;
EBT;UF;3300308;19.2500;8;3;4;1;0;0;
EBT;UF;3300407;73.5000;20;2;13;4;1;0;
EBT;UF;3300456;275.6250;44;6;32;3;1;2;
EBT;UF;3300704;48.0000;20;2;16;2;0;0;
EBT;UF;3300803;4.0000;2;0;2;0;0;0;
EBT;UF;3301009;7040.0898;75;17;36;9;4;9;
EBT;UF;3301108;5.5000;5;2;3;0;0;0;
EBT;UF;3301306;2.0000;1;0;1;0;0;0;
EBT;UF;3301702;4342.3086;138;17;73;18;7;23;
EBT;UF;3301900;2713.5000;22;3;13;4;0;2;
EBT;UF;3302007;109.0000;29;3;22;2;2;0;
EBT;UF;3302056;1.0000;1;0;1;0;0;0;
EBT;UF;3302205;31.5000;19;4;15;0;0;0;
EBT;UF;3302254;265.2500;26;1;15;5;4;1;
EBT;UF;3302270;1.5000;2;1;1;0;0;0;
EBT;UF;3302403;11501.4297;287;12;113;114;29;19;
EBT;UF;3302502;7.7500;6;2;4;0;0;0;
EBT;UF;3302601;10.5000;2;1;0;1;0;0;
EBT;UF;3302700;10.5000;6;1;5;0;0;0;
EBT;UF;3302858;59.0898;13;2;10;0;0;1;
EBT;UF;3303005;1.0000;1;0;1;0;0;0;
EBT;UF;3303203;40.2148;29;7;22;0;0;0;
EBT;UF;3303302;4008.9414;323;24;239;31;19;10;
EBT;UF;3303401;23.5000;16;7;8;1;0;0;
EBT;UF;3303500;478.7852;86;9;59;16;0;2;
EBT;UF;3303609;3.2500;3;1;2;0;0;0;
EBT;UF;3303708;0.2500;1;1;0;0;0;0;
EBT;UF;3303807;38.7500;9;2;4;3;0;0;
EBT;UF;3303906;852.9883;77;9;48;13;5;2;
EBT;UF;3303955;0.5000;1;1;0;0;0;0;
EBT;UF;3304003;3.5000;3;1;2;0;0;0;
EBT;UF;3304110;1233.1250;43;7;14;12;1;9;
EBT;UF;3304144;24.5000;10;1;8;1;0;0;
EBT;UF;3304151;1.0000;1;0;1;0;0;0;
EBT;UF;3304201;769.2500;65;4;36;13;9;3;
EBT;UF;3304300;11.2500;10;3;7;0;0;0;
EBT;UF;3304524;262.2500;49;7;23;17;2;0;
EBT;UF;3304557;549435.212;7823;431;4128;2061;470;733;
EBT;UF;3304706;1.0000;1;0;1;0;0;0;
EBT;UF;3304904;527.2500;112;20;73;16;0;3;
EBT;UF;3305000;82.2500;16;1;12;1;2;0;
EBT;UF;3305109;192.0625;56;8;40;7;0;1;
EBT;UF;3305208;26.5000;16;3;13;0;0;0;
EBT;UF;3305505;4.5000;4;1;3;0;0;0;
EBT;UF;3305554;506.0000;12;5;3;0;1;3;
EBT;UF;3305802;8046.3750;22;2;12;1;1;6;
EBT;UF;3306008;247.5000;24;1;12;8;2;1;
EBT;UF;3306107;7.0000;5;2;3;0;0;0;
EBT;UF;3306206;1.0000;1;0;1;0;0;0;
EBT;UF;3306305;876.2500;48;7;22;7;7;5;
EBT;UF;3500105;155.0000;1;0;0;0;0;1;
EBT;UF;3501004;0.2500;1;1;0;0;0;0;
EBT;UF;3501152;52.0000;2;0;1;0;0;1;
EBT;UF;3501608;3531.1797;150;20;89;17;3;21;
EBT;UF;3501707;310.0000;2;0;0;0;0;2;
EBT;UF;3502101;1817.0000;7;0;3;1;0;3;
EBT;UF;3502507;3.2500;3;1;2;0;0;0;
EBT;UF;3502804;519.4648;16;2;7;4;0;3;
EBT;UF;3503000;2.5000;2;1;1;0;0;0;
EBT;UF;3503208;4102.2500;97;12;43;13;5;24;
EBT;UF;3503307;46.1875;31;8;23;0;0;0;
EBT;UF;3503901;118.7500;15;4;10;0;0;1;
EBT;UF;3504008;984.6250;17;3;3;5;0;6;
EBT;UF;3504107;23.5000;11;3;7;1;0;0;
EBT;UF;3505302;8.0000;4;0;4;0;0;0;
EBT;UF;3505500;671.5156;14;0;4;5;0;5;
EBT;UF;3505708;41222.8320;578;49;213;126;58;132;
EBT;UF;3505906;1.2598;3;2;1;0;0;0;
EBT;UF;3506003;13589.8164;235;11;82;55;12;75;
EBT;UF;3506102;2043.3750;51;10;20;6;3;12;
EBT;UF;3506359;6.5000;8;5;3;0;0;0;
EBT;UF;3506508;235.0000;2;0;0;0;0;2;
EBT;UF;3507001;287.0000;7;0;2;3;0;2;
EBT;UF;3507506;1693.8594;42;0;23;7;2;10;
EBT;UF;3507605;1554.0625;32;10;5;5;3;9;
EBT;UF;3507803;2.2500;2;1;1;0;0;0;
EBT;UF;3508207;2.5000;2;1;1;0;0;0;
EBT;UF;3508405;16.5000;6;1;4;1;0;0;
EBT;UF;3508504;135.2500;7;1;5;0;0;1;
EBT;UF;3508603;1375.2500;7;1;1;0;2;3;
EBT;UF;3509007;1.0000;1;0;1;0;0;0;
EBT;UF;3509205;1410.5352;75;12;31;24;3;5;
EBT;UF;3509254;155.2500;2;1;0;0;0;1;
EBT;UF;3509403;1.2500;2;1;1;0;0;0;
EBT;UF;3509502;74897.5976;737;60;345;128;41;163;
EBT;UF;3509700;25.3750;14;6;7;1;0;0;
EBT;UF;3510005;0.7500;2;2;0;0;0;0;
EBT;UF;3510500;207.0000;4;0;0;2;1;1;
EBT;UF;3510609;1.4648;1;0;1;0;0;0;
EBT;UF;3511102;556.0000;18;0;7;8;0;3;
EBT;UF;3512803;6.0625;3;1;1;1;0;0;
EBT;UF;3513009;338.2070;48;11;27;6;2;2;
EBT;UF;3513504;949.1250;28;3;13;4;2;6;
EBT;UF;3513702;1.5625;6;6;0;0;0;0;
EBT;UF;3513801;4091.8672;310;43;195;45;4;23;
EBT;UF;3515186;2.2500;2;1;1;0;0;0;
EBT;UF;3516200;2916.1621;84;12;50;3;2;17;
EBT;UF;3516705;7.2500;5;1;4;0;0;0;
EBT;UF;3517406;1.2646;4;3;1;0;0;0;
EBT;UF;3517703;13.7686;10;3;7;0;0;0;
EBT;UF;3518305;155.0000;1;0;0;0;0;1;
EBT;UF;3518404;74.5625;44;5;39;0;0;0;
EBT;UF;3518701;1609.8398;90;15;59;11;2;3;
EBT;UF;3518800;2391.4531;483;85;318;61;9;10;
EBT;UF;3519071;11489.8750;75;4;17;6;10;38;
EBT;UF;3520103;0.5000;1;1;0;0;0;0;
EBT;UF;3520509;2541.5625;76;13;35;10;2;16;
EBT;UF;3521002;4.0000;2;0;2;0;0;0;
EBT;UF;3521309;4.7686;5;3;2;0;0;0;
EBT;UF;3522208;10.0000;1;0;0;1;0;0;
EBT;UF;3522307;600.0000;8;3;0;0;1;4;
EBT;UF;3522505;15.0000;4;0;2;2;0;0;
EBT;UF;3522604;0.5625;3;3;0;0;0;0;
EBT;UF;3523107;218.2500;25;11;7;5;1;1;
EBT;UF;3523909;3780.1250;88;8;39;15;8;18;
EBT;UF;3524006;0.1250;1;1;0;0;0;0;
EBT;UF;3524105;5.3750;7;4;3;0;0;0;
EBT;UF;3524303;215.2500;7;1;0;4;1;1;
EBT;UF;3524402;377.5781;114;15;85;13;0;1;
EBT;UF;3524709;963.5000;19;5;5;1;2;6;
EBT;UF;3525003;196.7500;13;2;6;4;0;1;
EBT;UF;3525102;3.7500;5;2;3;0;0;0;
EBT;UF;3525300;2708.0000;63;0;34;10;3;16;
EBT;UF;3525904;10558.0117;275;42;133;46;13;41;
EBT;UF;3526803;1648.0000;25;0;10;3;2;10;
EBT;UF;3526902;2485.5547;91;10;57;8;1;15;
EBT;UF;3527108;2484.5000;43;9;9;8;2;15;
EBT;UF;3527207;10.0000;5;0;5;0;0;0;
EBT;UF;3527306;420.2148;15;3;6;2;1;3;
EBT;UF;3528007;2048.0000;2;0;0;0;0;2;
EBT;UF;3528403;12.7500;8;2;6;0;0;0;
EBT;UF;3528502;4.7500;4;2;2;0;0;0;
EBT;UF;3529005;3676.6250;116;14;49;23;8;22;
EBT;UF;3529302;318.0000;3;0;0;1;0;2;
EBT;UF;3529401;1883.4023;150;26;92;19;2;11;
EBT;UF;3529708;3.7500;4;2;2;0;0;0;
EBT;UF;3530300;322.0000;4;0;1;1;0;2;
EBT;UF;3530508;3.0000;4;3;1;0;0;0;
EBT;UF;3530607;6112.6523;243;45;150;22;12;14;
EBT;UF;3530706;67.5000;37;6;30;1;0;0;
EBT;UF;3530805;355.0000;21;0;18;1;0;2;
EBT;UF;3531100;9.8750;8;3;5;0;0;0;
EBT;UF;3531902;3.2500;5;3;2;0;0;0;
EBT;UF;3532009;1.0000;1;0;1;0;0;0;
EBT;UF;3533403;11.0000;8;2;6;0;0;0;
EBT;UF;3534401;6774.2715;147;11;63;38;11;24;
EBT;UF;3534609;155.2500;2;1;0;0;0;1;
EBT;UF;3534708;1621.5000;29;1;8;7;2;11;
EBT;UF;3535507;10.0000;1;0;0;1;0;0;
EBT;UF;3536505;6.3125;5;2;3;0;0;0;
EBT;UF;3536703;35.0000;2;0;1;0;1;0;
EBT;UF;3537404;3.3125;6;5;1;0;0;0;
EBT;UF;3537602;2.0000;1;0;1;0;0;0;
EBT;UF;3538006;5287.3750;35;5;20;4;0;6;
EBT;UF;3538709;4314.4141;112;16;63;15;3;15;
EBT;UF;3539301;12.8125;9;3;6;0;0;0;
EBT;UF;3539806;1146.0000;39;0;0;1;32;6;
EBT;UF;3541000;37.8750;26;7;18;1;0;0;
EBT;UF;3541307;0.2500;1;1;0;0;0;0;
EBT;UF;3541406;3204.0625;87;7;39;15;7;19;
EBT;UF;3541505;16.0000;1;0;0;0;1;0;
EBT;UF;3542404;2.0000;1;0;1;0;0;0;
EBT;UF;3543303;18.7500;13;4;9;0;0;0;
EBT;UF;3543402;16260.0508;413;24;195;95;12;87;
EBT;UF;3543907;1859.1367;99;9;65;12;2;11;
EBT;UF;3544004;157.2500;5;3;1;0;0;1;
EBT;UF;3544103;7.2500;5;1;4;0;0;0;
EBT;UF;3544202;2.0000;1;0;1;0;0;0;
EBT;UF;3545209;649.4648;14;0;7;3;0;4;
EBT;UF;3545803;272.2148;45;2;34;8;0;1;
EBT;UF;3546306;2.0000;1;0;1;0;0;0;
EBT;UF;3546405;11.0000;3;2;0;1;0;0;
EBT;UF;3547304;7969.7969;47;3;18;10;3;13;
EBT;UF;3547809;16055.6289;415;77;218;54;8;58;
EBT;UF;3548500;15190.0195;365;29;187;84;16;49;
EBT;UF;3548708;14388.8906;662;174;316;69;38;65;
EBT;UF;3548807;7370.8633;176;30;93;29;10;14;
EBT;UF;3548906;3714.8398;53;2;23;17;0;11;
EBT;UF;3549409;6.1250;8;5;3;0;0;0;
EBT;UF;3549706;6.3125;5;2;3;0;0;0;
EBT;UF;3549805;5539.0000;91;0;17;37;6;31;
EBT;UF;3549904;8948.7344;367;52;209;66;11;29;
EBT;UF;3550100;2.2500;4;3;1;0;0;0;
EBT;UF;3550308;463402.633;11326;1040;5165;2922;591;1608;
EBT;UF;3550605;6.3750;8;5;3;0;0;0;
EBT;UF;3550704;18.0000;4;0;2;2;0;0;
EBT;UF;3551009;3187.3398;99;25;53;13;0;8;
EBT;UF;3551702;597.0000;12;0;6;2;0;4;
EBT;UF;3552205;14900.3945;387;35;192;62;18;80;
EBT;UF;3552403;70.5000;16;2;11;1;2;0;
EBT;UF;3552502;94.2500;26;7;18;0;0;1;
EBT;UF;3552809;6089.7500;31;2;13;7;1;8;
EBT;UF;3554102;2072.5273;150;27;88;18;4;13;
EBT;UF;3554508;9.0000;4;0;3;1;0;0;
EBT;UF;3555000;2.0000;1;0;1;0;0;0;
EBT;UF;3555406;0.5000;1;1;0;0;0;0;
EBT;UF;3556206;703.0000;40;8;21;5;1;5;
EBT;UF;3556404;0.5000;1;1;0;0;0;0;
EBT;UF;3556701;187.0000;2;0;0;0;1;1;
EBT;UF;3557006;1021.7500;46;8;27;5;0;6;
EBT;UF;3557105;24.1250;6;2;2;2;0;0;
EBT;UF;3557303;0.2500;1;1;0;0;0;0;
EBT;UF;4100202;0.2500;1;1;0;0;0;0;
EBT;UF;4100301;0.2500;1;1;0;0;0;0;
EBT;UF;4100400;26.2500;16;7;7;2;0;0;
EBT;UF;4100509;1.0000;1;0;1;0;0;0;
EBT;UF;4100608;1.0000;1;0;1;0;0;0;
EBT;UF;4100707;1.2500;2;1;1;0;0;0;
EBT;UF;4100806;1.2500;2;1;1;0;0;0;
EBT;UF;4100905;0.5000;2;2;0;0;0;0;
EBT;UF;4101002;0.5000;1;1;0;0;0;0;
EBT;UF;4101101;10.5000;7;1;6;0;0;0;
EBT;UF;4101408;139.1250;27;2;17;7;1;0;
EBT;UF;4101507;2111.5000;14;2;4;6;0;2;
EBT;UF;4101606;1.0000;1;0;1;0;0;0;
EBT;UF;4101705;1.0000;1;0;1;0;0;0;
EBT;UF;4101804;692.4375;112;34;59;12;5;2;
EBT;UF;4101903;1.0000;1;0;1;0;0;0;
EBT;UF;4102000;1.0000;1;0;1;0;0;0;
EBT;UF;4102109;1.0000;1;0;1;0;0;0;
EBT;UF;4102307;14.5000;9;1;8;0;0;0;
EBT;UF;4102406;23.1875;8;5;1;2;0;0;
EBT;UF;4102505;1.0000;1;0;1;0;0;0;
EBT;UF;4102802;5.2500;4;1;3;0;0;0;
EBT;UF;4102901;1.0000;1;0;1;0;0;0;
EBT;UF;4103057;0.2500;1;1;0;0;0;0;
EBT;UF;4103206;0.2500;1;1;0;0;0;0;
EBT;UF;4103354;0.2500;1;1;0;0;0;0;
EBT;UF;4103503;0.2500;1;1;0;0;0;0;
EBT;UF;4103602;2.0000;1;0;1;0;0;0;
EBT;UF;4103701;58.4375;47;18;27;2;0;0;
EBT;UF;4103800;0.5000;2;2;0;0;0;0;
EBT;UF;4104006;2.2500;3;1;2;0;0;0;
EBT;UF;4104105;0.2500;1;1;0;0;0;0;
EBT;UF;4104204;186.7500;26;3;13;8;0;2;
EBT;UF;4104253;6.2500;5;1;4;0;0;0;
EBT;UF;4104303;12.0000;7;0;7;0;0;0;
EBT;UF;4104428;9.2500;3;1;1;1;0;0;
EBT;UF;4104501;1.2500;2;1;1;0;0;0;
EBT;UF;4104659;1.4375;4;3;1;0;0;0;
EBT;UF;4104709;2.0000;1;0;1;0;0;0;
EBT;UF;4104808;386.0625;135;42;71;19;3;0;
EBT;UF;4104907;19.4375;29;21;7;1;0;0;
EBT;UF;4105003;0.2500;1;1;0;0;0;0;
EBT;UF;4105102;1.0000;1;0;1;0;0;0;
EBT;UF;4105409;3.1250;3;1;2;0;0;0;
EBT;UF;4105508;85.6250;33;11;17;5;0;0;
EBT;UF;4105607;0.2500;1;1;0;0;0;0;
EBT;UF;4105706;1.0000;1;0;1;0;0;0;
EBT;UF;4105805;230.5625;46;16;25;3;1;1;
EBT;UF;4106001;0.2500;1;1;0;0;0;0;
EBT;UF;4106209;3.0000;2;0;2;0;0;0;
EBT;UF;4106308;1.0000;1;0;1;0;0;0;
EBT;UF;4106407;52.2500;7;1;3;2;1;0;
EBT;UF;4106506;1.5625;4;3;1;0;0;0;
EBT;UF;4106605;1.0000;1;0;1;0;0;0;
EBT;UF;4106704;0.2500;1;1;0;0;0;0;
EBT;UF;4106902;39418.4687;1771;314;846;390;130;91;
EBT;UF;4107009;2.0000;2;0;2;0;0;0;
EBT;UF;4107108;0.5000;2;2;0;0;0;0;
EBT;UF;4107207;14.2500;6;2;3;1;0;0;
EBT;UF;4107256;12.7500;3;2;0;1;0;0;
EBT;UF;4107306;0.5000;2;2;0;0;0;0;
EBT;UF;4107405;0.2500;1;1;0;0;0;0;
EBT;UF;4107538;1.0000;1;0;1;0;0;0;
EBT;UF;4107603;1.0000;1;0;1;0;0;0;
EBT;UF;4107652;353.4375;16;6;6;1;1;2;
EBT;UF;4107702;0.2500;1;1;0;0;0;0;
EBT;UF;4107736;6.0000;2;0;1;1;0;0;
EBT;UF;4107801;2.5000;3;2;1;0;0;0;
EBT;UF;4107900;2.2500;2;1;1;0;0;0;
EBT;UF;4108007;1.5000;3;2;1;0;0;0;
EBT;UF;4108106;0.2500;1;1;0;0;0;0;
EBT;UF;4108205;1.2500;2;1;1;0;0;0;
EBT;UF;4108304;375.5000;143;54;80;7;1;1;
EBT;UF;4108320;0.2500;1;1;0;0;0;0;
EBT;UF;4108403;54.5625;19;7;11;0;1;0;
EBT;UF;4108452;0.0625;1;1;0;0;0;0;
EBT;UF;4108502;2.0000;1;0;1;0;0;0;
EBT;UF;4108551;0.2500;1;1;0;0;0;0;
EBT;UF;4108601;6.3125;9;5;4;0;0;0;
EBT;UF;4108700;1.0000;1;0;1;0;0;0;
EBT;UF;4108809;18.5000;11;1;10;0;0;0;
EBT;UF;4109302;1.0000;1;0;1;0;0;0;
EBT;UF;4109401;40.0000;21;6;13;2;0;0;
EBT;UF;4109500;2.5000;3;2;1;0;0;0;
EBT;UF;4109609;9.0000;5;0;5;0;0;0;
EBT;UF;4109708;1.0000;1;0;1;0;0;0;
EBT;UF;4109807;16.8750;23;13;10;0;0;0;
EBT;UF;4110201;0.2500;1;1;0;0;0;0;
EBT;UF;4110607;1.0000;1;0;1;0;0;0;
EBT;UF;4110706;12.8125;26;22;4;0;0;0;
EBT;UF;4110904;0.2500;1;1;0;0;0;0;
EBT;UF;4110953;1.0000;1;0;1;0;0;0;
EBT;UF;4111407;0.2500;1;1;0;0;0;0;
EBT;UF;4111506;3.2500;3;1;2;0;0;0;
EBT;UF;4111803;9.0000;9;5;4;0;0;0;
EBT;UF;4112009;17.0000;2;0;1;0;1;0;
EBT;UF;4112108;2.3750;4;3;1;0;0;0;
EBT;UF;4112504;1.0000;1;0;1;0;0;0;
EBT;UF;4112702;1.2500;2;1;1;0;0;0;
EBT;UF;4112801;1.0000;1;0;1;0;0;0;
EBT;UF;4113205;1.0625;2;1;1;0;0;0;
EBT;UF;4113304;2.7500;4;2;2;0;0;0;
EBT;UF;4113502;1.0000;1;0;1;0;0;0;
EBT;UF;4113601;14.0000;4;0;3;1;0;0;
EBT;UF;4113700;8473.5391;301;83;122;65;16;15;
EBT;UF;4113734;0.2500;1;1;0;0;0;0;
EBT;UF;4113809;1.0000;1;0;1;0;0;0;
EBT;UF;4114005;1.0000;1;0;1;0;0;0;
EBT;UF;4114104;4.2500;5;3;2;0;0;0;
EBT;UF;4114203;41.5000;10;4;4;1;1;0;
EBT;UF;4114302;0.2500;1;1;0;0;0;0;
EBT;UF;4114351;0.2500;1;1;0;0;0;0;
EBT;UF;4114401;2.2500;3;1;2;0;0;0;
EBT;UF;4114500;1.2500;2;1;1;0;0;0;
EBT;UF;4114609;0.5000;1;1;0;0;0;0;
EBT;UF;4114807;9.7500;6;2;3;1;0;0;
EBT;UF;4114906;1.0000;1;0;1;0;0;0;
EBT;UF;4115101;0.2500;1;1;0;0;0;0;
EBT;UF;4115200;2507.5000;292;72;146;65;4;5;
EBT;UF;4115309;0.2500;1;1;0;0;0;0;
EBT;UF;4115358;1.0000;1;0;1;0;0;0;
EBT;UF;4115606;3.2500;3;1;2;0;0;0;
EBT;UF;4115705;5.0000;3;0;3;0;0;0;
EBT;UF;4115804;1.2500;2;1;1;0;0;0;
EBT;UF;4116208;1.0000;1;0;1;0;0;0;
EBT;UF;4116703;1.0000;1;0;1;0;0;0;
EBT;UF;4116901;2.3750;5;4;1;0;0;0;
EBT;UF;4117008;0.2500;1;1;0;0;0;0;
EBT;UF;4117107;1.0000;1;0;1;0;0;0;
EBT;UF;4117206;0.2500;1;1;0;0;0;0;
EBT;UF;4117271;0.2500;1;1;0;0;0;0;
EBT;UF;4117503;5.3750;5;2;3;0;0;0;
EBT;UF;4117602;4.5000;4;1;3;0;0;0;
EBT;UF;4117701;1.0000;1;0;1;0;0;0;
EBT;UF;4117909;7.5000;6;2;4;0;0;0;
EBT;UF;4118204;437.2500;101;19;64;16;1;1;
EBT;UF;4118402;80.6875;43;18;24;0;1;0;
EBT;UF;4118451;1.2500;2;1;1;0;0;0;
EBT;UF;4118501;70.5625;31;8;21;1;1;0;
EBT;UF;4118600;0.2500;1;1;0;0;0;0;
EBT;UF;4118709;0.2500;1;1;0;0;0;0;
EBT;UF;4118907;1.0000;1;0;1;0;0;0;
EBT;UF;4119152;279.2500;61;3;41;13;4;0;
EBT;UF;4119202;0.2500;1;1;0;0;0;0;
EBT;UF;4119301;3.5625;5;3;2;0;0;0;
EBT;UF;4119400;2.0000;1;0;1;0;0;0;
EBT;UF;4119509;12.5625;11;4;7;0;0;0;
EBT;UF;4119608;1.0000;1;0;1;0;0;0;
EBT;UF;4119707;0.2500;1;1;0;0;0;0;
EBT;UF;4119806;1.0000;1;0;1;0;0;0;
EBT;UF;4119905;473.8750;127;41;64;18;3;1;
EBT;UF;4119954;26.7500;9;2;6;0;1;0;
EBT;UF;4120002;1.0000;1;0;1;0;0;0;
EBT;UF;4120101;0.5000;2;2;0;0;0;0;
EBT;UF;4120309;0.2500;1;1;0;0;0;0;
EBT;UF;4120606;3.2500;3;1;2;0;0;0;
EBT;UF;4120705;0.5000;2;2;0;0;0;0;
EBT;UF;4120804;413.2500;25;6;11;4;2;2;
EBT;UF;4120853;1.0000;1;0;1;0;0;0;
EBT;UF;4120903;1.0000;1;0;1;0;0;0;
EBT;UF;4121307;0.2500;1;1;0;0;0;0;
EBT;UF;4121406;1.2500;2;1;1;0;0;0;
EBT;UF;4121505;1.0000;1;0;1;0;0;0;
EBT;UF;4121604;0.2500;1;1;0;0;0;0;
EBT;UF;4121703;1.0000;1;0;1;0;0;0;
EBT;UF;4121901;1.0000;1;0;1;0;0;0;
EBT;UF;4122008;1.0000;1;0;1;0;0;0;
EBT;UF;4122206;1.7500;3;2;1;0;0;0;
EBT;UF;4122305;28.5000;19;11;5;3;0;0;
EBT;UF;4122404;57.5000;23;2;19;2;0;0;
EBT;UF;4122701;0.2500;1;1;0;0;0;0;
EBT;UF;4122800;0.2500;1;1;0;0;0;0;
EBT;UF;4123204;1.0000;1;0;1;0;0;0;
EBT;UF;4123402;1.0000;1;0;1;0;0;0;
EBT;UF;4123501;2.0000;2;0;2;0;0;0;
EBT;UF;4123709;1.0000;1;0;1;0;0;0;
EBT;UF;4123808;1.0000;1;0;1;0;0;0;
EBT;UF;4123907;1.2500;2;1;1;0;0;0;
EBT;UF;4124020;1.0000;1;0;1;0;0;0;
EBT;UF;4124053;1.0625;2;1;1;0;0;0;
EBT;UF;4124103;7.0625;5;1;4;0;0;0;
EBT;UF;4124301;0.2500;1;1;0;0;0;0;
EBT;UF;4124400;1.0000;1;0;1;0;0;0;
EBT;UF;4124509;2.2500;3;1;2;0;0;0;
EBT;UF;4124608;0.2500;1;1;0;0;0;0;
EBT;UF;4124707;1.2500;2;1;1;0;0;0;
EBT;UF;4124905;0.2500;1;1;0;0;0;0;
EBT;UF;4125001;2.0000;2;0;2;0;0;0;
EBT;UF;4125357;0.2500;1;1;0;0;0;0;
EBT;UF;4125456;0.2500;1;1;0;0;0;0;
EBT;UF;4125506;23362.4375;293;60;170;45;6;12;
EBT;UF;4125605;1.5000;2;1;1;0;0;0;
EBT;UF;4125704;19.0000;4;2;1;0;1;0;
EBT;UF;4126009;0.5000;2;2;0;0;0;0;
EBT;UF;4126207;0.2500;1;1;0;0;0;0;
EBT;UF;4126256;17.2500;20;11;9;0;0;0;
EBT;UF;4126306;1.0000;1;0;1;0;0;0;
EBT;UF;4126504;1.0000;1;0;1;0;0;0;
EBT;UF;4126603;1.0000;1;0;1;0;0;0;
EBT;UF;4126678;1.2500;2;1;1;0;0;0;
EBT;UF;4126801;1.0000;1;0;1;0;0;0;
EBT;UF;4126900;0.2500;1;1;0;0;0;0;
EBT;UF;4127007;1.5000;3;2;1;0;0;0;
EBT;UF;4127106;27.5000;8;1;6;0;1;0;
EBT;UF;4127403;1.0000;1;0;1;0;0;0;
EBT;UF;4127502;1.0000;1;0;1;0;0;0;
EBT;UF;4127700;187.6250;30;10;11;8;0;1;
EBT;UF;4127809;1.2500;2;1;1;0;0;0;
EBT;UF;4128104;190.1250;37;6;19;10;1;1;
EBT;UF;4128203;17.0000;9;0;9;0;0;0;
EBT;UF;4128401;1.0000;1;0;1;0;0;0;
EBT;UF;4128500;2.0000;2;0;2;0;0;0;
EBT;UF;4128708;2.5000;3;2;1;0;0;0;
EBT;UF;4128807;0.2500;1;1;0;0;0;0;
EBT;UF;4200101;1.3750;3;2;1;0;0;0;
EBT;UF;4201307;189.5625;31;3;14;11;3;0;
EBT;UF;4201703;0.2500;1;1;0;0;0;0;
EBT;UF;4202008;232.7500;36;2;16;17;0;1;
EBT;UF;4202073;1.0000;1;0;1;0;0;0;
EBT;UF;4202305;125.4375;49;23;19;5;2;0;
EBT;UF;4202404;3326.4375;256;51;108;69;17;11;
EBT;UF;4202602;5.3750;4;2;1;1;0;0;
EBT;UF;4202909;687.1250;62;8;25;23;2;4;
EBT;UF;4203006;158.8750;14;5;3;4;1;1;
EBT;UF;4203204;31.1250;21;8;11;2;0;0;
EBT;UF;4203600;2.0000;1;0;1;0;0;0;
EBT;UF;4203956;20.7500;7;2;3;2;0;0;
EBT;UF;4204202;632.8125;79;23;34;15;4;3;
EBT;UF;4204251;79.0000;9;3;3;1;2;0;
EBT;UF;4204301;632.5000;16;1;2;7;2;4;
EBT;UF;4204350;0.6875;4;4;0;0;0;0;
EBT;UF;4204509;3.6250;5;3;2;0;0;0;
EBT;UF;4204558;5.1250;4;3;0;1;0;0;
EBT;UF;4204608;402.1875;64;17;22;22;2;1;
EBT;UF;4204806;30.0000;3;0;0;3;0;0;
EBT;UF;4205191;10.0000;1;0;0;1;0;0;
EBT;UF;4205407;8557.2148;366;53;121;136;30;26;
EBT;UF;4205506;5.0000;11;9;2;0;0;0;
EBT;UF;4205704;17.6250;12;6;5;1;0;0;
EBT;UF;4205803;9.0000;3;0;1;2;0;0;
EBT;UF;4205902;104.8750;29;12;9;6;2;0;
EBT;UF;4206504;204.2500;30;6;17;5;1;1;
EBT;UF;4206702;3.1250;4;3;1;0;0;0;
EBT;UF;4207007;41.3125;12;4;5;3;0;0;
EBT;UF;4207106;1.2500;2;1;1;0;0;0;
EBT;UF;4207304;4.0000;2;0;2;0;0;0;
EBT;UF;4207502;266.5625;38;2;20;15;0;1;
EBT;UF;4208203;2098.6250;285;23;144;102;9;7;
EBT;UF;4208807;1.2500;2;1;1;0;0;0;
EBT;UF;4208906;475.1484;70;11;39;17;2;1;
EBT;UF;4209003;162.5000;22;1;11;7;3;0;
EBT;UF;4209102;2609.0508;396;73;184;119;12;8;
EBT;UF;4209300;211.2500;51;14;17;20;0;0;
EBT;UF;4209706;1.2500;2;1;1;0;0;0;
EBT;UF;4210035;5.2500;5;1;4;0;0;0;
EBT;UF;4210100;14.9375;21;15;6;0;0;0;
EBT;UF;4210209;3.2500;3;1;2;0;0;0;
EBT;UF;4210605;3.5625;5;3;2;0;0;0;
EBT;UF;4211306;284.8125;53;6;21;22;4;0;
EBT;UF;4211454;1.0000;1;0;1;0;0;0;
EBT;UF;4211603;6.2500;6;1;5;0;0;0;
EBT;UF;4211702;2.2500;4;3;1;0;0;0;
EBT;UF;4211900;600.0625;84;15;43;22;3;1;
EBT;UF;4213005;0.3125;3;3;0;0;0;0;
EBT;UF;4213203;43.5000;9;2;3;3;1;0;
EBT;UF;4214706;2.2500;2;1;1;0;0;0;
EBT;UF;4214805;316.2500;66;15;26;24;1;0;
EBT;UF;4215000;42.0000;5;0;3;0;2;0;
EBT;UF;4215109;102.7500;4;2;1;0;0;1;
EBT;UF;4215455;1.0000;1;0;1;0;0;0;
EBT;UF;4215802;264.5625;95;34;45;15;1;0;
EBT;UF;4216107;3.2500;3;1;2;0;0;0;
EBT;UF;4216206;352.4375;31;7;7;11;4;2;
EBT;UF;4216255;1.0000;1;0;1;0;0;0;
EBT;UF;4216602;646.7500;100;14;39;42;4;1;
EBT;UF;4216701;0.2500;1;1;0;0;0;0;
EBT;UF;4216909;45.7500;8;3;2;2;1;0;
EBT;UF;4217006;2.5000;2;1;1;0;0;0;
EBT;UF;4217402;227.5000;8;2;2;1;1;2;
EBT;UF;4217709;616.0000;6;0;0;1;0;5;
EBT;UF;4218202;150.5000;18;1;11;5;0;1;
EBT;UF;4218707;287.5000;17;1;7;7;1;1;
EBT;UF;4218806;14.0000;3;0;2;1;0;0;
EBT;UF;4219309;47.2500;24;12;9;2;1;0;
EBT;UF;4219507;33.7500;16;7;8;0;1;0;
EBT;UF;4219705;70.6250;10;4;3;1;2;0;
EBT;UF;4300406;58.8125;35;21;5;9;0;0;
EBT;UF;4300604;140.0000;30;9;12;7;2;0;
EBT;UF;4301008;13.0000;5;2;2;1;0;0;
EBT;UF;4301206;1.0000;1;0;1;0;0;0;
EBT;UF;4301552;1.2500;2;1;1;0;0;0;
EBT;UF;4301602;677.1250;41;9;10;13;6;3;
EBT;UF;4302105;1178.7500;134;10;53;59;9;3;
EBT;UF;4302204;1.0000;1;0;1;0;0;0;
EBT;UF;4302352;2.5000;3;1;2;0;0;0;
EBT;UF;4302709;1.0000;1;0;1;0;0;0;
EBT;UF;4302808;1.0000;1;0;1;0;0;0;
EBT;UF;4302907;0.6250;2;2;0;0;0;0;
EBT;UF;4303004;24.9375;24;13;10;1;0;0;
EBT;UF;4303103;459.0000;67;8;21;32;6;0;
EBT;UF;4303509;325.6250;31;6;10;11;3;1;
EBT;UF;4303806;2.5000;4;2;2;0;0;0;
EBT;UF;4303905;1140.5000;80;16;32;21;5;6;
EBT;UF;4304408;44.8750;18;10;5;2;1;0;
EBT;UF;4304507;4.5000;4;1;3;0;0;0;
EBT;UF;4304606;1340.8750;163;41;51;55;11;5;
EBT;UF;4304630;10610.5625;12;4;1;4;1;2;
EBT;UF;4304663;4.2500;5;3;2;0;0;0;
EBT;UF;4304705;50.5625;29;15;9;5;0;0;
EBT;UF;4304804;112.1875;14;5;4;2;3;0;
EBT;UF;4304903;3.7500;6;3;3;0;0;0;
EBT;UF;4305108;4236.8750;461;76;202;154;22;7;
EBT;UF;4305207;2.0000;2;0;2;0;0;0;
EBT;UF;4305439;1.0000;1;0;1;0;0;0;
EBT;UF;4305801;0.2500;1;1;0;0;0;0;
EBT;UF;4305975;2.0000;1;0;1;0;0;0;
EBT;UF;4306056;1.0000;1;0;1;0;0;0;
EBT;UF;4306106;1334.4375;48;20;19;5;1;3;
EBT;UF;4306205;2.5625;4;2;2;0;0;0;
EBT;UF;4306403;0.5000;2;2;0;0;0;0;
EBT;UF;4306601;6.0000;1;0;0;1;0;0;
EBT;UF;4306767;419.0000;38;2;14;17;3;2;
EBT;UF;4307005;10929.3125;53;2;22;20;7;2;
EBT;UF;4307559;118.5000;4;1;1;0;1;1;
EBT;UF;4307609;43.7500;17;5;7;5;0;0;
EBT;UF;4307708;84.8750;40;20;12;8;0;0;
EBT;UF;4307807;26.7500;12;6;4;2;0;0;
EBT;UF;4307906;952.6133;70;3;24;31;11;1;
EBT;UF;4308102;3.0000;3;0;3;0;0;0;
EBT;UF;4308508;4.7500;7;3;4;0;0;0;
EBT;UF;4308607;221.1875;53;9;28;14;2;0;
EBT;UF;4308904;25.5000;9;4;2;3;0;0;
EBT;UF;4309001;2.6875;6;4;2;0;0;0;
EBT;UF;4309050;8.6250;3;2;0;1;0;0;
EBT;UF;4309100;89.2500;27;11;11;4;1;0;
EBT;UF;4309209;432.0000;118;39;35;41;3;0;
EBT;UF;4309308;146.1875;27;13;6;5;3;0;
EBT;UF;4309407;5.0000;6;3;3;0;0;0;
EBT;UF;4309605;5.8750;11;7;4;0;0;0;
EBT;UF;4310108;16.7500;16;10;3;3;0;0;
EBT;UF;4310207;92.0625;15;3;4;7;1;0;
EBT;UF;4310330;2.1250;5;4;1;0;0;0;
EBT;UF;4310603;2.0000;1;0;1;0;0;0;
EBT;UF;4310801;14.8750;11;7;3;1;0;0;
EBT;UF;4311007;8.9375;8;4;3;1;0;0;
EBT;UF;4311205;2.7500;4;2;2;0;0;0;
EBT;UF;4311403;1105.5625;28;7;13;7;0;1;
EBT;UF;4311809;85.0625;15;8;4;1;2;0;
EBT;UF;4312401;33.0625;24;15;5;4;0;0;
EBT;UF;4312500;1.0000;1;0;1;0;0;0;
EBT;UF;4312658;10.0000;1;0;0;1;0;0;
EBT;UF;4312906;6.2500;4;1;2;1;0;0;
EBT;UF;4313201;57.6875;13;6;1;5;1;0;
EBT;UF;4313300;42.5625;16;6;8;1;1;0;
EBT;UF;4313409;722.6250;133;21;52;52;8;0;
EBT;UF;4313508;44.8750;24;14;6;4;0;0;
EBT;UF;4313656;0.5000;1;1;0;0;0;0;
EBT;UF;4313706;7.5625;10;5;5;0;0;0;
EBT;UF;4313904;80.0625;33;18;11;3;1;0;
EBT;UF;4314050;14.4375;19;13;6;0;0;0;
EBT;UF;4314100;1106.6250;103;17;43;29;11;3;
EBT;UF;4314308;0.2500;1;1;0;0;0;0;
EBT;UF;4314407;2289.9375;86;20;34;21;6;5;
EBT;UF;4314506;4.0000;1;0;0;1;0;0;
EBT;UF;4314803;11.2500;7;4;2;1;0;0;
EBT;UF;4314902;47090.5508;1043;103;290;437;129;84;
EBT;UF;4315206;2.0000;2;0;2;0;0;0;
EBT;UF;4315305;1.0000;1;0;1;0;0;0;
EBT;UF;4315503;0.5000;1;1;0;0;0;0;
EBT;UF;4315602;563.2500;98;31;30;29;5;3;
EBT;UF;4315701;3.3750;6;4;2;0;0;0;
EBT;UF;4315800;1.0000;1;0;1;0;0;0;
EBT;UF;4316402;168.8750;12;6;4;1;0;1;
EBT;UF;4316501;0.3125;2;2;0;0;0;0;
EBT;UF;4316808;2649.0625;46;10;9;19;3;5;
EBT;UF;4316907;1816.6250;133;56;46;25;2;4;
EBT;UF;4317103;128.3125;15;2;6;5;1;1;
EBT;UF;4317202;5.0000;4;0;4;0;0;0;
EBT;UF;4317400;14.4375;11;6;4;1;0;0;
EBT;UF;4317509;38.2500;7;1;1;5;0;0;
EBT;UF;4317608;11.7500;9;6;2;1;0;0;
EBT;UF;4317905;1.5000;2;1;1;0;0;0;
EBT;UF;4318002;2.0000;1;0;1;0;0;0;
EBT;UF;4318101;1.5000;3;2;1;0;0;0;
EBT;UF;4318200;1.7500;3;2;1;0;0;0;
EBT;UF;4318309;4.0000;3;0;3;0;0;0;
EBT;UF;4318507;0.2500;1;1;0;0;0;0;
EBT;UF;4318705;1264.5625;99;27;30;34;5;3;
EBT;UF;4318804;2.4375;5;3;2;0;0;0;
EBT;UF;4319406;3.0000;5;3;2;0;0;0;
EBT;UF;4319505;23.5625;11;5;3;3;0;0;
EBT;UF;4319802;1.5000;3;2;1;0;0;0;
EBT;UF;4319901;108.5000;20;1;10;8;1;0;
EBT;UF;4320008;155.4375;45;18;13;13;1;0;
EBT;UF;4320107;129.5000;13;7;3;1;1;1;
EBT;UF;4320206;0.2500;1;1;0;0;0;0;
EBT;UF;4320404;4.5625;5;2;3;0;0;0;
EBT;UF;4320701;1.0000;1;0;1;0;0;0;
EBT;UF;4320800;2.0000;2;0;2;0;0;0;
EBT;UF;4320909;1.0000;1;0;1;0;0;0;
EBT;UF;4321204;24.5000;19;8;10;1;0;0;
EBT;UF;4321451;824.9375;21;12;2;1;2;4;
EBT;UF;4321501;21.3750;22;16;4;2;0;0;
EBT;UF;4321600;32.4375;23;16;4;3;0;0;
EBT;UF;4321709;2.7500;4;2;2;0;0;0;
EBT;UF;4321808;1.0000;1;0;1;0;0;0;
EBT;UF;4322004;34.0000;2;0;1;0;1;0;
EBT;UF;4322400;10623.1250;33;6;11;10;3;3;
EBT;UF;4322509;284.5859;36;3;14;18;0;1;
EBT;UF;4322608;65.7500;21;6;9;6;0;0;
EBT;UF;4322806;1.0000;1;0;1;0;0;0;
EBT;UF;4323002;80.3750;22;11;6;3;2;0;
EBT;UF;4323408;1.2500;2;1;1;0;0;0;
EBT;UF;4323804;2.8750;10;9;1;0;0;0;
EBT;UF;5000203;86.0000;12;0;3;8;1;0;
EBT;UF;5001003;1.0000;1;0;1;0;0;0;
EBT;UF;5002407;1.0000;1;0;1;0;0;0;
EBT;UF;5002704;6702.5625;513;100;187;171;30;25;
EBT;UF;5002902;0.5000;1;1;0;0;0;0;
EBT;UF;5002951;2.0625;2;1;1;0;0;0;
EBT;UF;5003207;74.0000;12;0;8;3;0;1;
EBT;UF;5003306;2.0000;1;0;1;0;0;0;
EBT;UF;5003702;1096.3125;55;8;20;22;2;3;
EBT;UF;5003751;1.0000;1;0;1;0;0;0;
EBT;UF;5004502;5.2500;5;3;2;0;0;0;
EBT;UF;5005202;4.0000;2;0;2;0;0;0;
EBT;UF;5005400;192.5000;8;1;1;3;1;2;
EBT;UF;5005707;4.0000;2;0;2;0;0;0;
EBT;UF;5006002;2.5000;3;1;2;0;0;0;
EBT;UF;5006309;4.0000;2;0;2;0;0;0;
EBT;UF;5006606;7.0000;4;0;4;0;0;0;
EBT;UF;5007109;31.0000;7;0;1;6;0;0;
EBT;UF;5007208;3.0000;2;0;2;0;0;0;
EBT;UF;5007695;1.0000;2;2;0;0;0;0;
EBT;UF;5007703;1.0000;1;0;1;0;0;0;
EBT;UF;5007901;267.5000;13;1;4;2;5;1;
EBT;UF;5008008;2.0000;1;0;1;0;0;0;
EBT;UF;5008305;522.0000;54;0;18;31;4;1;
EBT;UF;5100201;7.0000;4;0;4;0;0;0;
EBT;UF;5100250;12.5000;7;1;6;0;0;0;
EBT;UF;5100300;0.5000;1;1;0;0;0;0;
EBT;UF;5100805;1.0000;1;0;1;0;0;0;
EBT;UF;5101803;5.5000;4;1;3;0;0;0;
EBT;UF;5102504;166.0000;55;12;33;9;1;0;
EBT;UF;5102678;1.0000;1;0;1;0;0;0;
EBT;UF;5103056;1.0000;1;0;1;0;0;0;
EBT;UF;5103403;28904.0625;1001;144;546;179;82;50;
EBT;UF;5103502;3.5000;3;1;2;0;0;0;
EBT;UF;5104104;0.5000;1;1;0;0;0;0;
EBT;UF;5105002;94.2500;10;1;3;3;3;0;
EBT;UF;5105150;2.0000;1;0;1;0;0;0;
EBT;UF;5105259;2050.8750;179;38;82;37;11;11;
EBT;UF;5105622;103.5000;20;3;14;1;2;0;
EBT;UF;5105903;0.5000;1;1;0;0;0;0;
EBT;UF;5106224;817.6875;115;17;62;25;8;3;
EBT;UF;5106752;403.3750;59;21;26;5;5;2;
EBT;UF;5107040;2.0000;1;0;1;0;0;0;
EBT;UF;5107065;0.5000;1;1;0;0;0;0;
EBT;UF;5107180;0.5000;1;1;0;0;0;0;
EBT;UF;5107198;0.5625;2;2;0;0;0;0;
EBT;UF;5107602;2093.5000;249;25;144;55;14;11;
EBT;UF;5107800;1.0000;1;0;1;0;0;0;
EBT;UF;5107859;1.2500;2;1;1;0;0;0;
EBT;UF;5107909;7682.6250;257;22;162;48;8;17;
EBT;UF;5107925;1234.0000;158;20;83;41;7;7;
EBT;UF;5107958;4.8750;7;5;2;0;0;0;
EBT;UF;5108402;901.1875;166;25;82;52;6;1;
EBT;UF;5108600;0.2500;1;1;0;0;0;0;
EBT;UF;5200050;2.0000;1;0;1;0;0;0;
EBT;UF;5200258;27.2500;16;3;10;3;0;0;
EBT;UF;5200308;7.0000;10;6;4;0;0;0;
EBT;UF;5200605;0.2500;1;1;0;0;0;0;
EBT;UF;5200803;1.2500;2;1;1;0;0;0;
EBT;UF;5201108;2505.1250;254;27;93;114;13;7;
EBT;UF;5201405;529.8125;216;43;141;32;0;0;
EBT;UF;5202502;1.0000;1;0;1;0;0;0;
EBT;UF;5202601;0.2500;1;1;0;0;0;0;
EBT;UF;5203203;1.0000;1;0;1;0;0;0;
EBT;UF;5204003;0.2500;1;1;0;0;0;0;
EBT;UF;5204508;27.0000;7;2;3;2;0;0;
EBT;UF;5204706;6.0000;6;3;3;0;0;0;
EBT;UF;5204805;0.2500;1;1;0;0;0;0;
EBT;UF;5205109;285.8750;41;5;21;9;5;1;
EBT;UF;5205406;0.0625;1;1;0;0;0;0;
EBT;UF;5205455;0.2500;1;1;0;0;0;0;
EBT;UF;5205497;0.5000;1;1;0;0;0;0;
EBT;UF;5205513;0.7500;2;2;0;0;0;0;
EBT;UF;5205802;0.2500;1;1;0;0;0;0;
EBT;UF;5205901;1.0000;1;0;1;0;0;0;
EBT;UF;5206206;148.7500;16;2;4;7;3;0;
EBT;UF;5206800;0.2500;1;1;0;0;0;0;
EBT;UF;5207808;0.2500;1;1;0;0;0;0;
EBT;UF;5208004;5.0000;3;0;3;0;0;0;
EBT;UF;5208103;0.2500;1;1;0;0;0;0;
EBT;UF;5208608;0.0625;1;1;0;0;0;0;
EBT;UF;5208707;8402.5977;836;109;510;156;36;25;
EBT;UF;5208806;6.0000;2;0;1;1;0;0;
EBT;UF;5209101;0.7500;2;2;0;0;0;0;
EBT;UF;5209804;0.2500;1;1;0;0;0;0;
EBT;UF;5209937;2.0000;1;0;1;0;0;0;
EBT;UF;5210000;8.0000;4;0;4;0;0;0;
EBT;UF;5210802;0.2500;1;1;0;0;0;0;
EBT;UF;5210901;1.0000;1;0;1;0;0;0;
EBT;UF;5211206;0.5000;1;1;0;0;0;0;
EBT;UF;5211503;128.7500;37;2;26;8;1;0;
EBT;UF;5211909;123.5000;13;1;10;1;0;1;
EBT;UF;5212105;0.2500;1;1;0;0;0;0;
EBT;UF;5212303;0.2500;1;1;0;0;0;0;
EBT;UF;5212501;76.3750;44;16;23;5;0;0;
EBT;UF;5213004;0.2500;1;1;0;0;0;0;
EBT;UF;5213509;0.2500;1;1;0;0;0;0;
EBT;UF;5213756;0.2500;1;1;0;0;0;0;
EBT;UF;5213806;9.1250;12;7;5;0;0;0;
EBT;UF;5213905;0.2500;1;1;0;0;0;0;
EBT;UF;5214002;0.2500;1;1;0;0;0;0;
EBT;UF;5214408;1.0000;1;0;1;0;0;0;
EBT;UF;5214838;1.0000;1;0;1;0;0;0;
EBT;UF;5215231;9.5625;11;6;5;0;0;0;
EBT;UF;5215306;1.2500;2;1;1;0;0;0;
EBT;UF;5215504;0.2500;1;1;0;0;0;0;
EBT;UF;5216304;0.2500;1;1;0;0;0;0;
EBT;UF;5216809;1.0000;1;0;1;0;0;0;
EBT;UF;5217203;0.2500;1;1;0;0;0;0;
EBT;UF;5217401;1.0000;1;0;1;0;0;0;
EBT;UF;5217609;3.5000;3;1;2;0;0;0;
EBT;UF;5218003;72.5000;6;1;1;1;3;0;
EBT;UF;5218789;0.2500;1;1;0;0;0;0;
EBT;UF;5218805;403.9375;79;9;42;24;3;1;
EBT;UF;5219100;0.2500;1;1;0;0;0;0;
EBT;UF;5219308;2.0000;1;0;1;0;0;0;
EBT;UF;5219605;2.0000;1;0;1;0;0;0;
EBT;UF;5219753;7.0000;4;0;4;0;0;0;
EBT;UF;5219902;0.2500;1;1;0;0;0;0;
EBT;UF;5220108;0.5000;1;1;0;0;0;0;
EBT;UF;5220454;40.0000;18;2;15;1;0;0;
EBT;UF;5221403;94.8125;13;5;4;2;1;1;
EBT;UF;5221601;12.5625;11;7;2;2;0;0;
EBT;UF;5221700;0.2500;1;1;0;0;0;0;
EBT;UF;5221809;0.2500;1;1;0;0;0;0;
EBT;UF;5221858;47.3750;33;12;18;3;0;0;
EBT;UF;5300108;281873.996;3542;503;1478;1001;252;308;
TLB;UF;3106200;0.2500;1;1;0;0;0;0;
09;1192;
