01;CLA;IPL4;201307;
EBT;UF;1100023;238.0625;38;3;28;2;5;0;
EBT;UF;1100049;358.0625;78;15;47;13;2;1;
EBT;UF;1100106;4.0000;2;0;2;0;0;0;
EBT;UF;1100114;28.0000;10;0;9;1;0;0;
EBT;UF;1100122;919.1875;112;13;73;15;8;3;
EBT;UF;1100155;40.0000;7;0;5;1;1;0;
EBT;UF;1100189;129.8125;44;8;30;5;1;0;
EBT;UF;1100205;9379.7500;507;81;338;52;14;22;
EBT;UF;1100288;2.0000;1;0;1;0;0;0;
EBT;UF;1100296;1.0000;1;0;1;0;0;0;
EBT;UF;1100304;514.1875;104;14;75;9;5;1;
EBT;UF;1100452;1.0000;1;0;1;0;0;0;
EBT;UF;1100924;2.0000;1;0;1;0;0;0;
EBT;UF;1200138;3.0000;2;0;2;0;0;0;
EBT;UF;1200252;0.5625;4;4;0;0;0;0;
EBT;UF;1200401;4509.7500;246;40;158;32;6;10;
EBT;UF;1200450;4.0000;2;0;2;0;0;0;
EBT;UF;1301100;1.0000;1;0;1;0;0;0;
EBT;UF;1301704;0.2500;1;1;0;0;0;0;
EBT;UF;1301852;2.0000;1;0;1;0;0;0;
EBT;UF;1302603;7288.8125;625;87;432;55;32;19;
EBT;UF;1303403;2.2500;2;1;1;0;0;0;
EBT;UF;1400100;276.5000;64;4;40;17;3;0;
EBT;UF;1500800;7709.0000;115;6;73;25;5;6;
EBT;UF;1501303;22.0000;3;0;1;2;0;0;
EBT;UF;1501402;30426.2266;608;26;284;183;50;65;
EBT;UF;1501501;13.2500;9;4;4;1;0;0;
EBT;UF;1502202;136.0000;9;0;1;4;4;0;
EBT;UF;1502400;123.0000;31;3;21;5;2;0;
EBT;UF;1503606;6.0000;3;0;3;0;0;0;
EBT;UF;1503903;2.0000;1;0;1;0;0;0;
EBT;UF;1504208;217.3750;78;24;43;8;3;0;
EBT;UF;1504422;166.1875;47;7;28;10;2;0;
EBT;UF;1505304;1.0000;1;0;1;0;0;0;
EBT;UF;1505502;288.0000;19;0;13;2;2;2;
EBT;UF;1506807;137.9375;27;9;13;3;0;2;
EBT;UF;1600303;232.0000;66;9;47;7;3;0;
EBT;UF;1700350;4.0000;3;0;3;0;0;0;
EBT;UF;1700707;35.2500;11;1;8;2;0;0;
EBT;UF;1702109;345.6250;65;13;29;20;3;0;
EBT;UF;1705508;208.0000;6;0;4;0;0;2;
EBT;UF;1709302;42.6875;8;4;2;1;1;0;
EBT;UF;1709500;177.3750;19;4;7;7;0;1;
EBT;UF;1713205;8.5625;8;3;5;0;0;0;
EBT;UF;1713304;4.2500;4;1;3;0;0;0;
EBT;UF;1714880;5.3125;5;2;3;0;0;0;
EBT;UF;1716109;19.0000;6;2;2;2;0;0;
EBT;UF;1718204;81.7500;17;4;8;3;2;0;
EBT;UF;1718402;4.0000;1;0;0;1;0;0;
EBT;UF;1721000;1372.3750;167;43;83;34;5;2;
EBT;UF;1722081;4.0000;1;0;0;1;0;0;
EBT;UF;2100055;0.2500;1;1;0;0;0;0;
EBT;UF;2100204;32.0000;1;0;0;0;1;0;
EBT;UF;2101202;90.0000;3;0;0;0;3;0;
EBT;UF;2101608;0.3750;2;2;0;0;0;0;
EBT;UF;2101707;2.0000;1;0;1;0;0;0;
EBT;UF;2103000;468.0000;11;0;5;2;1;3;
EBT;UF;2103307;155.0000;1;0;0;0;0;1;
EBT;UF;2103604;0.5000;1;1;0;0;0;0;
EBT;UF;2105302;227.2500;8;2;3;0;2;1;
EBT;UF;2105427;20.0000;3;0;1;2;0;0;
EBT;UF;2109106;1.7500;3;2;1;0;0;0;
EBT;UF;2109908;33.0000;3;2;0;0;1;0;
EBT;UF;2110302;52.0000;6;0;1;5;0;0;
EBT;UF;2111201;10.5000;4;1;1;2;0;0;
EBT;UF;2111300;2133.7500;122;16;28;56;18;4;
EBT;UF;2112209;64.0000;2;0;0;0;2;0;
EBT;UF;2112902;0.3750;2;2;0;0;0;0;
EBT;UF;2202208;64.0000;2;0;0;0;2;0;
EBT;UF;2202406;64.0000;2;0;0;0;2;0;
EBT;UF;2202703;32.0000;1;0;0;0;1;0;
EBT;UF;2203701;10.0000;1;0;0;1;0;0;
EBT;UF;2207702;104.0000;5;0;0;2;3;0;
EBT;UF;2208403;16.0000;1;0;0;0;1;0;
EBT;UF;2211001;4265.0625;196;4;51;74;62;5;
EBT;UF;2300309;6.0000;1;0;0;1;0;0;
EBT;UF;2301000;15.0000;4;0;3;1;0;0;
EBT;UF;2301109;42.0000;4;0;0;3;1;0;
EBT;UF;2301901;28.6250;7;3;0;4;0;0;
EBT;UF;2302503;20.0000;2;0;0;2;0;0;
EBT;UF;2303709;9.7500;7;2;5;0;0;0;
EBT;UF;2303808;12.0000;2;0;1;1;0;0;
EBT;UF;2304103;0.2500;1;1;0;0;0;0;
EBT;UF;2304202;35.0000;2;0;1;0;1;0;
EBT;UF;2304285;181.5000;21;1;11;6;2;1;
EBT;UF;2304400;7139.3125;178;13;54;58;27;26;
EBT;UF;2305233;56.0625;6;1;2;2;1;0;
EBT;UF;2305407;20.0000;1;0;0;0;1;0;
EBT;UF;2305506;32.0000;2;0;0;1;1;0;
EBT;UF;2306256;0.5000;1;1;0;0;0;0;
EBT;UF;2306405;54.0000;3;0;0;2;1;0;
EBT;UF;2307007;1.0000;1;0;1;0;0;0;
EBT;UF;2307304;63.0000;8;0;4;3;1;0;
EBT;UF;2307601;70.0000;4;0;0;2;2;0;
EBT;UF;2307650;53.2500;19;1;14;4;0;0;
EBT;UF;2308104;8.0000;1;0;0;1;0;0;
EBT;UF;2308302;16.0000;1;0;0;0;1;0;
EBT;UF;2309607;90.0000;2;0;0;0;1;1;
EBT;UF;2310704;1.0000;1;0;1;0;0;0;
EBT;UF;2311306;49.0000;4;0;1;1;2;0;
EBT;UF;2311801;14.3750;11;4;7;0;0;0;
EBT;UF;2312403;3.0000;2;0;2;0;0;0;
EBT;UF;2312908;321.3750;24;5;5;9;3;2;
EBT;UF;2313302;0.6875;3;3;0;0;0;0;
EBT;UF;2313401;292.0000;7;0;1;2;2;2;
EBT;UF;2400109;172.0000;7;0;0;3;3;1;
EBT;UF;2400802;20.5000;3;1;0;2;0;0;
EBT;UF;2403251;121.2500;29;3;16;10;0;0;
EBT;UF;2406700;10.0000;1;0;0;1;0;0;
EBT;UF;2407104;27.0000;10;0;9;1;0;0;
EBT;UF;2407401;26.0000;2;0;0;1;1;0;
EBT;UF;2408003;609.5625;35;5;17;6;4;3;
EBT;UF;2408102;3953.0000;105;14;20;44;11;16;
EBT;UF;2409332;4.0000;1;0;0;1;0;0;
EBT;UF;2412005;4.0000;2;0;2;0;0;0;
EBT;UF;2501807;25.0000;3;0;1;2;0;0;
EBT;UF;2503209;198.2500;20;1;11;6;1;1;
EBT;UF;2504009;885.0000;40;3;8;21;4;4;
EBT;UF;2506301;42.0000;2;0;0;1;1;0;
EBT;UF;2506905;48.0000;2;0;0;0;2;0;
EBT;UF;2507507;4114.5625;132;5;46;48;22;11;
EBT;UF;2510808;197.0000;3;0;0;1;1;1;
EBT;UF;2516201;2.0000;1;0;1;0;0;0;
EBT;UF;2600054;179.8750;17;4;11;1;0;1;
EBT;UF;2601102;18.0000;1;0;0;0;1;0;
EBT;UF;2601201;48.0000;3;0;0;1;2;0;
EBT;UF;2601706;120.0000;4;0;0;0;4;0;
EBT;UF;2601904;22.0000;1;0;0;0;1;0;
EBT;UF;2602902;416.2500;26;4;16;2;2;2;
EBT;UF;2603454;1.0000;1;0;1;0;0;0;
EBT;UF;2604007;1.0000;1;0;1;0;0;0;
EBT;UF;2604106;177.6250;27;4;13;7;3;0;
EBT;UF;2605103;22.0000;1;0;0;0;1;0;
EBT;UF;2606002;20.0000;2;0;0;2;0;0;
EBT;UF;2606408;127.8750;5;3;1;0;0;1;
EBT;UF;2606804;1.0000;1;0;1;0;0;0;
EBT;UF;2607208;29.7500;10;2;4;4;0;0;
EBT;UF;2607901;405.2500;49;5;21;19;3;1;
EBT;UF;2608909;2.5000;5;4;1;0;0;0;
EBT;UF;2609600;296.2500;31;4;16;7;3;1;
EBT;UF;2610707;274.3750;43;5;31;5;1;1;
EBT;UF;2610905;68.0000;2;0;0;0;2;0;
EBT;UF;2611606;13229.4375;332;17;127;90;48;50;
EBT;UF;2612208;10.0000;1;0;0;1;0;0;
EBT;UF;2613701;20.0000;1;0;0;0;1;0;
EBT;UF;2613909;56.3750;21;15;3;1;2;0;
EBT;UF;2700300;247.0625;25;1;12;11;0;1;
EBT;UF;2704302;2608.3750;190;28;55;85;12;10;
EBT;UF;2704708;2.0000;1;0;1;0;0;0;
EBT;UF;2706307;2.0000;1;0;1;0;0;0;
EBT;UF;2707701;165.5000;8;1;6;0;0;1;
EBT;UF;2800308;4791.6875;222;32;85;76;11;18;
EBT;UF;2800670;1.5000;4;3;1;0;0;0;
EBT;UF;2802106;10.0000;1;0;0;1;0;0;
EBT;UF;2804805;515.1250;49;6;26;13;1;3;
EBT;UF;2806701;72.5625;13;3;6;3;1;0;
EBT;UF;2900702;96.0000;10;0;3;5;2;0;
EBT;UF;2903201;7.0000;3;0;2;1;0;0;
EBT;UF;2904605;47.0000;4;0;2;1;0;1;
EBT;UF;2904704;2.0000;1;0;1;0;0;0;
EBT;UF;2905602;130.0000;5;0;2;1;1;1;
EBT;UF;2905701;350.8750;58;3;35;17;2;1;
EBT;UF;2906501;732.0000;16;0;6;4;2;4;
EBT;UF;2906709;2.0000;1;0;1;0;0;0;
EBT;UF;2909802;48.0000;4;0;0;3;1;0;
EBT;UF;2910727;334.8125;21;3;12;3;1;2;
EBT;UF;2910800;2699.6875;114;13;50;31;8;12;
EBT;UF;2911709;2.0000;1;0;1;0;0;0;
EBT;UF;2912103;4.0000;1;0;0;1;0;0;
EBT;UF;2913606;442.0000;40;0;20;14;4;2;
EBT;UF;2914653;12.0000;2;0;1;1;0;0;
EBT;UF;2914802;1195.8750;50;8;24;12;2;4;
EBT;UF;2914901;72.0000;2;0;0;1;0;1;
EBT;UF;2915304;2.0000;1;0;1;0;0;0;
EBT;UF;2915601;6.0000;3;0;3;0;0;0;
EBT;UF;2915809;12.0000;2;0;1;1;0;0;
EBT;UF;2916302;2.0000;1;0;1;0;0;0;
EBT;UF;2916401;152.1875;7;2;1;1;2;1;
EBT;UF;2917102;2.0000;1;0;1;0;0;0;
EBT;UF;2917508;100.0000;1;0;0;0;0;1;
EBT;UF;2918001;149.7500;16;3;8;4;0;1;
EBT;UF;2918407;4.0000;2;0;2;0;0;0;
EBT;UF;2919207;676.0000;41;0;21;15;2;3;
EBT;UF;2920601;18.0000;2;0;0;2;0;0;
EBT;UF;2921005;20.2500;3;1;0;2;0;0;
EBT;UF;2921302;10.0000;2;0;0;2;0;0;
EBT;UF;2924009;59.1250;10;1;5;3;1;0;
EBT;UF;2925006;4.0000;2;0;2;0;0;0;
EBT;UF;2925105;10.0000;1;0;0;1;0;0;
EBT;UF;2925303;368.0000;17;0;8;3;4;2;
EBT;UF;2927408;30226.2383;688;93;250;240;47;58;
EBT;UF;2928703;166.0000;4;0;1;0;2;1;
EBT;UF;2929206;0.0625;1;1;0;0;0;0;
EBT;UF;2930105;14.5000;4;1;2;1;0;0;
EBT;UF;2930709;112.0000;28;2;16;10;0;0;
EBT;UF;2931350;2024.0625;24;4;10;1;4;5;
EBT;UF;2932507;32.0000;1;0;0;0;1;0;
EBT;UF;2932903;2.0000;6;6;0;0;0;0;
EBT;UF;2933307;849.3125;47;5;20;15;3;4;
EBT;UF;3100302;2.0000;1;0;1;0;0;0;
EBT;UF;3101508;256.0000;8;0;0;0;8;0;
EBT;UF;3101607;30.8125;26;10;15;1;0;0;
EBT;UF;3101904;2.0000;1;0;1;0;0;0;
EBT;UF;3103504;21.6250;12;2;9;1;0;0;
EBT;UF;3104007;28.7500;23;8;15;0;0;0;
EBT;UF;3104205;13.0000;7;0;7;0;0;0;
EBT;UF;3104908;4.0000;2;0;2;0;0;0;
EBT;UF;3105608;197.5000;15;1;6;2;6;0;
EBT;UF;3106200;62022.6133;1765;259;1031;206;156;113;
EBT;UF;3106309;42.0625;4;1;1;1;1;0;
EBT;UF;3106705;1990.6992;205;45;116;16;24;4;
EBT;UF;3107109;4.0000;2;0;2;0;0;0;
EBT;UF;3107406;1.0000;1;0;1;0;0;0;
EBT;UF;3108404;2.0000;1;0;1;0;0;0;
EBT;UF;3108909;2.2500;2;1;1;0;0;0;
EBT;UF;3109303;2.0000;1;0;1;0;0;0;
EBT;UF;3109501;2.0000;1;0;1;0;0;0;
EBT;UF;3109709;2.0000;1;0;1;0;0;0;
EBT;UF;3110004;2.0000;1;0;1;0;0;0;
EBT;UF;3110301;2.0000;1;0;1;0;0;0;
EBT;UF;3110509;5.0000;3;0;3;0;0;0;
EBT;UF;3110608;3.0000;2;0;2;0;0;0;
EBT;UF;3110707;4.0000;2;0;2;0;0;0;
EBT;UF;3111606;2.0000;1;0;1;0;0;0;
EBT;UF;3113206;64.0000;2;0;0;0;2;0;
EBT;UF;3113404;24.0000;4;0;2;2;0;0;
EBT;UF;3114303;2.0000;1;0;1;0;0;0;
EBT;UF;3114501;2.0000;1;0;1;0;0;0;
EBT;UF;3115300;402.0000;8;0;1;3;2;2;
EBT;UF;3115508;10.1250;6;1;5;0;0;0;
EBT;UF;3117876;10.0000;1;0;0;1;0;0;
EBT;UF;3118007;20.3125;10;4;5;1;0;0;
EBT;UF;3118304;47.3750;14;5;8;0;1;0;
EBT;UF;3118601;2671.7500;295;48;162;41;36;8;
EBT;UF;3119401;66.0000;4;0;2;0;2;0;
EBT;UF;3120904;33.0000;17;0;17;0;0;0;
EBT;UF;3122306;907.8750;42;6;25;4;2;5;
EBT;UF;3123601;4.0000;2;0;2;0;0;0;
EBT;UF;3123908;2.0000;1;0;1;0;0;0;
EBT;UF;3124203;32.0000;1;0;0;0;1;0;
EBT;UF;3125101;16.0000;9;0;9;0;0;0;
EBT;UF;3126109;4.0000;2;0;2;0;0;0;
EBT;UF;3127008;4.0000;2;0;2;0;0;0;
EBT;UF;3127701;1510.3750;51;4;27;5;10;5;
EBT;UF;3128709;8.0000;1;0;0;1;0;0;
EBT;UF;3129509;2.0000;1;0;1;0;0;0;
EBT;UF;3129806;44.5000;8;1;6;0;1;0;
EBT;UF;3130101;2.0000;1;0;1;0;0;0;
EBT;UF;3130309;2.0000;1;0;1;0;0;0;
EBT;UF;3131307;645.8750;60;12;29;5;12;2;
EBT;UF;3131703;396.4375;38;14;18;3;1;2;
EBT;UF;3131901;7.6250;8;3;5;0;0;0;
EBT;UF;3132206;6.0000;3;0;3;0;0;0;
EBT;UF;3132404;299.6250;60;19;30;4;7;0;
EBT;UF;3133006;6.0000;3;0;3;0;0;0;
EBT;UF;3133600;1.0000;1;0;1;0;0;0;
EBT;UF;3133808;113.7500;19;2;10;6;1;0;
EBT;UF;3134202;19.5000;11;1;10;0;0;0;
EBT;UF;3135209;2.0000;1;0;1;0;0;0;
EBT;UF;3135407;16.1250;5;1;3;1;0;0;
EBT;UF;3135506;2.0000;1;0;1;0;0;0;
EBT;UF;3136207;25.7500;23;9;14;0;0;0;
EBT;UF;3136306;8.0000;4;0;4;0;0;0;
EBT;UF;3136702;4714.8125;119;10;46;24;21;18;
EBT;UF;3137205;66.0000;7;0;3;3;1;0;
EBT;UF;3137601;61.0000;17;5;10;1;1;0;
EBT;UF;3138203;308.7500;50;16;25;6;1;2;
EBT;UF;3138401;189.0000;3;0;1;0;1;1;
EBT;UF;3138609;98.0000;4;0;1;0;3;0;
EBT;UF;3138807;2.0000;1;0;1;0;0;0;
EBT;UF;3139003;32.0000;1;0;0;0;1;0;
EBT;UF;3140001;64.0000;2;0;0;0;2;0;
EBT;UF;3140803;94.0000;9;0;4;3;2;0;
EBT;UF;3141405;38.0000;4;0;3;0;1;0;
EBT;UF;3143302;2306.4375;97;8;36;11;34;8;
EBT;UF;3143906;342.0000;4;0;0;1;1;2;
EBT;UF;3144805;772.8125;66;6;35;13;10;2;
EBT;UF;3145208;2.0000;1;0;1;0;0;0;
EBT;UF;3145604;10.2500;5;1;3;1;0;0;
EBT;UF;3145901;4.0000;2;0;2;0;0;0;
EBT;UF;3146107;6.5625;5;2;3;0;0;0;
EBT;UF;3146305;4.0000;2;0;2;0;0;0;
EBT;UF;3147006;33.2500;9;1;7;0;1;0;
EBT;UF;3147105;19.0625;10;1;8;1;0;0;
EBT;UF;3147402;200.0000;2;0;0;0;0;2;
EBT;UF;3147600;2.0000;1;0;1;0;0;0;
EBT;UF;3147907;160.2500;24;8;11;3;1;1;
EBT;UF;3148004;12.1250;8;2;6;0;0;0;
EBT;UF;3148103;2.0000;1;0;1;0;0;0;
EBT;UF;3149101;2.0000;1;0;1;0;0;0;
EBT;UF;3149309;72.6250;25;8;14;2;1;0;
EBT;UF;3149903;265.0000;6;0;3;1;0;2;
EBT;UF;3151206;452.5000;16;1;0;1;14;0;
EBT;UF;3151404;4.0000;2;0;2;0;0;0;
EBT;UF;3151800;119.1875;53;10;38;4;1;0;
EBT;UF;3152105;20.0000;2;0;0;2;0;0;
EBT;UF;3152501;178.0625;63;21;29;11;2;0;
EBT;UF;3154200;32.0000;1;0;0;0;1;0;
EBT;UF;3154606;119.1875;43;15;25;1;2;0;
EBT;UF;3155504;2.0000;1;0;1;0;0;0;
EBT;UF;3156700;13.7500;9;2;7;0;0;0;
EBT;UF;3157807;174.6250;45;15;23;4;3;0;
EBT;UF;3160405;2.0000;1;0;1;0;0;0;
EBT;UF;3160702;14.0000;3;0;2;1;0;0;
EBT;UF;3162104;18.0000;5;0;4;1;0;0;
EBT;UF;3162401;2.0000;1;0;1;0;0;0;
EBT;UF;3162500;399.6875;48;16;21;2;8;1;
EBT;UF;3162708;2.0000;1;0;1;0;0;0;
EBT;UF;3162955;0.2500;1;1;0;0;0;0;
EBT;UF;3163706;66.5000;17;4;11;0;2;0;
EBT;UF;3164704;46.3750;39;16;23;0;0;0;
EBT;UF;3165701;64.0000;2;0;0;0;2;0;
EBT;UF;3166907;8.0000;1;0;0;1;0;0;
EBT;UF;3167202;187.9375;44;4;32;5;3;0;
EBT;UF;3168606;315.2500;21;3;8;1;9;0;
EBT;UF;3168705;460.0625;31;4;9;5;13;0;
EBT;UF;3169307;137.7500;40;18;17;2;3;0;
EBT;UF;3169356;2.0000;1;0;1;0;0;0;
EBT;UF;3169406;2.2500;2;1;1;0;0;0;
EBT;UF;3169901;174.0000;4;0;0;1;2;1;
EBT;UF;3170107;216.1875;83;22;53;6;2;0;
EBT;UF;3170206;4167.6523;265;75;121;30;19;20;
EBT;UF;3170404;101.5000;33;1;29;2;1;0;
EBT;UF;3170701;2543.9375;67;8;34;6;6;13;
EBT;UF;3170800;192.0000;6;0;0;0;6;0;
EBT;UF;3171204;78.2500;31;4;23;3;1;0;
EBT;UF;3171303;71.2500;7;1;4;0;2;0;
EBT;UF;3172004;128.0000;4;0;0;0;4;0;
EBT;UF;3200169;2.0000;1;0;1;0;0;0;
EBT;UF;3200201;14.0000;2;0;1;1;0;0;
EBT;UF;3200409;44.0000;2;0;0;1;1;0;
EBT;UF;3200508;1.0000;1;0;1;0;0;0;
EBT;UF;3200607;7.5000;5;1;4;0;0;0;
EBT;UF;3200706;1.0000;1;0;1;0;0;0;
EBT;UF;3200805;90.0000;6;0;0;3;3;0;
EBT;UF;3200904;16.0000;3;0;1;2;0;0;
EBT;UF;3201209;373.5000;23;2;13;1;5;2;
EBT;UF;3201308;508.2500;57;6;34;12;2;3;
EBT;UF;3201506;541.4375;39;5;26;5;1;2;
EBT;UF;3201902;4.3125;6;4;2;0;0;0;
EBT;UF;3202108;2.0000;1;0;1;0;0;0;
EBT;UF;3202306;5.4375;8;6;2;0;0;0;
EBT;UF;3202405;425.0000;12;2;3;3;1;3;
EBT;UF;3202504;172.1250;7;2;2;0;2;1;
EBT;UF;3202553;2.0000;1;0;1;0;0;0;
EBT;UF;3202603;2.0000;1;0;1;0;0;0;
EBT;UF;3202702;1.0000;1;0;1;0;0;0;
EBT;UF;3202801;100.7500;6;5;0;0;0;1;
EBT;UF;3202900;36.0000;2;0;1;0;1;0;
EBT;UF;3203163;1.1250;2;1;1;0;0;0;
EBT;UF;3203205;328.1250;29;7;12;6;2;2;
EBT;UF;3203304;2.0000;1;0;1;0;0;0;
EBT;UF;3203320;1.6250;4;3;1;0;0;0;
EBT;UF;3203346;20.0000;2;0;0;2;0;0;
EBT;UF;3203353;2.0000;1;0;1;0;0;0;
EBT;UF;3203502;10.0000;1;0;0;1;0;0;
EBT;UF;3203809;2.0000;1;0;1;0;0;0;
EBT;UF;3203908;2.0000;1;0;1;0;0;0;
EBT;UF;3204054;6.0000;2;0;1;1;0;0;
EBT;UF;3204104;96.0000;3;0;1;0;1;1;
EBT;UF;3204203;128.1250;3;2;0;0;0;1;
EBT;UF;3204302;2.0000;1;0;1;0;0;0;
EBT;UF;3204351;4.0000;2;0;2;0;0;0;
EBT;UF;3204401;30.0000;2;0;0;1;1;0;
EBT;UF;3204559;2.5625;3;2;1;0;0;0;
EBT;UF;3204609;36.0000;3;0;2;0;1;0;
EBT;UF;3204708;4.0000;2;0;2;0;0;0;
EBT;UF;3204906;683.5000;17;2;4;2;5;4;
EBT;UF;3205002;2083.5000;145;23;58;41;13;10;
EBT;UF;3205069;10.1875;12;7;5;0;0;0;
EBT;UF;3205101;146.0625;14;1;9;3;0;1;
EBT;UF;3205200;2542.2500;81;10;31;25;6;9;
EBT;UF;3205309;49313.5625;179;20;31;54;23;51;
EBT;UF;3300100;116.7500;16;3;7;4;2;0;
EBT;UF;3300209;16.0000;6;0;4;2;0;0;
EBT;UF;3300258;2.0000;1;0;1;0;0;0;
EBT;UF;3300308;15.0000;6;3;2;1;0;0;
EBT;UF;3300407;36.2500;10;1;7;2;0;0;
EBT;UF;3300456;42.1250;22;5;16;1;0;0;
EBT;UF;3300704;31.5000;10;1;7;2;0;0;
EBT;UF;3300803;4.0000;2;0;2;0;0;0;
EBT;UF;3301009;455.6250;39;15;16;3;4;1;
EBT;UF;3301108;2.0000;1;0;1;0;0;0;
EBT;UF;3301306;2.5000;3;2;1;0;0;0;
EBT;UF;3301702;3254.0625;74;12;39;7;2;14;
EBT;UF;3301900;2594.5000;11;1;6;3;0;1;
EBT;UF;3302007;26.5000;13;4;8;1;0;0;
EBT;UF;3302205;18.5000;10;1;9;0;0;0;
EBT;UF;3302254;225.0000;18;0;10;4;3;1;
EBT;UF;3302403;5168.3750;198;9;83;75;22;9;
EBT;UF;3302502;4.2500;3;1;2;0;0;0;
EBT;UF;3302700;2.0000;1;0;1;0;0;0;
EBT;UF;3302858;51.6250;9;2;6;0;0;1;
EBT;UF;3303203;22.0000;16;5;11;0;0;0;
EBT;UF;3303302;3422.6250;209;15;157;19;10;8;
EBT;UF;3303401;14.5000;5;1;3;1;0;0;
EBT;UF;3303500;257.0781;44;7;30;6;0;1;
EBT;UF;3303609;1.0000;1;0;1;0;0;0;
EBT;UF;3303807;10.2500;2;1;0;1;0;0;
EBT;UF;3303906;728.4883;52;8;35;3;4;2;
EBT;UF;3304003;1.5000;2;1;1;0;0;0;
EBT;UF;3304110;1040.8750;34;6;11;8;1;8;
EBT;UF;3304144;8.0000;4;0;4;0;0;0;
EBT;UF;3304201;482.2500;34;1;18;9;4;2;
EBT;UF;3304300;3.5000;3;1;2;0;0;0;
EBT;UF;3304524;189.2500;38;5;20;12;1;0;
EBT;UF;3304557;326683.965;5438;303;3023;1249;320;543;
EBT;UF;3304706;1.0000;1;0;1;0;0;0;
EBT;UF;3304904;431.6250;79;15;52;9;0;3;
EBT;UF;3305000;34.2500;11;1;9;0;1;0;
EBT;UF;3305109;175.0625;43;5;30;7;0;1;
EBT;UF;3305208;5.5000;5;3;2;0;0;0;
EBT;UF;3305505;0.5000;1;1;0;0;0;0;
EBT;UF;3305554;499.2500;5;1;0;0;1;3;
EBT;UF;3305802;50.3750;12;2;9;0;1;0;
EBT;UF;3306008;132.5000;19;1;9;7;2;0;
EBT;UF;3306107;4.0000;2;0;2;0;0;0;
EBT;UF;3306305;643.0000;33;2;16;5;7;3;
EBT;UF;3500105;155.0000;1;0;0;0;0;1;
EBT;UF;3501004;0.2500;1;1;0;0;0;0;
EBT;UF;3501152;2.0000;1;0;1;0;0;0;
EBT;UF;3501608;3159.5000;117;20;70;6;2;19;
EBT;UF;3501707;310.0000;2;0;0;0;0;2;
EBT;UF;3502101;624.0000;2;0;1;0;0;1;
EBT;UF;3502804;173.5000;7;1;4;1;0;1;
EBT;UF;3503000;2.5000;2;1;1;0;0;0;
EBT;UF;3503208;3824.0000;78;10;32;9;4;23;
EBT;UF;3503307;15.0000;11;3;8;0;0;0;
EBT;UF;3504008;477.3750;8;2;2;1;0;3;
EBT;UF;3504107;22.5000;14;3;11;0;0;0;
EBT;UF;3505302;4.0000;2;0;2;0;0;0;
EBT;UF;3505500;320.0000;3;0;0;1;0;2;
EBT;UF;3505708;35673.2188;392;35;142;62;35;118;
EBT;UF;3505906;1.5098;4;3;1;0;0;0;
EBT;UF;3506003;13104.5000;171;7;58;26;6;74;
EBT;UF;3506102;1466.6250;35;9;13;3;1;9;
EBT;UF;3506359;3.5000;6;5;1;0;0;0;
EBT;UF;3506508;155.0000;1;0;0;0;0;1;
EBT;UF;3507506;1297.0000;21;0;11;1;1;8;
EBT;UF;3507605;1504.0000;25;8;2;4;2;9;
EBT;UF;3507803;2.2500;2;1;1;0;0;0;
EBT;UF;3508207;2.5000;2;1;1;0;0;0;
EBT;UF;3508405;4.5000;4;1;3;0;0;0;
EBT;UF;3508504;129.2500;4;1;2;0;0;1;
EBT;UF;3508603;1342.0000;4;0;0;1;0;3;
EBT;UF;3509205;553.7148;38;8;22;5;0;3;
EBT;UF;3509254;155.2500;2;1;0;0;0;1;
EBT;UF;3509403;1.2500;2;1;1;0;0;0;
EBT;UF;3509502;37384.0742;408;45;167;42;20;134;
EBT;UF;3509700;9.6250;12;7;5;0;0;0;
EBT;UF;3510005;0.7500;2;2;0;0;0;0;
EBT;UF;3510500;342.0000;3;0;0;0;1;2;
EBT;UF;3511102;359.0000;9;0;3;4;0;2;
EBT;UF;3512803;6.0625;3;1;1;1;0;0;
EBT;UF;3513009;308.3750;42;8;27;4;1;2;
EBT;UF;3513504;1097.1250;25;3;9;4;2;7;
EBT;UF;3513702;1.5625;6;6;0;0;0;0;
EBT;UF;3513801;3400.5938;229;31;158;18;3;19;
EBT;UF;3515186;2.2500;2;1;1;0;0;0;
EBT;UF;3516200;2373.7598;47;17;12;1;2;15;
EBT;UF;3516705;7.2500;5;1;4;0;0;0;
EBT;UF;3517406;1.2646;4;3;1;0;0;0;
EBT;UF;3517703;3.7686;5;3;2;0;0;0;
EBT;UF;3518305;155.0000;1;0;0;0;0;1;
EBT;UF;3518404;20.6250;14;3;11;0;0;0;
EBT;UF;3518701;458.0000;59;14;38;4;1;2;
EBT;UF;3518800;1343.9375;320;68;229;13;3;7;
EBT;UF;3519071;6448.1250;56;5;16;3;5;27;
EBT;UF;3520103;0.5000;1;1;0;0;0;0;
EBT;UF;3520509;2140.0625;45;9;15;7;1;13;
EBT;UF;3521002;4.0000;2;0;2;0;0;0;
EBT;UF;3521309;0.7686;3;3;0;0;0;0;
EBT;UF;3522307;754.5000;7;1;0;0;1;5;
EBT;UF;3522505;8.0000;1;0;0;1;0;0;
EBT;UF;3522604;2.5625;4;3;1;0;0;0;
EBT;UF;3523107;191.0000;16;8;5;1;1;1;
EBT;UF;3523909;2197.0000;51;7;21;5;4;14;
EBT;UF;3524006;0.1250;1;1;0;0;0;0;
EBT;UF;3524105;5.3750;7;4;3;0;0;0;
EBT;UF;3524402;242.0625;68;10;52;5;0;1;
EBT;UF;3524709;469.2500;9;4;2;0;0;3;
EBT;UF;3525003;157.0000;2;0;1;0;0;1;
EBT;UF;3525102;5.2500;7;3;4;0;0;0;
EBT;UF;3525300;2630.2500;55;1;32;4;2;16;
EBT;UF;3525904;7659.5000;168;21;95;13;4;35;
EBT;UF;3526803;1294.0000;13;0;3;0;2;8;
EBT;UF;3526902;2446.5625;55;9;25;5;1;15;
EBT;UF;3527108;2551.5000;36;9;5;6;0;16;
EBT;UF;3527306;345.0000;4;0;1;0;1;2;
EBT;UF;3527405;155.0000;1;0;0;0;0;1;
EBT;UF;3528007;2048.0000;2;0;0;0;0;2;
EBT;UF;3528403;10.7500;7;2;5;0;0;0;
EBT;UF;3528502;3.2500;4;3;1;0;0;0;
EBT;UF;3529005;3133.1250;89;13;40;13;4;19;
EBT;UF;3529302;163.0000;2;0;0;1;0;1;
EBT;UF;3529401;1798.2500;132;29;79;11;2;11;
EBT;UF;3529708;3.7500;4;2;2;0;0;0;
EBT;UF;3530300;465.0000;3;0;0;0;0;3;
EBT;UF;3530508;3.0000;4;3;1;0;0;0;
EBT;UF;3530607;6091.6250;181;45;114;8;4;10;
EBT;UF;3530706;56.7500;34;4;30;0;0;0;
EBT;UF;3530805;170.0000;9;0;8;0;0;1;
EBT;UF;3531100;5.3750;5;2;3;0;0;0;
EBT;UF;3531902;3.2500;5;3;2;0;0;0;
EBT;UF;3533403;6.0000;5;2;3;0;0;0;
EBT;UF;3534401;5650.5723;79;8;30;15;4;22;
EBT;UF;3534609;155.0000;1;0;0;0;0;1;
EBT;UF;3534708;1607.5000;26;1;7;5;2;11;
EBT;UF;3536703;1.0000;1;0;1;0;0;0;
EBT;UF;3537404;3.3125;6;5;1;0;0;0;
EBT;UF;3537602;2.0000;1;0;1;0;0;0;
EBT;UF;3538006;140.0000;14;2;8;3;0;1;
EBT;UF;3538709;2287.7344;73;19;36;4;0;14;
EBT;UF;3539301;10.8125;8;3;5;0;0;0;
EBT;UF;3539806;1146.2500;40;1;0;1;32;6;
EBT;UF;3540705;10.0000;1;0;0;1;0;0;
EBT;UF;3541000;14.8750;16;7;9;0;0;0;
EBT;UF;3541406;2929.5625;67;8;31;6;4;18;
EBT;UF;3541505;16.0000;1;0;0;0;1;0;
EBT;UF;3543303;8.7500;7;2;5;0;0;0;
EBT;UF;3543402;13912.0703;285;11;127;61;5;81;
EBT;UF;3543907;1328.8125;56;9;36;3;0;8;
EBT;UF;3544004;2.2500;4;3;1;0;0;0;
EBT;UF;3544103;7.0000;4;0;4;0;0;0;
EBT;UF;3544202;2.0000;1;0;1;0;0;0;
EBT;UF;3545209;481.0000;9;0;5;1;0;3;
EBT;UF;3545803;43.2500;20;1;18;1;0;0;
EBT;UF;3546306;2.0000;1;0;1;0;0;0;
EBT;UF;3546405;11.0000;3;2;0;1;0;0;
EBT;UF;3547304;7928.1250;33;1;10;6;3;13;
EBT;UF;3547809;15053.0625;299;69;154;22;2;52;
EBT;UF;3548500;9630.3750;234;20;116;49;6;43;
EBT;UF;3548708;12860.8750;469;106;240;36;26;61;
EBT;UF;3548807;6805.8125;101;18;58;9;3;13;
EBT;UF;3548906;3789.4375;37;3;11;11;0;12;
EBT;UF;3549409;4.1250;7;5;2;0;0;0;
EBT;UF;3549706;4.3125;4;2;2;0;0;0;
EBT;UF;3549805;4844.0000;67;0;12;25;3;27;
EBT;UF;3549904;7808.9219;248;47;135;39;3;24;
EBT;UF;3550100;2.2500;4;3;1;0;0;0;
EBT;UF;3550308;384306.871;7520;881;3912;1068;303;1356;
EBT;UF;3550605;2.2500;5;4;1;0;0;0;
EBT;UF;3551009;1906.3125;83;25;43;9;0;6;
EBT;UF;3551702;577.0000;6;0;1;1;0;4;
EBT;UF;3552205;12244.2500;193;11;79;20;15;68;
EBT;UF;3552403;14.0000;10;3;7;0;0;0;
EBT;UF;3552502;29.7500;23;9;14;0;0;0;
EBT;UF;3552809;6075.7500;28;2;11;6;1;8;
EBT;UF;3554102;1842.0625;91;22;47;9;0;13;
EBT;UF;3554508;9.0000;4;0;3;1;0;0;
EBT;UF;3555000;2.0000;1;0;1;0;0;0;
EBT;UF;3555406;0.5000;1;1;0;0;0;0;
EBT;UF;3556206;522.2500;25;6;14;1;1;3;
EBT;UF;3556404;0.5000;1;1;0;0;0;0;
EBT;UF;3556701;342.0000;3;0;0;0;1;2;
EBT;UF;3557006;482.0000;8;0;4;1;0;3;
EBT;UF;3557105;4.1250;4;2;2;0;0;0;
EBT;UF;3557303;0.2500;1;1;0;0;0;0;
EBT;UF;4100400;10.2500;11;7;3;1;0;0;
EBT;UF;4100509;1.0000;1;0;1;0;0;0;
EBT;UF;4100608;1.0000;1;0;1;0;0;0;
EBT;UF;4100707;1.0000;1;0;1;0;0;0;
EBT;UF;4100806;1.2500;2;1;1;0;0;0;
EBT;UF;4100905;0.2500;1;1;0;0;0;0;
EBT;UF;4101101;11.7500;9;2;7;0;0;0;
EBT;UF;4101408;101.3125;22;4;13;4;1;0;
EBT;UF;4101507;52.7500;10;3;2;5;0;0;
EBT;UF;4101606;1.0000;1;0;1;0;0;0;
EBT;UF;4101705;1.0000;1;0;1;0;0;0;
EBT;UF;4101804;239.9375;101;35;55;10;1;0;
EBT;UF;4101903;1.0000;1;0;1;0;0;0;
EBT;UF;4102000;1.0000;1;0;1;0;0;0;
EBT;UF;4102109;1.0000;1;0;1;0;0;0;
EBT;UF;4102307;10.5000;7;1;6;0;0;0;
EBT;UF;4102406;1.1875;5;5;0;0;0;0;
EBT;UF;4102505;1.0000;1;0;1;0;0;0;
EBT;UF;4102802;3.2500;3;1;2;0;0;0;
EBT;UF;4102901;1.0000;1;0;1;0;0;0;
EBT;UF;4103206;0.2500;1;1;0;0;0;0;
EBT;UF;4103354;0.2500;1;1;0;0;0;0;
EBT;UF;4103602;2.0000;1;0;1;0;0;0;
EBT;UF;4103701;43.9375;39;17;21;1;0;0;
EBT;UF;4103800;0.2500;1;1;0;0;0;0;
EBT;UF;4104006;2.2500;3;1;2;0;0;0;
EBT;UF;4104204;77.2500;22;1;15;6;0;0;
EBT;UF;4104253;4.2500;4;1;3;0;0;0;
EBT;UF;4104428;9.2500;3;1;1;1;0;0;
EBT;UF;4104501;1.2500;2;1;1;0;0;0;
EBT;UF;4104659;1.3125;3;2;1;0;0;0;
EBT;UF;4104709;2.0000;1;0;1;0;0;0;
EBT;UF;4104808;272.4375;111;39;58;13;1;0;
EBT;UF;4104907;9.2500;24;21;3;0;0;0;
EBT;UF;4105102;1.0000;1;0;1;0;0;0;
EBT;UF;4105409;13.1250;4;1;2;1;0;0;
EBT;UF;4105508;81.8750;29;9;15;5;0;0;
EBT;UF;4105706;1.0000;1;0;1;0;0;0;
EBT;UF;4105805;201.5625;36;17;16;1;1;1;
EBT;UF;4106001;0.2500;1;1;0;0;0;0;
EBT;UF;4106209;1.0000;1;0;1;0;0;0;
EBT;UF;4106308;1.0000;1;0;1;0;0;0;
EBT;UF;4106407;14.6250;6;4;0;2;0;0;
EBT;UF;4106506;1.3125;3;2;1;0;0;0;
EBT;UF;4106605;1.0000;1;0;1;0;0;0;
EBT;UF;4106902;23807.1250;1408;260;710;284;105;49;
EBT;UF;4107009;1.0000;1;0;1;0;0;0;
EBT;UF;4107108;0.5000;2;2;0;0;0;0;
EBT;UF;4107207;64.2500;7;2;3;1;0;1;
EBT;UF;4107256;12.0000;1;0;0;1;0;0;
EBT;UF;4107306;0.5000;2;2;0;0;0;0;
EBT;UF;4107538;1.0000;1;0;1;0;0;0;
EBT;UF;4107603;1.0000;1;0;1;0;0;0;
EBT;UF;4107652;318.9375;11;5;4;0;0;2;
EBT;UF;4107736;2.0000;1;0;1;0;0;0;
EBT;UF;4107801;2.5000;3;2;1;0;0;0;
EBT;UF;4107900;0.2500;1;1;0;0;0;0;
EBT;UF;4108007;1.2500;2;1;1;0;0;0;
EBT;UF;4108205;1.0000;1;0;1;0;0;0;
EBT;UF;4108304;317.8125;113;51;57;2;2;1;
EBT;UF;4108320;0.2500;1;1;0;0;0;0;
EBT;UF;4108403;24.0625;16;8;7;1;0;0;
EBT;UF;4108601;5.5625;8;5;3;0;0;0;
EBT;UF;4108700;1.0000;1;0;1;0;0;0;
EBT;UF;4108809;6.0000;6;2;4;0;0;0;
EBT;UF;4109302;1.0000;1;0;1;0;0;0;
EBT;UF;4109401;15.7500;12;5;6;1;0;0;
EBT;UF;4109500;2.0000;1;0;1;0;0;0;
EBT;UF;4109609;9.0000;5;0;5;0;0;0;
EBT;UF;4109708;1.0000;1;0;1;0;0;0;
EBT;UF;4109807;11.8750;20;13;7;0;0;0;
EBT;UF;4110607;1.0000;1;0;1;0;0;0;
EBT;UF;4110706;12.7500;26;22;4;0;0;0;
EBT;UF;4110953;1.0000;1;0;1;0;0;0;
EBT;UF;4111506;1.2500;2;1;1;0;0;0;
EBT;UF;4112009;1.0000;1;0;1;0;0;0;
EBT;UF;4112108;2.3750;4;3;1;0;0;0;
EBT;UF;4112504;1.0000;1;0;1;0;0;0;
EBT;UF;4112702;1.2500;2;1;1;0;0;0;
EBT;UF;4112801;1.0000;1;0;1;0;0;0;
EBT;UF;4113205;1.0625;2;1;1;0;0;0;
EBT;UF;4113304;1.7500;3;2;1;0;0;0;
EBT;UF;4113502;1.0000;1;0;1;0;0;0;
EBT;UF;4113601;14.0000;4;0;3;1;0;0;
EBT;UF;4113700;2425.3750;219;74;90;45;3;7;
EBT;UF;4113809;1.0000;1;0;1;0;0;0;
EBT;UF;4114005;1.0000;1;0;1;0;0;0;
EBT;UF;4114104;2.2500;4;3;1;0;0;0;
EBT;UF;4114203;19.5000;8;4;3;1;0;0;
EBT;UF;4114302;0.2500;1;1;0;0;0;0;
EBT;UF;4114351;0.2500;1;1;0;0;0;0;
EBT;UF;4114401;1.0000;1;0;1;0;0;0;
EBT;UF;4114500;1.0000;1;0;1;0;0;0;
EBT;UF;4114609;0.5000;1;1;0;0;0;0;
EBT;UF;4114807;12.2500;8;3;4;1;0;0;
EBT;UF;4114906;1.0000;1;0;1;0;0;0;
EBT;UF;4115200;1970.2500;222;67;108;44;0;3;
EBT;UF;4115358;1.0000;1;0;1;0;0;0;
EBT;UF;4115606;3.2500;3;1;2;0;0;0;
EBT;UF;4115705;5.0000;3;0;3;0;0;0;
EBT;UF;4115804;0.5000;1;1;0;0;0;0;
EBT;UF;4116208;1.0000;1;0;1;0;0;0;
EBT;UF;4116703;1.0000;1;0;1;0;0;0;
EBT;UF;4116901;2.3750;5;4;1;0;0;0;
EBT;UF;4117008;0.2500;1;1;0;0;0;0;
EBT;UF;4117107;1.0000;1;0;1;0;0;0;
EBT;UF;4117271;0.2500;1;1;0;0;0;0;
EBT;UF;4117503;5.3750;5;2;3;0;0;0;
EBT;UF;4117602;3.5000;3;1;2;0;0;0;
EBT;UF;4117701;1.0000;1;0;1;0;0;0;
EBT;UF;4117909;5.5625;6;3;3;0;0;0;
EBT;UF;4118105;1.0000;1;0;1;0;0;0;
EBT;UF;4118204;306.2500;72;17;46;8;0;1;
EBT;UF;4118402;61.5000;31;17;13;0;1;0;
EBT;UF;4118451;0.2500;1;1;0;0;0;0;
EBT;UF;4118501;38.8750;22;7;14;1;0;0;
EBT;UF;4118907;1.0000;1;0;1;0;0;0;
EBT;UF;4119152;190.2500;36;3;23;7;3;0;
EBT;UF;4119301;3.5625;5;3;2;0;0;0;
EBT;UF;4119400;2.0000;1;0;1;0;0;0;
EBT;UF;4119509;10.8125;8;2;6;0;0;0;
EBT;UF;4119608;1.0000;1;0;1;0;0;0;
EBT;UF;4119806;1.0000;1;0;1;0;0;0;
EBT;UF;4119905;392.5625;103;39;46;16;1;1;
EBT;UF;4119954;41.0000;7;0;5;0;2;0;
EBT;UF;4120002;1.0000;1;0;1;0;0;0;
EBT;UF;4120101;0.2500;1;1;0;0;0;0;
EBT;UF;4120606;3.2500;3;1;2;0;0;0;
EBT;UF;4120705;0.2500;1;1;0;0;0;0;
EBT;UF;4120804;386.7500;20;5;8;4;1;2;
EBT;UF;4120853;1.0000;1;0;1;0;0;0;
EBT;UF;4120903;1.0000;1;0;1;0;0;0;
EBT;UF;4121406;1.2500;2;1;1;0;0;0;
EBT;UF;4121505;1.0000;1;0;1;0;0;0;
EBT;UF;4121604;0.2500;1;1;0;0;0;0;
EBT;UF;4121703;1.0000;1;0;1;0;0;0;
EBT;UF;4121901;1.0000;1;0;1;0;0;0;
EBT;UF;4122008;0.5000;1;1;0;0;0;0;
EBT;UF;4122206;1.7500;3;2;1;0;0;0;
EBT;UF;4122305;8.6250;16;12;4;0;0;0;
EBT;UF;4122404;55.5000;22;2;18;2;0;0;
EBT;UF;4122800;0.2500;1;1;0;0;0;0;
EBT;UF;4123204;1.0000;1;0;1;0;0;0;
EBT;UF;4123501;1.0000;1;0;1;0;0;0;
EBT;UF;4123709;1.0000;1;0;1;0;0;0;
EBT;UF;4123808;1.0000;1;0;1;0;0;0;
EBT;UF;4123907;1.2500;2;1;1;0;0;0;
EBT;UF;4124053;1.0625;2;1;1;0;0;0;
EBT;UF;4124103;5.0625;4;1;3;0;0;0;
EBT;UF;4124400;1.0000;1;0;1;0;0;0;
EBT;UF;4124509;1.5000;2;1;1;0;0;0;
EBT;UF;4124707;1.0000;1;0;1;0;0;0;
EBT;UF;4125001;2.0000;2;0;2;0;0;0;
EBT;UF;4125456;0.2500;1;1;0;0;0;0;
EBT;UF;4125506;22753.5000;238;56;135;35;2;10;
EBT;UF;4125605;1.0000;1;0;1;0;0;0;
EBT;UF;4125704;2.0000;1;0;1;0;0;0;
EBT;UF;4126009;0.5000;2;2;0;0;0;0;
EBT;UF;4126256;12.5000;14;8;6;0;0;0;
EBT;UF;4126306;1.0000;1;0;1;0;0;0;
EBT;UF;4126504;1.0000;1;0;1;0;0;0;
EBT;UF;4126603;1.0000;1;0;1;0;0;0;
EBT;UF;4126678;1.0000;1;0;1;0;0;0;
EBT;UF;4126801;1.0000;1;0;1;0;0;0;
EBT;UF;4127106;10.0000;5;0;5;0;0;0;
EBT;UF;4127403;1.0000;1;0;1;0;0;0;
EBT;UF;4127502;1.0000;1;0;1;0;0;0;
EBT;UF;4127700;45.6875;24;11;9;4;0;0;
EBT;UF;4127809;1.0000;1;0;1;0;0;0;
EBT;UF;4128005;1.0000;1;0;1;0;0;0;
EBT;UF;4128104;100.3750;23;5;11;6;1;0;
EBT;UF;4128203;16.2500;9;1;8;0;0;0;
EBT;UF;4128401;1.0000;1;0;1;0;0;0;
EBT;UF;4128500;1.5000;2;1;1;0;0;0;
EBT;UF;4128708;2.5000;3;2;1;0;0;0;
EBT;UF;4128807;0.2500;1;1;0;0;0;0;
EBT;UF;4200101;1.3750;3;2;1;0;0;0;
EBT;UF;4201307;71.3125;19;2;10;7;0;0;
EBT;UF;4201703;0.2500;1;1;0;0;0;0;
EBT;UF;4202008;197.2500;29;1;13;14;0;1;
EBT;UF;4202305;97.9375;39;22;11;4;2;0;
EBT;UF;4202404;2614.9375;181;43;77;46;8;7;
EBT;UF;4202602;5.3750;4;2;1;1;0;0;
EBT;UF;4202909;565.1250;52;8;19;19;2;4;
EBT;UF;4203006;132.8750;11;5;2;3;0;1;
EBT;UF;4203204;22.1250;17;8;8;1;0;0;
EBT;UF;4203956;16.7500;6;2;3;1;0;0;
EBT;UF;4204202;537.3125;56;20;19;13;1;3;
EBT;UF;4204251;46.0000;7;3;2;1;1;0;
EBT;UF;4204301;623.5000;14;1;1;6;2;4;
EBT;UF;4204350;0.6875;4;4;0;0;0;0;
EBT;UF;4204509;3.6250;5;3;2;0;0;0;
EBT;UF;4204558;4.5000;2;1;0;1;0;0;
EBT;UF;4204608;353.7500;52;17;11;23;0;1;
EBT;UF;4204806;20.0000;2;0;0;2;0;0;
EBT;UF;4205191;10.0000;1;0;0;1;0;0;
EBT;UF;4205407;6638.2266;263;45;83;104;18;13;
EBT;UF;4205506;2.9375;9;8;1;0;0;0;
EBT;UF;4205704;17.1250;11;5;5;1;0;0;
EBT;UF;4205803;8.0000;2;0;0;2;0;0;
EBT;UF;4205902;99.3750;24;11;5;6;2;0;
EBT;UF;4206504;87.1875;22;5;12;4;1;0;
EBT;UF;4206702;3.1250;4;3;1;0;0;0;
EBT;UF;4207007;39.3125;11;4;4;3;0;0;
EBT;UF;4207106;1.2500;2;1;1;0;0;0;
EBT;UF;4207304;2.0000;1;0;1;0;0;0;
EBT;UF;4207502;244.5625;35;2;19;13;0;1;
EBT;UF;4208203;1313.6250;198;18;106;66;3;5;
EBT;UF;4208302;0.5000;1;1;0;0;0;0;
EBT;UF;4208807;1.2500;2;1;1;0;0;0;
EBT;UF;4208906;378.0625;48;8;27;10;2;1;
EBT;UF;4209003;124.5000;19;1;9;7;2;0;
EBT;UF;4209102;1578.8008;273;66;119;78;6;4;
EBT;UF;4209300;180.7500;43;11;15;17;0;0;
EBT;UF;4209706;1.2500;2;1;1;0;0;0;
EBT;UF;4210035;4.2500;4;1;3;0;0;0;
EBT;UF;4210100;12.4375;19;14;5;0;0;0;
EBT;UF;4210209;3.2500;3;1;2;0;0;0;
EBT;UF;4210605;3.5625;5;3;2;0;0;0;
EBT;UF;4211306;133.8125;38;6;18;13;1;0;
EBT;UF;4211603;3.2500;4;1;3;0;0;0;
EBT;UF;4211702;4.2500;5;3;2;0;0;0;
EBT;UF;4211900;473.5625;56;16;24;13;2;1;
EBT;UF;4213005;0.3125;3;3;0;0;0;0;
EBT;UF;4213203;25.5000;5;2;1;1;1;0;
EBT;UF;4214706;2.2500;2;1;1;0;0;0;
EBT;UF;4214805;301.2500;58;13;21;23;1;0;
EBT;UF;4215000;26.0000;3;0;2;0;1;0;
EBT;UF;4215109;102.7500;4;2;1;0;0;1;
EBT;UF;4215802;199.0625;84;33;40;10;1;0;
EBT;UF;4216107;3.2500;3;1;2;0;0;0;
EBT;UF;4216206;244.4375;23;7;5;7;3;1;
EBT;UF;4216602;368.7500;67;9;30;25;3;0;
EBT;UF;4216909;41.7500;7;3;2;1;1;0;
EBT;UF;4217006;2.0000;1;0;1;0;0;0;
EBT;UF;4217402;37.5000;5;2;2;0;1;0;
EBT;UF;4217709;216.0000;4;0;0;1;0;3;
EBT;UF;4218202;124.5000;11;1;7;2;0;1;
EBT;UF;4218707;66.0625;14;1;6;7;0;0;
EBT;UF;4218806;14.0000;3;0;2;1;0;0;
EBT;UF;4219309;44.7500;17;11;2;3;1;0;
EBT;UF;4219507;8.2500;13;8;5;0;0;0;
EBT;UF;4219705;34.6250;8;4;2;1;1;0;
EBT;UF;4300406;51.3125;29;20;0;9;0;0;
EBT;UF;4300604;140.7500;23;6;7;8;2;0;
EBT;UF;4301552;1.2500;2;1;1;0;0;0;
EBT;UF;4301602;467.8750;31;7;8;8;6;2;
EBT;UF;4302105;1171.0000;110;8;33;56;10;3;
EBT;UF;4302352;2.0000;2;0;2;0;0;0;
EBT;UF;4302907;0.6250;2;2;0;0;0;0;
EBT;UF;4303004;15.9375;18;13;4;1;0;0;
EBT;UF;4303103;377.0000;44;5;11;22;6;0;
EBT;UF;4303509;247.0000;22;2;7;11;1;1;
EBT;UF;4303806;1.5000;3;2;1;0;0;0;
EBT;UF;4303905;844.1250;57;12;21;14;6;4;
EBT;UF;4304408;10.6875;14;10;3;1;0;0;
EBT;UF;4304606;1029.8750;128;35;34;47;10;2;
EBT;UF;4304630;370.0625;10;3;1;4;1;1;
EBT;UF;4304705;32.5000;22;14;5;3;0;0;
EBT;UF;4304804;21.1875;9;5;3;0;1;0;
EBT;UF;4305108;3423.7500;317;59;127;106;22;3;
EBT;UF;4305975;2.0000;1;0;1;0;0;0;
EBT;UF;4306106;1216.4375;41;20;14;4;1;2;
EBT;UF;4306205;1.5625;3;2;1;0;0;0;
EBT;UF;4306601;6.0000;1;0;0;1;0;0;
EBT;UF;4306767;331.6250;27;3;11;8;3;2;
EBT;UF;4307005;650.3125;41;2;18;12;8;1;
EBT;UF;4307559;273.5000;5;1;1;0;1;2;
EBT;UF;4307609;42.0000;14;5;5;4;0;0;
EBT;UF;4307708;66.5625;26;14;5;7;0;0;
EBT;UF;4307807;13.2500;8;5;2;1;0;0;
EBT;UF;4307906;836.1133;58;2;20;28;7;1;
EBT;UF;4308102;1.0000;1;0;1;0;0;0;
EBT;UF;4308508;2.7500;5;3;2;0;0;0;
EBT;UF;4308607;201.1875;42;9;18;13;2;0;
EBT;UF;4308904;11.5000;7;4;2;1;0;0;
EBT;UF;4309001;1.6875;5;4;1;0;0;0;
EBT;UF;4309050;8.6250;3;2;0;1;0;0;
EBT;UF;4309100;57.5000;17;9;5;2;1;0;
EBT;UF;4309209;385.8750;95;35;20;37;3;0;
EBT;UF;4309308;75.1875;20;11;4;4;1;0;
EBT;UF;4309407;2.0000;4;3;1;0;0;0;
EBT;UF;4309605;3.8750;9;7;2;0;0;0;
EBT;UF;4310009;20.0000;1;0;0;0;1;0;
EBT;UF;4310108;14.2500;13;9;1;3;0;0;
EBT;UF;4310207;144.1250;16;4;3;6;3;0;
EBT;UF;4310330;1.1250;3;2;1;0;0;0;
EBT;UF;4310801;3.3750;8;6;2;0;0;0;
EBT;UF;4311007;0.9375;4;4;0;0;0;0;
EBT;UF;4311403;1068.3750;20;8;6;5;0;1;
EBT;UF;4311809;3.8125;9;7;2;0;0;0;
EBT;UF;4312401;26.0625;20;13;3;4;0;0;
EBT;UF;4312906;6.2500;4;1;2;1;0;0;
EBT;UF;4313201;9.6875;8;6;1;1;0;0;
EBT;UF;4313409;702.4375;108;18;34;46;10;0;
EBT;UF;4313508;41.8125;24;16;4;4;0;0;
EBT;UF;4313706;2.5625;6;5;1;0;0;0;
EBT;UF;4313904;8.5000;21;18;3;0;0;0;
EBT;UF;4314050;13.4375;17;11;6;0;0;0;
EBT;UF;4314100;940.8750;71;14;29;16;9;3;
EBT;UF;4314308;0.2500;1;1;0;0;0;0;
EBT;UF;4314407;2149.0000;60;18;17;16;5;4;
EBT;UF;4314506;4.0000;1;0;0;1;0;0;
EBT;UF;4314803;11.2500;7;4;2;1;0;0;
EBT;UF;4314902;39534.4883;730;78;167;317;109;59;
EBT;UF;4315602;372.2500;64;29;12;18;3;2;
EBT;UF;4315701;1.8750;4;3;1;0;0;0;
EBT;UF;4316402;10.8750;9;6;2;1;0;0;
EBT;UF;4316501;0.3125;2;2;0;0;0;0;
EBT;UF;4316808;561.5625;33;11;3;12;5;2;
EBT;UF;4316907;1742.8750;106;52;26;23;1;4;
EBT;UF;4317103;60.3125;11;2;6;2;1;0;
EBT;UF;4317202;1.0000;1;0;1;0;0;0;
EBT;UF;4317400;12.4375;9;6;2;1;0;0;
EBT;UF;4317509;8.7500;3;2;0;1;0;0;
EBT;UF;4317608;10.2500;7;5;1;1;0;0;
EBT;UF;4318101;1.5000;3;2;1;0;0;0;
EBT;UF;4318705;409.3125;67;23;22;15;6;1;
EBT;UF;4319406;1.5000;3;2;1;0;0;0;
EBT;UF;4319505;6.0625;6;4;1;1;0;0;
EBT;UF;4319802;1.5000;3;2;1;0;0;0;
EBT;UF;4319901;77.0000;13;2;5;5;1;0;
EBT;UF;4320008;128.7500;34;13;10;10;1;0;
EBT;UF;4320107;2.5625;9;8;1;0;0;0;
EBT;UF;4320404;3.0625;3;1;2;0;0;0;
EBT;UF;4321204;17.5000;13;6;6;1;0;0;
EBT;UF;4321451;500.6875;17;11;2;0;1;3;
EBT;UF;4321501;17.5625;20;16;2;2;0;0;
EBT;UF;4321600;20.9375;18;12;4;2;0;0;
EBT;UF;4321709;2.7500;4;2;2;0;0;0;
EBT;UF;4322004;34.0000;2;0;1;0;1;0;
EBT;UF;4322400;319.1250;24;6;6;8;3;1;
EBT;UF;4322509;247.3750;21;2;6;11;1;1;
EBT;UF;4322608;10.0000;2;0;1;1;0;0;
EBT;UF;4323002;60.1250;20;10;6;3;1;0;
EBT;UF;4323408;1.2500;2;1;1;0;0;0;
EBT;UF;4323804;0.6250;6;6;0;0;0;0;
EBT;UF;5000203;73.0000;12;0;2;10;0;0;
EBT;UF;5002704;4616.9375;346;91;114;112;14;15;
EBT;UF;5002951;0.0625;1;1;0;0;0;0;
EBT;UF;5003702;1053.7500;38;6;11;16;2;3;
EBT;UF;5004502;1.2500;3;3;0;0;0;0;
EBT;UF;5005400;42.0000;5;0;1;2;2;0;
EBT;UF;5006309;4.0000;2;0;2;0;0;0;
EBT;UF;5007109;31.0000;6;0;1;5;0;0;
EBT;UF;5007554;1.0000;1;0;1;0;0;0;
EBT;UF;5007901;46.5000;4;1;1;1;1;0;
EBT;UF;5008305;258.0000;34;0;10;22;2;0;
EBT;UF;5100250;2.5000;2;1;1;0;0;0;
EBT;UF;5102504;134.6875;48;15;25;7;1;0;
EBT;UF;5103403;14754.4375;830;155;477;112;50;36;
EBT;UF;5104104;0.5000;1;1;0;0;0;0;
EBT;UF;5105002;26.2500;7;1;4;2;0;0;
EBT;UF;5105259;943.8750;150;36;84;21;4;5;
EBT;UF;5105622;93.5000;18;3;13;0;2;0;
EBT;UF;5105903;0.5000;1;1;0;0;0;0;
EBT;UF;5106224;434.5000;83;17;46;14;5;1;
EBT;UF;5106752;293.1250;58;21;29;3;4;1;
EBT;UF;5107198;0.5625;2;2;0;0;0;0;
EBT;UF;5107602;1742.6250;197;27;114;37;8;11;
EBT;UF;5107909;6946.1250;172;18;109;27;6;12;
EBT;UF;5107925;838.6250;126;21;67;32;2;4;
EBT;UF;5107958;2.3750;5;4;1;0;0;0;
EBT;UF;5108402;668.0625;135;24;76;28;6;1;
EBT;UF;5200258;6.7500;7;2;5;0;0;0;
EBT;UF;5200308;5.2500;7;4;3;0;0;0;
EBT;UF;5201108;1622.7500;146;23;80;36;2;5;
EBT;UF;5201405;370.5000;176;38;120;18;0;0;
EBT;UF;5204508;25.0000;6;2;2;2;0;0;
EBT;UF;5204706;6.0000;6;3;3;0;0;0;
EBT;UF;5205109;276.3750;36;6;18;8;3;1;
EBT;UF;5205513;0.2500;1;1;0;0;0;0;
EBT;UF;5206206;58.7500;7;2;2;2;1;0;
EBT;UF;5208004;2.0000;1;0;1;0;0;0;
EBT;UF;5208707;3031.6250;500;101;287;90;14;8;
EBT;UF;5209101;0.2500;1;1;0;0;0;0;
EBT;UF;5209804;0.2500;1;1;0;0;0;0;
EBT;UF;5209937;2.0000;1;0;1;0;0;0;
EBT;UF;5210000;8.0000;4;0;4;0;0;0;
EBT;UF;5211503;87.5625;29;2;20;7;0;0;
EBT;UF;5211909;106.0000;3;0;1;1;0;1;
EBT;UF;5212501;49.6250;32;14;16;2;0;0;
EBT;UF;5213806;7.1250;11;7;4;0;0;0;
EBT;UF;5214002;0.2500;1;1;0;0;0;0;
EBT;UF;5215231;4.0625;7;5;2;0;0;0;
EBT;UF;5216809;1.0000;1;0;1;0;0;0;
EBT;UF;5217203;0.2500;1;1;0;0;0;0;
EBT;UF;5217401;1.0000;1;0;1;0;0;0;
EBT;UF;5218003;22.5000;4;1;1;2;0;0;
EBT;UF;5218508;0.2500;1;1;0;0;0;0;
EBT;UF;5218805;153.0625;41;6;23;12;0;0;
EBT;UF;5219605;2.0000;1;0;1;0;0;0;
EBT;UF;5219753;7.0000;4;0;4;0;0;0;
EBT;UF;5220454;25.5000;14;1;13;0;0;0;
EBT;UF;5221403;19.3125;7;4;1;2;0;0;
EBT;UF;5221601;46.0625;12;8;1;2;1;0;
EBT;UF;5221858;27.3750;21;9;11;1;0;0;
EBT;UF;5300108;126202.250;2553;436;1138;568;177;234;
09;956;
