01;CLA;IPL4;201609;
EBT;UF;1100023;212.1250;49;4;38;4;2;1;
EBT;UF;1100031;0.5000;1;1;0;0;0;0;
EBT;UF;1100049;242.9375;83;17;52;12;2;0;
EBT;UF;1100056;0.7500;2;2;0;0;0;0;
EBT;UF;1100064;1.0000;1;0;1;0;0;0;
EBT;UF;1100080;0.3750;2;2;0;0;0;0;
EBT;UF;1100106;40.0000;10;0;7;2;1;0;
EBT;UF;1100114;108.0000;15;0;11;2;2;0;
EBT;UF;1100122;1272.1875;187;15;139;17;11;5;
EBT;UF;1100155;80.0000;7;0;4;0;3;0;
EBT;UF;1100189;172.3125;38;9;22;4;2;1;
EBT;UF;1100205;20573.2461;898;99;539;169;40;51;
EBT;UF;1100288;7.0000;4;0;4;0;0;0;
EBT;UF;1100296;1.0000;1;0;1;0;0;0;
EBT;UF;1100304;732.3750;144;17;100;18;7;2;
EBT;UF;1100346;1.0000;1;0;1;0;0;0;
EBT;UF;1100379;0.0625;1;1;0;0;0;0;
EBT;UF;1100452;1.0000;1;0;1;0;0;0;
EBT;UF;1100601;0.5000;1;1;0;0;0;0;
EBT;UF;1100809;0.5000;1;1;0;0;0;0;
EBT;UF;1100924;2.0000;1;0;1;0;0;0;
EBT;UF;1101005;1.0000;1;0;1;0;0;0;
EBT;UF;1101468;0.5000;1;1;0;0;0;0;
EBT;UF;1101492;0.5000;1;1;0;0;0;0;
EBT;UF;1101500;0.6250;2;2;0;0;0;0;
EBT;UF;1200054;4.5000;4;1;3;0;0;0;
EBT;UF;1200138;19.0000;7;0;5;2;0;0;
EBT;UF;1200203;17.0000;9;0;9;0;0;0;
EBT;UF;1200252;0.6875;3;3;0;0;0;0;
EBT;UF;1200401;23492.1641;519;57;290;115;24;33;
EBT;UF;1200450;3.0000;2;0;2;0;0;0;
EBT;UF;1301100;6.0000;4;0;4;0;0;0;
EBT;UF;1301704;838.3125;18;4;7;1;1;5;
EBT;UF;1301852;2.0000;1;0;1;0;0;0;
EBT;UF;1302603;61483.1875;1283;160;696;279;88;60;
EBT;UF;1303403;2.5000;3;2;1;0;0;0;
EBT;UF;1400100;1268.0625;184;9;97;64;12;2;
EBT;UF;1500107;1.0000;1;0;1;0;0;0;
EBT;UF;1500602;2.0000;1;0;1;0;0;0;
EBT;UF;1500800;50622.6113;213;12;105;70;9;17;
EBT;UF;1501303;28.0000;6;0;4;2;0;0;
EBT;UF;1501402;117817.062;1172;61;493;384;116;118;
EBT;UF;1501501;88.6250;38;7;25;6;0;0;
EBT;UF;1501709;2.2500;2;1;1;0;0;0;
EBT;UF;1501956;0.5000;1;1;0;0;0;0;
EBT;UF;1502202;207.0000;9;0;1;4;3;1;
EBT;UF;1502400;158.5156;37;3;24;8;2;0;
EBT;UF;1502939;1.0000;1;0;1;0;0;0;
EBT;UF;1503309;1.0000;1;0;1;0;0;0;
EBT;UF;1503457;4.0000;2;0;2;0;0;0;
EBT;UF;1503606;6.0000;3;0;3;0;0;0;
EBT;UF;1503903;3.0000;2;0;2;0;0;0;
EBT;UF;1504208;622.4609;160;37;88;24;10;1;
EBT;UF;1504422;336.6680;86;18;41;24;2;1;
EBT;UF;1504703;2.0000;1;0;1;0;0;0;
EBT;UF;1505304;1.0000;1;0;1;0;0;0;
EBT;UF;1505502;292.0000;21;0;15;2;2;2;
EBT;UF;1505536;2.0000;1;0;1;0;0;0;
EBT;UF;1506104;4.0000;2;0;2;0;0;0;
EBT;UF;1506138;1.0000;1;0;1;0;0;0;
EBT;UF;1506203;2.2500;4;3;1;0;0;0;
EBT;UF;1506500;2.7148;4;3;1;0;0;0;
EBT;UF;1506807;249.5938;73;13;50;7;1;2;
EBT;UF;1507003;4.0000;2;0;2;0;0;0;
EBT;UF;1507474;4.0000;2;0;2;0;0;0;
EBT;UF;1507607;5.0000;3;0;3;0;0;0;
EBT;UF;1507904;1.0000;1;0;1;0;0;0;
EBT;UF;1508209;4.2500;3;1;2;0;0;0;
EBT;UF;1600303;655.9141;151;16;95;29;9;2;
EBT;UF;1600600;24.6250;16;5;10;1;0;0;
EBT;UF;1700301;1024.0000;1;0;0;0;0;1;
EBT;UF;1700350;4.0000;3;0;3;0;0;0;
EBT;UF;1700400;0.5000;1;1;0;0;0;0;
EBT;UF;1700707;206.7500;9;2;4;1;1;1;
EBT;UF;1702000;0.2500;1;1;0;0;0;0;
EBT;UF;1702109;3153.3750;91;12;33;21;8;17;
EBT;UF;1702208;1.0000;1;0;1;0;0;0;
EBT;UF;1705508;387.5000;11;1;6;0;1;3;
EBT;UF;1706506;14.0000;1;0;0;0;1;0;
EBT;UF;1707009;5.0000;3;0;3;0;0;0;
EBT;UF;1709302;175.6875;11;4;4;2;0;1;
EBT;UF;1709500;3550.3125;28;3;11;7;1;6;
EBT;UF;1713205;10.5625;9;3;6;0;0;0;
EBT;UF;1713304;6.2500;8;4;4;0;0;0;
EBT;UF;1714203;1.0000;1;0;1;0;0;0;
EBT;UF;1714880;160.8125;7;3;3;0;0;1;
EBT;UF;1716109;1242.7500;22;2;8;4;4;4;
EBT;UF;1716505;1.0000;1;0;1;0;0;0;
EBT;UF;1718204;976.2500;38;3;17;8;4;6;
EBT;UF;1718402;4.0000;1;0;0;1;0;0;
EBT;UF;1718865;0.5000;1;1;0;0;0;0;
EBT;UF;1721000;20957.6875;315;49;130;63;20;53;
EBT;UF;1721208;1.0000;1;0;1;0;0;0;
EBT;UF;1722081;4.0000;1;0;0;1;0;0;
EBT;UF;2100204;32.0000;1;0;0;0;1;0;
EBT;UF;2101202;98.0000;7;0;4;0;3;0;
EBT;UF;2101251;155.0000;1;0;0;0;0;1;
EBT;UF;2101400;209.2500;21;1;4;13;2;1;
EBT;UF;2101608;0.1250;1;1;0;0;0;0;
EBT;UF;2102804;1.0000;1;0;1;0;0;0;
EBT;UF;2103000;1136.0000;32;0;9;10;7;6;
EBT;UF;2103307;157.0000;2;0;1;0;0;1;
EBT;UF;2103604;1.0000;1;0;1;0;0;0;
EBT;UF;2104057;6.0000;3;0;3;0;0;0;
EBT;UF;2105302;573.7500;72;3;35;28;5;1;
EBT;UF;2105427;20.0000;3;0;1;2;0;0;
EBT;UF;2107704;1.0000;1;0;1;0;0;0;
EBT;UF;2108603;4.0000;1;0;0;1;0;0;
EBT;UF;2109106;2.0000;3;2;1;0;0;0;
EBT;UF;2109601;2.0000;1;0;1;0;0;0;
EBT;UF;2109908;397.0000;14;2;7;0;1;4;
EBT;UF;2110203;0.2500;1;1;0;0;0;0;
EBT;UF;2110302;52.0000;6;0;1;5;0;0;
EBT;UF;2111201;48.1445;21;8;8;5;0;0;
EBT;UF;2111300;30796.7500;453;48;132;184;54;35;
EBT;UF;2112209;164.0000;7;0;1;2;3;1;
EBT;UF;2112902;0.1250;1;1;0;0;0;0;
EBT;UF;2114007;6.0000;3;0;3;0;0;0;
EBT;UF;2200400;33.0000;2;0;1;0;1;0;
EBT;UF;2201507;42.0000;2;0;0;1;1;0;
EBT;UF;2202000;32.0000;1;0;0;0;1;0;
EBT;UF;2202208;180.0000;5;0;0;2;2;1;
EBT;UF;2202406;64.0000;2;0;0;0;2;0;
EBT;UF;2202703;64.0000;2;0;0;0;2;0;
EBT;UF;2203701;107.0000;5;0;1;1;3;0;
EBT;UF;2203909;54.0625;6;1;1;3;1;0;
EBT;UF;2207702;148.0000;10;0;3;3;4;0;
EBT;UF;2208403;625.0000;15;0;2;2;8;3;
EBT;UF;2211001;20031.4141;385;12;89;149;117;18;
EBT;UF;2301000;133.7500;13;2;8;2;0;1;
EBT;UF;2301109;50.0000;5;0;0;4;1;0;
EBT;UF;2301901;43.6250;11;3;3;5;0;0;
EBT;UF;2302503;20.0000;2;0;0;2;0;0;
EBT;UF;2303709;55.0391;26;8;12;6;0;0;
EBT;UF;2303956;0.2500;1;1;0;0;0;0;
EBT;UF;2304103;8.2500;2;1;0;1;0;0;
EBT;UF;2304202;95.0000;7;0;2;3;2;0;
EBT;UF;2304285;262.5000;31;1;15;10;4;1;
EBT;UF;2304400;13636.8867;561;36;189;232;60;44;
EBT;UF;2305233;27.9922;12;1;8;3;0;0;
EBT;UF;2305407;54.0000;3;0;0;0;3;0;
EBT;UF;2305506;42.0000;3;0;0;2;1;0;
EBT;UF;2306256;0.5000;1;1;0;0;0;0;
EBT;UF;2306405;38.0000;5;0;0;5;0;0;
EBT;UF;2307304;352.5000;33;1;15;14;1;2;
EBT;UF;2307601;110.0000;4;0;0;2;1;1;
EBT;UF;2307650;273.7500;46;2;20;21;3;0;
EBT;UF;2307700;30.0000;3;0;0;3;0;0;
EBT;UF;2308302;18.0000;2;0;1;0;1;0;
EBT;UF;2309607;106.0000;3;0;0;0;2;1;
EBT;UF;2310704;1.0000;1;0;1;0;0;0;
EBT;UF;2311306;53.0000;5;0;1;3;1;0;
EBT;UF;2311801;72.9375;20;8;8;3;1;0;
EBT;UF;2312403;4.0000;2;0;2;0;0;0;
EBT;UF;2312908;434.3125;46;6;16;17;5;2;
EBT;UF;2313302;3.1875;4;2;2;0;0;0;
EBT;UF;2313401;722.0000;13;0;2;4;3;4;
EBT;UF;2400109;90.0000;4;0;0;3;0;1;
EBT;UF;2400802;0.5000;1;1;0;0;0;0;
EBT;UF;2403251;192.8750;50;6;27;17;0;0;
EBT;UF;2404507;1.0000;1;0;1;0;0;0;
EBT;UF;2406700;10.0000;1;0;0;1;0;0;
EBT;UF;2407104;34.0000;14;0;12;2;0;0;
EBT;UF;2407203;10.0000;1;0;0;1;0;0;
EBT;UF;2408003;719.3125;62;7;34;14;4;3;
EBT;UF;2408102;6361.7930;178;19;44;71;18;26;
EBT;UF;2412005;434.5000;22;1;10;7;1;3;
EBT;UF;2501807;91.7500;16;2;9;4;1;0;
EBT;UF;2503209;554.2500;37;1;21;11;1;3;
EBT;UF;2504009;2072.7500;65;6;14;29;6;10;
EBT;UF;2506301;42.0000;2;0;0;1;1;0;
EBT;UF;2506905;48.0000;2;0;0;0;2;0;
EBT;UF;2507507;6280.4922;276;20;111;87;32;26;
EBT;UF;2510808;207.0000;4;0;0;2;1;1;
EBT;UF;2516201;6.0000;3;0;3;0;0;0;
EBT;UF;2600054;263.8047;44;8;29;5;1;1;
EBT;UF;2601102;18.0000;1;0;0;0;1;0;
EBT;UF;2601201;90.0000;7;0;1;2;4;0;
EBT;UF;2601706;178.5000;6;1;0;1;3;1;
EBT;UF;2601904;22.0000;1;0;0;0;1;0;
EBT;UF;2602902;1413.6719;128;7;81;30;4;6;
EBT;UF;2603454;20.5000;12;1;10;1;0;0;
EBT;UF;2604007;51.0000;5;0;1;3;1;0;
EBT;UF;2604106;1686.4727;75;7;38;23;4;3;
EBT;UF;2605103;24.7891;3;0;2;0;1;0;
EBT;UF;2606002;20.5000;3;1;0;2;0;0;
EBT;UF;2606200;4.0000;2;0;2;0;0;0;
EBT;UF;2606408;146.2500;11;3;6;1;0;1;
EBT;UF;2606804;47.5000;18;1;11;6;0;0;
EBT;UF;2607208;616.2500;44;6;19;16;0;3;
EBT;UF;2607752;2.0000;1;0;1;0;0;0;
EBT;UF;2607901;1342.4258;209;20;110;65;11;3;
EBT;UF;2608909;9.5000;12;6;6;0;0;0;
EBT;UF;2609600;582.7148;69;11;31;18;7;2;
EBT;UF;2610707;488.8047;81;13;56;9;1;2;
EBT;UF;2610905;168.0000;3;0;0;0;2;1;
EBT;UF;2611101;148.5000;21;1;10;7;3;0;
EBT;UF;2611606;20481.7187;860;71;335;286;90;78;
EBT;UF;2612000;50.0000;1;0;0;0;0;1;
EBT;UF;2612208;22.0000;3;0;0;3;0;0;
EBT;UF;2613701;46.5000;10;1;5;3;1;0;
EBT;UF;2613909;167.6250;34;18;7;3;6;0;
EBT;UF;2700300;350.3125;51;4;27;18;1;1;
EBT;UF;2704302;36034.4180;375;42;131;151;25;26;
EBT;UF;2704708;2.0000;1;0;1;0;0;0;
EBT;UF;2706307;11.0000;4;0;2;2;0;0;
EBT;UF;2706703;12.0000;2;0;1;1;0;0;
EBT;UF;2707701;181.0000;18;2;15;0;0;1;
EBT;UF;2708600;2.0000;1;0;1;0;0;0;
EBT;UF;2709301;2.0000;1;0;1;0;0;0;
EBT;UF;2800308;7032.5703;315;41;110;124;17;23;
EBT;UF;2800670;2.8750;5;3;2;0;0;0;
EBT;UF;2803203;1.0000;1;0;1;0;0;0;
EBT;UF;2804805;472.2500;66;7;36;20;1;2;
EBT;UF;2805703;22.0000;3;0;1;2;0;0;
EBT;UF;2806701;220.5625;14;3;5;3;1;2;
EBT;UF;2900702;147.0000;18;0;6;10;2;0;
EBT;UF;2901007;1.5000;2;1;1;0;0;0;
EBT;UF;2901106;1.0000;1;0;1;0;0;0;
EBT;UF;2903201;22.0000;7;0;5;2;0;0;
EBT;UF;2904605;70.2500;7;1;3;1;1;1;
EBT;UF;2904704;2.0000;1;0;1;0;0;0;
EBT;UF;2905602;130.0000;5;0;2;1;1;1;
EBT;UF;2905701;560.1250;93;6;52;31;2;2;
EBT;UF;2906501;750.0000;19;0;6;7;2;4;
EBT;UF;2906709;2.0000;1;0;1;0;0;0;
EBT;UF;2908200;4.0000;2;0;2;0;0;0;
EBT;UF;2908408;2.0000;3;2;1;0;0;0;
EBT;UF;2908507;3.0000;2;0;2;0;0;0;
EBT;UF;2909802;50.0000;5;0;1;3;1;0;
EBT;UF;2910727;372.9375;27;4;13;7;1;2;
EBT;UF;2910800;3415.1992;191;23;79;65;9;15;
EBT;UF;2912103;4.0000;1;0;0;1;0;0;
EBT;UF;2913606;1142.5000;96;1;30;53;8;4;
EBT;UF;2913705;1.0000;1;0;1;0;0;0;
EBT;UF;2914000;1.0000;1;0;1;0;0;0;
EBT;UF;2914653;8.0000;2;0;1;1;0;0;
EBT;UF;2914802;1887.1250;88;9;36;30;4;9;
EBT;UF;2914901;72.0000;2;0;0;1;0;1;
EBT;UF;2915304;2.0000;1;0;1;0;0;0;
EBT;UF;2915601;62.0000;9;0;7;0;2;0;
EBT;UF;2915809;12.0000;2;0;1;1;0;0;
EBT;UF;2916104;1.0000;1;0;1;0;0;0;
EBT;UF;2916302;2.0000;1;0;1;0;0;0;
EBT;UF;2916401;156.1875;9;2;3;1;2;1;
EBT;UF;2917102;2.0000;1;0;1;0;0;0;
EBT;UF;2917607;100.0000;1;0;0;0;0;1;
EBT;UF;2918001;427.2500;31;4;15;7;2;3;
EBT;UF;2918407;7.5156;4;0;4;0;0;0;
EBT;UF;2919207;1617.1797;75;3;36;28;3;5;
EBT;UF;2919553;2.0000;1;0;1;0;0;0;
EBT;UF;2920601;18.0000;2;0;0;2;0;0;
EBT;UF;2921005;20.2500;3;1;0;2;0;0;
EBT;UF;2921302;12.0000;3;0;1;2;0;0;
EBT;UF;2922003;14.0000;2;0;0;2;0;0;
EBT;UF;2924009;87.1250;14;1;7;4;2;0;
EBT;UF;2925006;4.0000;2;0;2;0;0;0;
EBT;UF;2925105;111.0000;3;0;1;1;0;1;
EBT;UF;2925303;333.0000;28;0;16;7;3;2;
EBT;UF;2927002;0.5000;1;1;0;0;0;0;
EBT;UF;2927408;58147.3047;1138;111;418;438;86;85;
EBT;UF;2928703;188.0000;7;0;2;2;2;1;
EBT;UF;2929206;4.0625;2;1;0;1;0;0;
EBT;UF;2929305;50.0000;1;0;0;0;0;1;
EBT;UF;2929354;4.0000;1;0;0;1;0;0;
EBT;UF;2930105;17.0000;5;0;4;1;0;0;
EBT;UF;2930709;256.0000;61;4;36;20;1;0;
EBT;UF;2931350;3500.3125;47;4;20;6;6;11;
EBT;UF;2932507;32.0000;1;0;0;0;1;0;
EBT;UF;2932903;6.2500;10;6;4;0;0;0;
EBT;UF;2933307;1312.0625;116;7;56;41;7;5;
EBT;UF;3100302;2.0000;1;0;1;0;0;0;
EBT;UF;3101508;259.7500;13;4;1;0;8;0;
EBT;UF;3101607;73.6250;34;8;23;3;0;0;
EBT;UF;3101904;19.0000;3;0;2;0;1;0;
EBT;UF;3103504;58.8945;25;1;20;4;0;0;
EBT;UF;3104007;88.7148;33;6;25;1;1;0;
EBT;UF;3104205;13.2500;8;1;7;0;0;0;
EBT;UF;3104601;32.0000;1;0;0;0;1;0;
EBT;UF;3104908;4.0000;2;0;2;0;0;0;
EBT;UF;3105608;231.6445;32;3;19;4;6;0;
EBT;UF;3106200;139480.357;3238;345;1797;662;241;193;
EBT;UF;3106309;74.0625;5;1;1;1;2;0;
EBT;UF;3106705;5775.0273;311;57;174;39;27;14;
EBT;UF;3107109;4.0000;2;0;2;0;0;0;
EBT;UF;3107406;10.0000;5;0;5;0;0;0;
EBT;UF;3107703;0.2500;1;1;0;0;0;0;
EBT;UF;3108404;2.0000;1;0;1;0;0;0;
EBT;UF;3108909;2.2500;2;1;1;0;0;0;
EBT;UF;3109303;2.0000;1;0;1;0;0;0;
EBT;UF;3109501;2.0000;1;0;1;0;0;0;
EBT;UF;3109709;2.0000;1;0;1;0;0;0;
EBT;UF;3110004;2.0000;1;0;1;0;0;0;
EBT;UF;3110301;2.0000;1;0;1;0;0;0;
EBT;UF;3110509;7.2500;5;1;4;0;0;0;
EBT;UF;3110608;5.0000;3;0;3;0;0;0;
EBT;UF;3110707;4.0000;2;0;2;0;0;0;
EBT;UF;3111606;2.0000;1;0;1;0;0;0;
EBT;UF;3112307;2.0000;1;0;1;0;0;0;
EBT;UF;3113206;64.0000;2;0;0;0;2;0;
EBT;UF;3113404;14.0000;3;0;2;1;0;0;
EBT;UF;3114303;2.0000;1;0;1;0;0;0;
EBT;UF;3114501;2.0000;1;0;1;0;0;0;
EBT;UF;3115300;593.0000;12;0;3;3;3;3;
EBT;UF;3115508;45.6250;11;3;7;0;1;0;
EBT;UF;3117876;24.0000;3;0;0;3;0;0;
EBT;UF;3118007;18.3125;13;4;9;0;0;0;
EBT;UF;3118304;97.0937;35;9;19;6;1;0;
EBT;UF;3118403;32.0000;1;0;0;0;1;0;
EBT;UF;3118601;4910.6172;544;67;300;114;41;22;
EBT;UF;3119401;58.5000;17;1;14;1;1;0;
EBT;UF;3120904;62.0000;28;0;26;2;0;0;
EBT;UF;3122306;4455.7617;107;9;66;13;5;14;
EBT;UF;3122454;0.2500;1;1;0;0;0;0;
EBT;UF;3123601;4.0000;2;0;2;0;0;0;
EBT;UF;3123908;36.0000;2;0;1;0;1;0;
EBT;UF;3124203;32.0000;1;0;0;0;1;0;
EBT;UF;3125101;31.0000;13;0;12;1;0;0;
EBT;UF;3126109;4.0000;2;0;2;0;0;0;
EBT;UF;3127008;2.0000;1;0;1;0;0;0;
EBT;UF;3127107;15.0000;8;0;8;0;0;0;
EBT;UF;3127701;1636.3281;115;11;66;15;13;10;
EBT;UF;3128709;8.0000;1;0;0;1;0;0;
EBT;UF;3129509;2.0000;1;0;1;0;0;0;
EBT;UF;3129806;212.9297;20;2;13;1;3;1;
EBT;UF;3130101;24.0000;5;0;3;2;0;0;
EBT;UF;3130309;5.0000;3;0;3;0;0;0;
EBT;UF;3131307;2032.6719;92;15;51;8;13;5;
EBT;UF;3131703;252.7031;44;13;27;2;1;1;
EBT;UF;3131901;57.8750;16;4;10;1;1;0;
EBT;UF;3132206;8.0000;4;0;4;0;0;0;
EBT;UF;3132404;540.9219;79;18;40;12;8;1;
EBT;UF;3133006;9.0000;5;0;5;0;0;0;
EBT;UF;3133808;135.7500;28;4;16;7;1;0;
EBT;UF;3134103;0.2500;1;1;0;0;0;0;
EBT;UF;3134202;36.8594;22;2;20;0;0;0;
EBT;UF;3135209;2.0000;1;0;1;0;0;0;
EBT;UF;3135407;28.1250;7;1;4;2;0;0;
EBT;UF;3135506;2.0000;1;0;1;0;0;0;
EBT;UF;3136207;104.5000;34;12;19;1;2;0;
EBT;UF;3136306;64.0000;9;0;6;2;1;0;
EBT;UF;3136603;0.2500;1;1;0;0;0;0;
EBT;UF;3136702;5658.2617;244;21;124;48;25;26;
EBT;UF;3137205;99.0000;11;0;5;4;2;0;
EBT;UF;3137601;185.1797;32;10;16;4;1;1;
EBT;UF;3138203;430.5000;68;16;37;10;3;2;
EBT;UF;3138401;191.0000;4;0;2;0;1;1;
EBT;UF;3138609;102.0000;6;0;3;0;3;0;
EBT;UF;3138807;36.0000;2;0;1;0;1;0;
EBT;UF;3139003;32.0000;1;0;0;0;1;0;
EBT;UF;3139607;34.0000;2;0;1;0;1;0;
EBT;UF;3140001;64.0000;2;0;0;0;2;0;
EBT;UF;3140803;73.0000;10;0;5;4;1;0;
EBT;UF;3140902;0.2500;1;1;0;0;0;0;
EBT;UF;3141405;40.0000;5;0;4;0;1;0;
EBT;UF;3143302;3920.0742;152;16;70;19;34;13;
EBT;UF;3143906;356.0000;6;0;2;1;1;2;
EBT;UF;3144805;1379.5703;115;7;66;22;13;7;
EBT;UF;3145208;2.0000;1;0;1;0;0;0;
EBT;UF;3145604;12.2500;7;1;5;1;0;0;
EBT;UF;3145901;4.0000;2;0;2;0;0;0;
EBT;UF;3146107;10.5625;7;2;5;0;0;0;
EBT;UF;3146305;6.0000;3;0;3;0;0;0;
EBT;UF;3147006;224.3945;34;3;24;4;2;1;
EBT;UF;3147105;247.5625;18;2;12;1;2;1;
EBT;UF;3147402;266.0000;4;0;0;0;2;2;
EBT;UF;3147600;2.0000;1;0;1;0;0;0;
EBT;UF;3147907;229.1094;48;8;31;6;2;1;
EBT;UF;3148004;143.3750;26;3;19;1;3;0;
EBT;UF;3148103;41.5000;7;1;5;0;1;0;
EBT;UF;3149101;2.0000;1;0;1;0;0;0;
EBT;UF;3149309;100.3398;32;9;18;3;2;0;
EBT;UF;3149903;221.0000;9;0;6;1;0;2;
EBT;UF;3151206;475.5000;20;1;2;3;14;0;
EBT;UF;3151404;4.0000;2;0;2;0;0;0;
EBT;UF;3151800;540.7305;109;15;72;16;4;2;
EBT;UF;3152105;52.0000;3;0;0;2;1;0;
EBT;UF;3152501;962.7930;148;28;78;30;8;4;
EBT;UF;3154200;32.0000;1;0;0;0;1;0;
EBT;UF;3154606;333.1172;72;17;41;10;3;1;
EBT;UF;3155504;2.0000;1;0;1;0;0;0;
EBT;UF;3156007;0.2500;1;1;0;0;0;0;
EBT;UF;3156502;0.2500;1;1;0;0;0;0;
EBT;UF;3156700;25.9375;17;4;13;0;0;0;
EBT;UF;3157807;479.2734;70;13;38;13;4;2;
EBT;UF;3159605;1.0000;1;0;1;0;0;0;
EBT;UF;3160405;2.0000;1;0;1;0;0;0;
EBT;UF;3160702;127.7500;9;2;4;2;0;1;
EBT;UF;3162104;20.0000;6;0;5;1;0;0;
EBT;UF;3162401;2.0000;1;0;1;0;0;0;
EBT;UF;3162500;367.1875;45;14;21;2;7;1;
EBT;UF;3162559;2.0000;1;0;1;0;0;0;
EBT;UF;3162708;2.0000;1;0;1;0;0;0;
EBT;UF;3162955;2.4648;4;3;1;0;0;0;
EBT;UF;3163706;45.5000;24;6;17;0;1;0;
EBT;UF;3164506;4.0000;1;0;0;1;0;0;
EBT;UF;3164704;72.3906;48;15;32;1;0;0;
EBT;UF;3165701;64.0000;2;0;0;0;2;0;
EBT;UF;3166907;8.0000;1;0;0;1;0;0;
EBT;UF;3167202;780.8789;107;13;69;15;6;4;
EBT;UF;3168606;535.0625;47;6;21;11;7;2;
EBT;UF;3168705;598.8125;37;3;11;5;18;0;
EBT;UF;3169307;187.8125;51;18;26;3;4;0;
EBT;UF;3169356;4.0000;2;0;2;0;0;0;
EBT;UF;3169406;2.7500;3;2;1;0;0;0;
EBT;UF;3169901;179.2500;10;1;2;5;1;1;
EBT;UF;3170107;3130.6523;171;31;112;16;3;9;
EBT;UF;3170206;7270.5976;555;99;281;103;34;38;
EBT;UF;3170404;184.8750;45;3;36;4;1;1;
EBT;UF;3170701;3248.5820;124;10;66;19;10;19;
EBT;UF;3170800;193.0000;7;0;1;0;6;0;
EBT;UF;3171006;2.0000;1;0;1;0;0;0;
EBT;UF;3171204;252.0000;53;6;36;8;2;1;
EBT;UF;3171303;91.2500;13;1;9;1;2;0;
EBT;UF;3171501;1.0000;1;0;1;0;0;0;
EBT;UF;3172004;128.0000;4;0;0;0;4;0;
EBT;UF;3200102;6.0000;2;0;1;1;0;0;
EBT;UF;3200136;2.0000;1;0;1;0;0;0;
EBT;UF;3200169;4.0000;2;0;2;0;0;0;
EBT;UF;3200201;22.0000;2;0;1;0;1;0;
EBT;UF;3200300;5.0000;3;0;3;0;0;0;
EBT;UF;3200409;344.2500;6;1;0;1;1;3;
EBT;UF;3200508;1.0000;1;0;1;0;0;0;
EBT;UF;3200607;290.5000;18;3;7;4;2;2;
EBT;UF;3200706;3.0000;2;0;2;0;0;0;
EBT;UF;3200805;46.0000;4;0;0;2;2;0;
EBT;UF;3200904;18.0000;4;0;2;2;0;0;
EBT;UF;3201159;4.0000;2;0;2;0;0;0;
EBT;UF;3201209;2512.5625;62;6;37;11;4;4;
EBT;UF;3201308;561.0000;79;13;45;16;2;3;
EBT;UF;3201506;571.1875;46;5;31;6;2;2;
EBT;UF;3201902;10.5625;10;5;5;0;0;0;
EBT;UF;3202009;1.0000;1;0;1;0;0;0;
EBT;UF;3202207;4.7500;4;2;2;0;0;0;
EBT;UF;3202306;7.9375;9;5;4;0;0;0;
EBT;UF;3202405;729.8750;29;10;11;2;1;5;
EBT;UF;3202454;5.0000;3;0;3;0;0;0;
EBT;UF;3202504;75.1250;8;2;4;0;2;0;
EBT;UF;3202553;4.0000;2;0;2;0;0;0;
EBT;UF;3202603;2.0000;1;0;1;0;0;0;
EBT;UF;3202652;2.0000;1;0;1;0;0;0;
EBT;UF;3202702;5.1250;5;1;4;0;0;0;
EBT;UF;3202801;108.9375;11;7;2;1;0;1;
EBT;UF;3202900;38.0000;3;0;2;0;1;0;
EBT;UF;3203007;5.0000;3;0;3;0;0;0;
EBT;UF;3203106;6.0000;3;0;3;0;0;0;
EBT;UF;3203130;2.2500;2;1;1;0;0;0;
EBT;UF;3203163;3.1875;4;2;2;0;0;0;
EBT;UF;3203205;274.1250;37;8;19;5;4;1;
EBT;UF;3203304;8.0000;3;0;2;1;0;0;
EBT;UF;3203320;5.8125;12;8;4;0;0;0;
EBT;UF;3203346;20.0000;2;0;0;2;0;0;
EBT;UF;3203353;3.2500;3;1;2;0;0;0;
EBT;UF;3203502;10.0000;1;0;0;1;0;0;
EBT;UF;3203601;5.2500;4;1;3;0;0;0;
EBT;UF;3203809;1.0000;1;0;1;0;0;0;
EBT;UF;3203908;4.0000;2;0;2;0;0;0;
EBT;UF;3204054;34.0000;8;0;5;3;0;0;
EBT;UF;3204104;65.2500;5;1;3;0;0;1;
EBT;UF;3204203;129.8750;6;4;1;0;0;1;
EBT;UF;3204252;1.2500;2;1;1;0;0;0;
EBT;UF;3204302;10.0000;5;0;5;0;0;0;
EBT;UF;3204401;30.0000;2;0;0;1;1;0;
EBT;UF;3204500;1.2500;2;1;1;0;0;0;
EBT;UF;3204559;4.5000;3;1;2;0;0;0;
EBT;UF;3204609;49.0000;6;0;4;1;1;0;
EBT;UF;3204658;3.0000;3;0;3;0;0;0;
EBT;UF;3204708;4.2500;3;1;2;0;0;0;
EBT;UF;3204807;2.0000;1;0;1;0;0;0;
EBT;UF;3204906;1843.0000;31;4;11;4;6;6;
EBT;UF;3205002;15014.6250;216;34;94;58;14;16;
EBT;UF;3205010;2.0000;1;0;1;0;0;0;
EBT;UF;3205036;5.0000;2;0;1;1;0;0;
EBT;UF;3205069;109.8125;13;7;5;0;0;1;
EBT;UF;3205101;248.5625;33;3;16;12;1;1;
EBT;UF;3205200;2724.8125;118;14;45;40;9;10;
EBT;UF;3205309;51327.3984;273;35;52;92;31;63;
EBT;UF;3300100;1160.9648;30;6;17;4;2;1;
EBT;UF;3300209;27.0000;9;2;4;3;0;0;
EBT;UF;3300233;6.9648;8;5;3;0;0;0;
EBT;UF;3300258;2.2500;2;1;1;0;0;0;
EBT;UF;3300308;23.2148;14;2;12;0;0;0;
EBT;UF;3300407;107.4648;25;3;15;5;2;0;
EBT;UF;3300456;346.7344;60;7;41;9;1;2;
EBT;UF;3300506;1.4648;1;0;1;0;0;0;
EBT;UF;3300605;0.2500;1;1;0;0;0;0;
EBT;UF;3300704;65.0000;27;4;20;3;0;0;
EBT;UF;3300803;4.0000;2;0;2;0;0;0;
EBT;UF;3301009;5609.8711;110;23;59;13;5;10;
EBT;UF;3301108;4.5000;4;2;2;0;0;0;
EBT;UF;3301306;3.0000;2;0;2;0;0;0;
EBT;UF;3301504;2.0000;1;0;1;0;0;0;
EBT;UF;3301702;4686.8594;184;18;105;26;10;25;
EBT;UF;3301850;3.0000;2;0;2;0;0;0;
EBT;UF;3301876;2.5000;2;1;1;0;0;0;
EBT;UF;3301900;2740.8398;38;5;26;5;0;2;
EBT;UF;3302007;143.9297;34;3;23;5;3;0;
EBT;UF;3302205;32.9648;20;4;16;0;0;0;
EBT;UF;3302254;304.7500;34;2;18;8;5;1;
EBT;UF;3302270;3.9648;3;1;2;0;0;0;
EBT;UF;3302403;24428.5586;345;17;136;137;32;23;
EBT;UF;3302502;23.4648;15;3;12;0;0;0;
EBT;UF;3302601;10.2500;2;1;0;1;0;0;
EBT;UF;3302700;13.9648;8;1;7;0;0;0;
EBT;UF;3302858;2120.0547;19;3;12;1;0;3;
EBT;UF;3303203;44.8945;31;6;25;0;0;0;
EBT;UF;3303302;4586.1797;424;43;283;61;25;12;
EBT;UF;3303401;28.0547;19;7;11;1;0;0;
EBT;UF;3303500;712.6562;120;14;78;20;6;2;
EBT;UF;3303609;5.7500;5;2;3;0;0;0;
EBT;UF;3303708;2.0000;1;0;1;0;0;0;
EBT;UF;3303807;39.7500;10;2;5;3;0;0;
EBT;UF;3303906;13645.6445;102;14;60;15;6;7;
EBT;UF;3303955;6.9297;3;0;2;1;0;0;
EBT;UF;3304003;4.0000;3;0;3;0;0;0;
EBT;UF;3304110;1304.3398;48;6;16;15;1;10;
EBT;UF;3304144;28.7500;13;2;10;1;0;0;
EBT;UF;3304201;993.5000;76;2;41;18;10;5;
EBT;UF;3304300;12.2500;10;3;7;0;0;0;
EBT;UF;3304524;268.2500;52;7;26;17;2;0;
EBT;UF;3304557;1009661.70;10246;752;4790;3115;640;949;
EBT;UF;3304706;1.0000;1;0;1;0;0;0;
EBT;UF;3304805;0.5000;1;1;0;0;0;0;
EBT;UF;3304904;725.1562;154;29;95;26;0;4;
EBT;UF;3305000;82.7500;19;5;11;1;2;0;
EBT;UF;3305109;213.4570;64;8;46;9;0;1;
EBT;UF;3305208;47.6797;25;4;20;1;0;0;
EBT;UF;3305505;3.5000;3;1;2;0;0;0;
EBT;UF;3305554;608.4648;14;5;4;0;1;4;
EBT;UF;3305752;2.0000;1;0;1;0;0;0;
EBT;UF;3305802;20411.1953;31;2;14;4;1;10;
EBT;UF;3306008;254.7500;33;2;20;9;1;1;
EBT;UF;3306107;5.9648;4;1;3;0;0;0;
EBT;UF;3306206;0.5000;1;1;0;0;0;0;
EBT;UF;3306305;2986.5000;64;3;36;11;7;7;
EBT;UF;3500105;155.0000;1;0;0;0;0;1;
EBT;UF;3500709;108.0000;3;0;1;1;0;1;
EBT;UF;3501004;0.2500;1;1;0;0;0;0;
EBT;UF;3501152;52.0000;2;0;1;0;0;1;
EBT;UF;3501608;3735.1484;160;21;92;18;7;22;
EBT;UF;3501707;310.0000;2;0;0;0;0;2;
EBT;UF;3502101;1823.0000;10;0;6;1;0;3;
EBT;UF;3502507;21.2500;6;1;2;3;0;0;
EBT;UF;3502804;680.7812;31;3;13;11;0;4;
EBT;UF;3503208;4213.9648;129;18;64;17;5;25;
EBT;UF;3503307;71.1875;44;8;36;0;0;0;
EBT;UF;3503901;133.2148;19;4;13;1;0;1;
EBT;UF;3504008;1030.1406;25;3;10;5;1;6;
EBT;UF;3504107;43.4648;19;4;13;2;0;0;
EBT;UF;3504503;2.0000;1;0;1;0;0;0;
EBT;UF;3505302;8.0000;4;0;4;0;0;0;
EBT;UF;3505401;1.0000;1;0;1;0;0;0;
EBT;UF;3505500;669.5156;13;0;3;5;0;5;
EBT;UF;3505708;112378.660;745;58;253;192;80;162;
EBT;UF;3505906;1.2598;3;2;1;0;0;0;
EBT;UF;3506003;14149.2891;295;16;111;76;15;77;
EBT;UF;3506102;2062.9141;56;10;22;9;3;12;
EBT;UF;3506359;8.5000;11;7;4;0;0;0;
EBT;UF;3506508;155.5000;2;1;0;0;0;1;
EBT;UF;3507001;299.5000;10;1;3;4;0;2;
EBT;UF;3507506;2221.4687;64;2;36;11;2;13;
EBT;UF;3507605;1611.5000;35;8;7;7;4;9;
EBT;UF;3507803;2.2500;2;1;1;0;0;0;
EBT;UF;3508207;2.0000;1;0;1;0;0;0;
EBT;UF;3508405;24.5000;8;1;5;2;0;0;
EBT;UF;3508504;135.2500;7;1;5;0;0;1;
EBT;UF;3508603;1375.0000;6;0;1;0;2;3;
EBT;UF;3509007;1.0000;1;0;1;0;0;0;
EBT;UF;3509205;2218.8203;116;13;50;35;10;8;
EBT;UF;3509254;155.2500;2;1;0;0;0;1;
EBT;UF;3509403;1.2500;2;1;1;0;0;0;
EBT;UF;3509502;70467.0625;934;75;438;185;55;181;
EBT;UF;3509700;28.3125;15;5;9;1;0;0;
EBT;UF;3510005;0.7500;2;2;0;0;0;0;
EBT;UF;3510401;2.0000;1;0;1;0;0;0;
EBT;UF;3510500;439.2500;12;1;6;2;0;3;
EBT;UF;3510609;15.8945;6;1;4;1;0;0;
EBT;UF;3511102;476.2109;29;1;14;11;1;2;
EBT;UF;3511508;1.5000;2;1;1;0;0;0;
EBT;UF;3512803;10.5625;6;2;3;1;0;0;
EBT;UF;3513009;3124.7070;50;9;24;10;2;5;
EBT;UF;3513504;3780.6250;37;4;13;7;4;9;
EBT;UF;3513702;1.5625;6;6;0;0;0;0;
EBT;UF;3513801;3990.8594;325;43;198;56;7;21;
EBT;UF;3514403;4.0000;2;0;2;0;0;0;
EBT;UF;3515004;6.0000;3;0;3;0;0;0;
EBT;UF;3515186;4.2500;3;1;2;0;0;0;
EBT;UF;3515707;8.2500;7;3;4;0;0;0;
EBT;UF;3516200;3360.2344;109;14;68;5;2;20;
EBT;UF;3516408;2.0000;1;0;1;0;0;0;
EBT;UF;3516705;28.2500;7;1;5;0;1;0;
EBT;UF;3516903;2.0000;1;0;1;0;0;0;
EBT;UF;3517000;2.0000;1;0;1;0;0;0;
EBT;UF;3517406;1.2646;4;3;1;0;0;0;
EBT;UF;3517703;13.2686;9;2;7;0;0;0;
EBT;UF;3518305;155.0000;1;0;0;0;0;1;
EBT;UF;3518404;80.9922;52;9;43;0;0;0;
EBT;UF;3518701;1627.0312;88;13;56;13;3;3;
EBT;UF;3518800;3135.0703;605;91;403;82;15;14;
EBT;UF;3519071;12808.0000;79;2;22;9;10;36;
EBT;UF;3520103;0.5000;1;1;0;0;0;0;
EBT;UF;3520509;2489.9922;94;15;48;11;5;15;
EBT;UF;3521002;4.0000;2;0;2;0;0;0;
EBT;UF;3521309;4.7686;5;3;2;0;0;0;
EBT;UF;3521408;2.0000;1;0;1;0;0;0;
EBT;UF;3522208;11.4648;2;0;1;1;0;0;
EBT;UF;3522307;629.7500;10;2;0;3;1;4;
EBT;UF;3522505;19.5391;6;0;3;3;0;0;
EBT;UF;3522604;2.5625;5;3;2;0;0;0;
EBT;UF;3523107;224.6797;33;12;14;5;1;1;
EBT;UF;3523909;4222.8906;100;10;46;14;8;22;
EBT;UF;3524105;1.2500;2;1;1;0;0;0;
EBT;UF;3524303;232.2500;11;1;2;6;1;1;
EBT;UF;3524402;865.2031;117;11;83;16;3;4;
EBT;UF;3524709;806.5000;17;5;4;1;2;5;
EBT;UF;3525003;200.4648;16;3;8;4;0;1;
EBT;UF;3525102;2.2500;3;1;2;0;0;0;
EBT;UF;3525201;20.0000;1;0;0;0;1;0;
EBT;UF;3525300;2401.5156;66;0;38;11;3;14;
EBT;UF;3525904;12438.1953;340;40;164;73;16;47;
EBT;UF;3526704;11.9648;8;1;7;0;0;0;
EBT;UF;3526803;1627.0000;29;0;11;4;3;11;
EBT;UF;3526902;2925.5234;121;8;80;12;4;17;
EBT;UF;3527108;2487.2031;46;8;13;8;2;15;
EBT;UF;3527207;12.0000;6;0;6;0;0;0;
EBT;UF;3527306;437.2148;20;3;10;3;1;3;
EBT;UF;3528007;2048.0000;2;0;0;0;0;2;
EBT;UF;3528403;12.5000;7;1;6;0;0;0;
EBT;UF;3528502;4.7500;4;2;2;0;0;0;
EBT;UF;3529005;3562.5000;128;13;59;27;8;21;
EBT;UF;3529302;318.0000;3;0;0;1;0;2;
EBT;UF;3529401;1569.6719;168;30;110;18;2;8;
EBT;UF;3529708;29.2500;6;1;3;2;0;0;
EBT;UF;3530300;334.0000;6;0;2;2;0;2;
EBT;UF;3530508;6.0000;6;3;3;0;0;0;
EBT;UF;3530607;6443.7695;249;46;144;25;17;17;
EBT;UF;3530706;75.1367;47;8;39;0;0;0;
EBT;UF;3530805;421.3711;33;0;30;1;0;2;
EBT;UF;3531100;10.8750;9;3;6;0;0;0;
EBT;UF;3531308;1.0000;1;0;1;0;0;0;
EBT;UF;3531902;2.7500;4;2;2;0;0;0;
EBT;UF;3532009;7.0000;4;0;4;0;0;0;
EBT;UF;3533007;1.0000;1;0;1;0;0;0;
EBT;UF;3533403;19.5000;14;3;11;0;0;0;
EBT;UF;3534401;7390.9121;214;20;94;60;14;26;
EBT;UF;3534609;166.2500;4;1;1;1;0;1;
EBT;UF;3534708;1637.5000;34;1;12;8;2;11;
EBT;UF;3535309;1.0000;1;0;1;0;0;0;
EBT;UF;3535507;10.0000;1;0;0;1;0;0;
EBT;UF;3536505;4.3125;4;2;2;0;0;0;
EBT;UF;3536703;35.0000;2;0;1;0;1;0;
EBT;UF;3537107;3.5156;2;0;2;0;0;0;
EBT;UF;3537305;1.0000;1;0;1;0;0;0;
EBT;UF;3537404;3.3125;6;5;1;0;0;0;
EBT;UF;3537602;2.0000;1;0;1;0;0;0;
EBT;UF;3538006;5299.0898;40;3;27;4;0;6;
EBT;UF;3538709;7323.3789;141;19;80;18;5;19;
EBT;UF;3539004;2.0000;1;0;1;0;0;0;
EBT;UF;3539301;18.2773;12;3;9;0;0;0;
EBT;UF;3539806;1196.7891;56;3;9;6;32;6;
EBT;UF;3541000;69.7344;41;11;28;1;1;0;
EBT;UF;3541307;0.2500;1;1;0;0;0;0;
EBT;UF;3541406;4426.3281;115;9;56;21;8;21;
EBT;UF;3541505;23.2461;8;2;5;0;1;0;
EBT;UF;3542206;13.0000;3;0;2;1;0;0;
EBT;UF;3542404;2.0000;1;0;1;0;0;0;
EBT;UF;3543303;36.7461;17;3;12;2;0;0;
EBT;UF;3543402;19581.9062;548;35;253;144;17;99;
EBT;UF;3543907;2054.4609;117;15;70;18;2;12;
EBT;UF;3544004;156.7500;4;2;1;0;0;1;
EBT;UF;3544103;7.2500;5;1;4;0;0;0;
EBT;UF;3544202;2.0000;1;0;1;0;0;0;
EBT;UF;3544251;1.0000;1;0;1;0;0;0;
EBT;UF;3545209;749.4648;15;0;7;3;0;5;
EBT;UF;3545803;293.1094;55;3;42;9;0;1;
EBT;UF;3546306;2.0000;1;0;1;0;0;0;
EBT;UF;3546405;23.0000;5;2;1;2;0;0;
EBT;UF;3547304;8793.6484;66;3;25;15;5;18;
EBT;UF;3547809;17825.6797;492;89;248;74;15;66;
EBT;UF;3548500;19190.2656;437;39;212;113;20;53;
EBT;UF;3548708;16740.8398;740;157;370;101;32;80;
EBT;UF;3548807;7897.9492;209;29;105;46;13;16;
EBT;UF;3548906;6543.8398;86;2;43;24;0;17;
EBT;UF;3549409;7.6250;10;6;4;0;0;0;
EBT;UF;3549706;22.8125;10;3;6;1;0;0;
EBT;UF;3549805;8998.6797;115;2;33;42;7;31;
EBT;UF;3549904;10400.4922;452;53;266;82;16;35;
EBT;UF;3550100;5.2500;6;3;3;0;0;0;
EBT;UF;3550308;527478.085;12591;1088;5484;3421;813;1785;
EBT;UF;3550605;16.3750;14;5;9;0;0;0;
EBT;UF;3550704;28.0000;5;0;2;3;0;0;
EBT;UF;3551009;3160.3867;95;21;56;10;0;8;
EBT;UF;3551702;704.5000;10;1;2;2;0;5;
EBT;UF;3552205;15537.6758;440;31;210;89;26;84;
EBT;UF;3552403;95.9648;17;2;12;0;3;0;
EBT;UF;3552502;224.3750;47;11;33;1;0;2;
EBT;UF;3552809;12529.7500;37;2;12;10;2;11;
EBT;UF;3553401;2.0000;1;0;1;0;0;0;
EBT;UF;3554102;2605.0273;173;28;100;18;13;14;
EBT;UF;3554508;11.0000;5;0;4;1;0;0;
EBT;UF;3555000;12.0000;2;0;1;1;0;0;
EBT;UF;3555406;0.5000;1;1;0;0;0;0;
EBT;UF;3556206;1177.1797;45;8;23;6;0;8;
EBT;UF;3556404;0.5000;1;1;0;0;0;0;
EBT;UF;3556701;210.4063;10;2;4;2;1;1;
EBT;UF;3557006;1205.2773;70;12;46;5;0;7;
EBT;UF;3557105;26.1250;11;2;8;1;0;0;
EBT;UF;3557303;0.2500;1;1;0;0;0;0;
EBT;UF;4100202;0.2500;1;1;0;0;0;0;
EBT;UF;4100301;0.2500;1;1;0;0;0;0;
EBT;UF;4100400;27.2656;17;7;8;2;0;0;
EBT;UF;4100509;1.0000;1;0;1;0;0;0;
EBT;UF;4100608;1.0000;1;0;1;0;0;0;
EBT;UF;4100707;1.2500;2;1;1;0;0;0;
EBT;UF;4100806;1.7500;3;2;1;0;0;0;
EBT;UF;4100905;0.7500;2;2;0;0;0;0;
EBT;UF;4101002;0.5000;1;1;0;0;0;0;
EBT;UF;4101101;12.7500;9;2;7;0;0;0;
EBT;UF;4101200;0.5000;1;1;0;0;0;0;
EBT;UF;4101408;169.9063;41;4;28;8;1;0;
EBT;UF;4101507;2136.5938;24;2;12;8;0;2;
EBT;UF;4101606;3.0000;2;0;2;0;0;0;
EBT;UF;4101705;1.5000;2;1;1;0;0;0;
EBT;UF;4101804;1037.5176;140;35;75;21;5;4;
EBT;UF;4101903;3.0000;2;0;2;0;0;0;
EBT;UF;4102000;2.0000;2;0;2;0;0;0;
EBT;UF;4102109;1.0000;1;0;1;0;0;0;
EBT;UF;4102307;15.5000;10;1;9;0;0;0;
EBT;UF;4102406;22.1875;12;5;6;1;0;0;
EBT;UF;4102505;3.0000;2;0;2;0;0;0;
EBT;UF;4102802;7.0000;4;0;4;0;0;0;
EBT;UF;4102901;9.5000;6;1;5;0;0;0;
EBT;UF;4103040;0.5000;1;1;0;0;0;0;
EBT;UF;4103057;0.2500;1;1;0;0;0;0;
EBT;UF;4103107;1.0000;1;0;1;0;0;0;
EBT;UF;4103503;0.2500;1;1;0;0;0;0;
EBT;UF;4103602;4.2500;3;1;2;0;0;0;
EBT;UF;4103701;82.5781;56;15;38;3;0;0;
EBT;UF;4103800;0.7500;2;2;0;0;0;0;
EBT;UF;4104006;6.2813;6;1;5;0;0;0;
EBT;UF;4104105;0.2500;1;1;0;0;0;0;
EBT;UF;4104204;138.0000;26;4;13;8;0;1;
EBT;UF;4104253;4.2500;4;1;3;0;0;0;
EBT;UF;4104303;22.1797;14;1;13;0;0;0;
EBT;UF;4104428;9.7500;4;2;1;1;0;0;
EBT;UF;4104501;2.2500;3;1;2;0;0;0;
EBT;UF;4104659;27.4375;7;3;2;1;1;0;
EBT;UF;4104709;2.0000;1;0;1;0;0;0;
EBT;UF;4104808;2596.4063;186;45;102;33;4;2;
EBT;UF;4104907;70.2344;38;21;14;2;1;0;
EBT;UF;4105003;0.2500;1;1;0;0;0;0;
EBT;UF;4105102;3.0000;2;0;2;0;0;0;
EBT;UF;4105409;3.1250;3;1;2;0;0;0;
EBT;UF;4105508;3165.9375;47;12;28;4;0;3;
EBT;UF;4105607;0.2500;1;1;0;0;0;0;
EBT;UF;4105706;3.0000;2;0;2;0;0;0;
EBT;UF;4105805;254.1172;62;19;37;4;1;1;
EBT;UF;4106001;0.5000;1;1;0;0;0;0;
EBT;UF;4106209;1.5000;2;1;1;0;0;0;
EBT;UF;4106308;1.0000;1;0;1;0;0;0;
EBT;UF;4106407;57.2500;10;1;6;2;1;0;
EBT;UF;4106506;1.5625;4;3;1;0;0;0;
EBT;UF;4106605;1.0000;1;0;1;0;0;0;
EBT;UF;4106704;0.2500;1;1;0;0;0;0;
EBT;UF;4106803;0.7500;2;2;0;0;0;0;
EBT;UF;4106902;76189.8633;2119;380;1003;446;155;135;
EBT;UF;4107009;2.0000;2;0;2;0;0;0;
EBT;UF;4107108;0.7500;3;3;0;0;0;0;
EBT;UF;4107207;12.9297;10;2;8;0;0;0;
EBT;UF;4107256;12.8750;4;3;0;1;0;0;
EBT;UF;4107306;0.7500;2;2;0;0;0;0;
EBT;UF;4107405;0.5000;2;2;0;0;0;0;
EBT;UF;4107504;0.2500;1;1;0;0;0;0;
EBT;UF;4107538;1.5000;2;1;1;0;0;0;
EBT;UF;4107603;1.0000;1;0;1;0;0;0;
EBT;UF;4107652;365.8047;23;6;13;1;1;2;
EBT;UF;4107702;0.2500;1;1;0;0;0;0;
EBT;UF;4107736;6.0000;2;0;1;1;0;0;
EBT;UF;4107801;3.0000;4;3;1;0;0;0;
EBT;UF;4107900;2.2500;2;1;1;0;0;0;
EBT;UF;4108007;2.0000;4;3;1;0;0;0;
EBT;UF;4108106;0.2500;1;1;0;0;0;0;
EBT;UF;4108205;1.2500;2;1;1;0;0;0;
EBT;UF;4108304;449.4688;181;64;102;13;1;1;
EBT;UF;4108320;0.5000;1;1;0;0;0;0;
EBT;UF;4108403;71.5781;27;8;16;2;1;0;
EBT;UF;4108452;0.3125;2;2;0;0;0;0;
EBT;UF;4108502;10.5000;6;1;5;0;0;0;
EBT;UF;4108601;6.3125;9;5;4;0;0;0;
EBT;UF;4108700;1.5000;2;1;1;0;0;0;
EBT;UF;4108809;18.5000;11;1;10;0;0;0;
EBT;UF;4109302;1.0000;1;0;1;0;0;0;
EBT;UF;4109401;71.0156;34;4;25;5;0;0;
EBT;UF;4109500;2.5000;3;2;1;0;0;0;
EBT;UF;4109609;9.5000;6;1;5;0;0;0;
EBT;UF;4109658;0.5000;1;1;0;0;0;0;
EBT;UF;4109708;3.0000;2;0;2;0;0;0;
EBT;UF;4109807;15.3750;24;14;10;0;0;0;
EBT;UF;4110102;1.0000;1;0;1;0;0;0;
EBT;UF;4110201;0.2500;1;1;0;0;0;0;
EBT;UF;4110706;18.0625;26;19;7;0;0;0;
EBT;UF;4110805;8.0000;4;0;4;0;0;0;
EBT;UF;4110904;0.2500;1;1;0;0;0;0;
EBT;UF;4110953;1.0000;1;0;1;0;0;0;
EBT;UF;4111407;0.7500;2;2;0;0;0;0;
EBT;UF;4111506;5.0000;3;0;3;0;0;0;
EBT;UF;4111803;16.7969;12;3;9;0;0;0;
EBT;UF;4112009;2.2500;4;3;1;0;0;0;
EBT;UF;4112108;5.6250;7;4;3;0;0;0;
EBT;UF;4112504;1.0000;1;0;1;0;0;0;
EBT;UF;4112702;2.2500;4;3;1;0;0;0;
EBT;UF;4112801;2.0000;1;0;1;0;0;0;
EBT;UF;4113205;3.0625;3;1;2;0;0;0;
EBT;UF;4113304;2.5000;3;1;2;0;0;0;
EBT;UF;4113502;3.0000;2;0;2;0;0;0;
EBT;UF;4113601;14.5000;5;1;3;1;0;0;
EBT;UF;4113700;9154.8242;375;93;168;78;15;21;
EBT;UF;4113734;0.2500;1;1;0;0;0;0;
EBT;UF;4113809;1.5000;2;1;1;0;0;0;
EBT;UF;4113908;2.0000;1;0;1;0;0;0;
EBT;UF;4114005;1.0000;1;0;1;0;0;0;
EBT;UF;4114104;6.2500;6;3;3;0;0;0;
EBT;UF;4114203;45.0000;14;6;6;1;1;0;
EBT;UF;4114302;2.0000;1;0;1;0;0;0;
EBT;UF;4114351;0.2500;1;1;0;0;0;0;
EBT;UF;4114401;3.0000;2;0;2;0;0;0;
EBT;UF;4114500;1.7500;3;2;1;0;0;0;
EBT;UF;4114609;0.5000;1;1;0;0;0;0;
EBT;UF;4114807;14.1250;10;4;5;1;0;0;
EBT;UF;4114906;3.0000;2;0;2;0;0;0;
EBT;UF;4115101;0.2500;1;1;0;0;0;0;
EBT;UF;4115200;6580.8047;336;76;174;73;5;8;
EBT;UF;4115309;0.2500;1;1;0;0;0;0;
EBT;UF;4115358;1.0000;1;0;1;0;0;0;
EBT;UF;4115606;5.2500;4;1;3;0;0;0;
EBT;UF;4115705;5.5000;4;1;3;0;0;0;
EBT;UF;4115804;3.2500;3;1;2;0;0;0;
EBT;UF;4116059;0.5000;1;1;0;0;0;0;
EBT;UF;4116208;1.0000;1;0;1;0;0;0;
EBT;UF;4116703;1.5000;2;1;1;0;0;0;
EBT;UF;4116901;2.3750;5;4;1;0;0;0;
EBT;UF;4117008;0.5000;2;2;0;0;0;0;
EBT;UF;4117107;1.0000;1;0;1;0;0;0;
EBT;UF;4117206;0.2500;1;1;0;0;0;0;
EBT;UF;4117271;0.7500;2;2;0;0;0;0;
EBT;UF;4117453;0.5000;1;1;0;0;0;0;
EBT;UF;4117503;11.3750;8;2;6;0;0;0;
EBT;UF;4117602;40.0000;5;0;4;0;1;0;
EBT;UF;4117701;3.0000;2;0;2;0;0;0;
EBT;UF;4117909;9.5000;8;2;6;0;0;0;
EBT;UF;4118105;1.0000;1;0;1;0;0;0;
EBT;UF;4118204;1671.3438;127;19;84;20;1;3;
EBT;UF;4118402;115.0781;52;16;33;2;1;0;
EBT;UF;4118451;1.7500;3;2;1;0;0;0;
EBT;UF;4118501;136.5781;40;9;27;2;1;1;
EBT;UF;4118600;0.5000;2;2;0;0;0;0;
EBT;UF;4118709;0.2500;1;1;0;0;0;0;
EBT;UF;4118907;1.0000;1;0;1;0;0;0;
EBT;UF;4119152;284.7656;62;3;42;13;4;0;
EBT;UF;4119202;0.2500;1;1;0;0;0;0;
EBT;UF;4119301;38.0625;7;4;2;0;1;0;
EBT;UF;4119400;3.0000;2;0;2;0;0;0;
EBT;UF;4119509;13.5625;13;6;7;0;0;0;
EBT;UF;4119608;3.0000;2;0;2;0;0;0;
EBT;UF;4119707;0.2500;1;1;0;0;0;0;
EBT;UF;4119806;1.5000;2;1;1;0;0;0;
EBT;UF;4119905;731.5469;155;40;80;25;9;1;
EBT;UF;4119954;12.7500;10;4;6;0;0;0;
EBT;UF;4120002;3.0000;2;0;2;0;0;0;
EBT;UF;4120101;0.2500;1;1;0;0;0;0;
EBT;UF;4120309;0.2500;1;1;0;0;0;0;
EBT;UF;4120606;3.2500;3;1;2;0;0;0;
EBT;UF;4120705;1.0000;3;3;0;0;0;0;
EBT;UF;4120804;300.0000;28;5;15;4;3;1;
EBT;UF;4120853;1.5000;2;1;1;0;0;0;
EBT;UF;4120903;3.0000;2;0;2;0;0;0;
EBT;UF;4121307;0.2500;1;1;0;0;0;0;
EBT;UF;4121406;3.2500;3;1;2;0;0;0;
EBT;UF;4121505;1.0000;1;0;1;0;0;0;
EBT;UF;4121604;0.7500;2;2;0;0;0;0;
EBT;UF;4121703;3.0000;2;0;2;0;0;0;
EBT;UF;4121901;3.0000;2;0;2;0;0;0;
EBT;UF;4122008;1.0000;1;0;1;0;0;0;
EBT;UF;4122206;1.5000;2;1;1;0;0;0;
EBT;UF;4122305;46.0000;16;7;4;5;0;0;
EBT;UF;4122404;62.5156;27;3;22;2;0;0;
EBT;UF;4122701;0.2500;1;1;0;0;0;0;
EBT;UF;4122800;0.7500;2;2;0;0;0;0;
EBT;UF;4123204;1.5000;2;1;1;0;0;0;
EBT;UF;4123402;1.5000;2;1;1;0;0;0;
EBT;UF;4123501;4.0000;3;0;3;0;0;0;
EBT;UF;4123709;1.0000;1;0;1;0;0;0;
EBT;UF;4123808;1.0000;1;0;1;0;0;0;
EBT;UF;4123857;1.0000;1;0;1;0;0;0;
EBT;UF;4123907;1.2500;2;1;1;0;0;0;
EBT;UF;4123956;1.0000;1;0;1;0;0;0;
EBT;UF;4124020;1.0000;1;0;1;0;0;0;
EBT;UF;4124053;1.0625;2;1;1;0;0;0;
EBT;UF;4124103;11.0625;7;1;6;0;0;0;
EBT;UF;4124301;0.2500;1;1;0;0;0;0;
EBT;UF;4124400;1.0000;1;0;1;0;0;0;
EBT;UF;4124509;2.7500;4;2;2;0;0;0;
EBT;UF;4124608;0.2500;1;1;0;0;0;0;
EBT;UF;4124707;1.7500;3;2;1;0;0;0;
EBT;UF;4124905;0.2500;1;1;0;0;0;0;
EBT;UF;4125001;4.0000;3;0;3;0;0;0;
EBT;UF;4125357;0.2500;1;1;0;0;0;0;
EBT;UF;4125506;23944.2891;347;65;209;50;8;15;
EBT;UF;4125605;5.7500;6;2;4;0;0;0;
EBT;UF;4125704;20.5000;6;3;2;0;1;0;
EBT;UF;4126009;0.5000;2;2;0;0;0;0;
EBT;UF;4126207;0.2500;1;1;0;0;0;0;
EBT;UF;4126256;22.2656;23;10;13;0;0;0;
EBT;UF;4126306;1.5000;2;1;1;0;0;0;
EBT;UF;4126504;5.0000;3;0;3;0;0;0;
EBT;UF;4126603;3.0000;2;0;2;0;0;0;
EBT;UF;4126678;1.2500;2;1;1;0;0;0;
EBT;UF;4126801;1.0000;1;0;1;0;0;0;
EBT;UF;4126900;0.2500;1;1;0;0;0;0;
EBT;UF;4127007;2.2500;3;1;2;0;0;0;
EBT;UF;4127106;30.5313;13;1;10;2;0;0;
EBT;UF;4127205;0.5000;1;1;0;0;0;0;
EBT;UF;4127403;3.0000;2;0;2;0;0;0;
EBT;UF;4127502;1.5000;2;1;1;0;0;0;
EBT;UF;4127601;0.5000;1;1;0;0;0;0;
EBT;UF;4127700;141.2813;49;12;24;13;0;0;
EBT;UF;4127809;1.7500;3;2;1;0;0;0;
EBT;UF;4128005;1.0000;1;0;1;0;0;0;
EBT;UF;4128104;212.8984;46;5;28;11;1;1;
EBT;UF;4128203;123.5313;15;1;13;0;0;1;
EBT;UF;4128401;1.0000;1;0;1;0;0;0;
EBT;UF;4128500;2.0000;2;0;2;0;0;0;
EBT;UF;4128534;8.0000;4;0;4;0;0;0;
EBT;UF;4128708;4.5000;4;2;2;0;0;0;
EBT;UF;4128807;0.2500;1;1;0;0;0;0;
EBT;UF;4200101;3.3750;4;2;2;0;0;0;
EBT;UF;4200200;1.5000;2;1;1;0;0;0;
EBT;UF;4201109;2.0000;1;0;1;0;0;0;
EBT;UF;4201307;207.8125;37;6;16;12;3;0;
EBT;UF;4201703;0.2500;1;1;0;0;0;0;
EBT;UF;4202008;243.5703;47;5;27;13;1;1;
EBT;UF;4202073;1.0000;1;0;1;0;0;0;
EBT;UF;4202305;141.2188;63;24;32;5;2;0;
EBT;UF;4202404;3776.8711;333;61;154;82;23;13;
EBT;UF;4202503;1.4648;1;0;1;0;0;0;
EBT;UF;4202602;5.3750;4;2;1;1;0;0;
EBT;UF;4202909;876.3008;86;10;45;21;4;6;
EBT;UF;4203006;95.3750;24;7;9;7;1;0;
EBT;UF;4203204;34.8750;22;7;13;2;0;0;
EBT;UF;4203501;1.2500;2;1;1;0;0;0;
EBT;UF;4203600;2.0000;1;0;1;0;0;0;
EBT;UF;4203808;0.5000;1;1;0;0;0;0;
EBT;UF;4203956;21.7500;7;2;3;2;0;0;
EBT;UF;4204202;788.3594;121;26;62;26;4;3;
EBT;UF;4204251;87.5000;14;4;7;1;2;0;
EBT;UF;4204301;673.7656;25;3;7;7;4;4;
EBT;UF;4204350;0.6875;4;4;0;0;0;0;
EBT;UF;4204509;5.6250;6;3;3;0;0;0;
EBT;UF;4204558;15.0000;4;2;0;2;0;0;
EBT;UF;4204608;521.4492;95;20;41;31;2;1;
EBT;UF;4204806;31.5000;5;1;1;3;0;0;
EBT;UF;4205191;10.0000;1;0;0;1;0;0;
EBT;UF;4205407;7205.0625;481;83;171;155;43;29;
EBT;UF;4205506;10.0000;15;9;6;0;0;0;
EBT;UF;4205704;25.3750;13;5;7;0;1;0;
EBT;UF;4205803;20.5156;5;0;2;3;0;0;
EBT;UF;4205902;117.8750;40;16;16;6;2;0;
EBT;UF;4206207;1.5000;2;1;1;0;0;0;
EBT;UF;4206504;319.5391;35;7;18;7;1;2;
EBT;UF;4206702;10.6250;9;4;5;0;0;0;
EBT;UF;4207007;47.5625;14;4;6;4;0;0;
EBT;UF;4207106;2.0000;4;3;1;0;0;0;
EBT;UF;4207304;8.5156;5;0;5;0;0;0;
EBT;UF;4207502;274.0781;45;2;27;15;0;1;
EBT;UF;4207684;1.0000;1;0;1;0;0;0;
EBT;UF;4207908;1.0000;1;0;1;0;0;0;
EBT;UF;4208203;5558.7070;370;31;196;112;19;12;
EBT;UF;4208500;4.0000;2;0;2;0;0;0;
EBT;UF;4208708;1.0000;1;0;1;0;0;0;
EBT;UF;4208807;1.2500;2;1;1;0;0;0;
EBT;UF;4208906;574.6445;93;15;53;21;3;1;
EBT;UF;4209003;237.5000;39;3;23;9;4;0;
EBT;UF;4209102;3358.4101;492;94;223;149;15;11;
EBT;UF;4209300;528.0625;86;18;36;26;4;2;
EBT;UF;4209409;2.0000;2;0;2;0;0;0;
EBT;UF;4209706;1.5000;3;2;1;0;0;0;
EBT;UF;4210035;5.2500;5;1;4;0;0;0;
EBT;UF;4210100;30.4531;27;15;10;2;0;0;
EBT;UF;4210209;3.0000;2;0;2;0;0;0;
EBT;UF;4210605;17.0781;8;3;4;1;0;0;
EBT;UF;4210902;2.0000;1;0;1;0;0;0;
EBT;UF;4211306;362.2188;65;6;28;25;6;0;
EBT;UF;4211454;1.0000;1;0;1;0;0;0;
EBT;UF;4211603;8.2500;7;1;6;0;0;0;
EBT;UF;4211702;4.2500;5;3;2;0;0;0;
EBT;UF;4211900;661.6523;104;16;60;23;4;1;
EBT;UF;4212205;1.0000;1;0;1;0;0;0;
EBT;UF;4212270;0.5000;1;1;0;0;0;0;
EBT;UF;4213005;1.3125;4;3;1;0;0;0;
EBT;UF;4213203;45.5000;10;2;4;3;1;0;
EBT;UF;4213609;1.0000;1;0;1;0;0;0;
EBT;UF;4214607;1.0000;1;0;1;0;0;0;
EBT;UF;4214706;2.2500;2;1;1;0;0;0;
EBT;UF;4214805;624.2656;85;16;38;23;4;4;
EBT;UF;4215000;45.0000;7;0;5;0;2;0;
EBT;UF;4215109;104.7500;5;2;2;0;0;1;
EBT;UF;4215356;0.5000;1;1;0;0;0;0;
EBT;UF;4215455;1.0000;1;0;1;0;0;0;
EBT;UF;4215703;8.0000;4;0;4;0;0;0;
EBT;UF;4215802;414.5469;126;40;64;19;2;1;
EBT;UF;4215901;1.5000;2;1;1;0;0;0;
EBT;UF;4216107;3.5000;4;2;2;0;0;0;
EBT;UF;4216206;403.9531;44;9;14;15;4;2;
EBT;UF;4216255;1.0000;1;0;1;0;0;0;
EBT;UF;4216602;780.5742;134;21;57;48;7;1;
EBT;UF;4216909;50.2500;11;4;4;2;1;0;
EBT;UF;4217006;4.5000;3;1;2;0;0;0;
EBT;UF;4217402;199.5000;10;2;5;1;0;2;
EBT;UF;4217501;1.0000;1;0;1;0;0;0;
EBT;UF;4217709;820.0000;10;0;2;1;0;7;
EBT;UF;4217907;1.0000;1;0;1;0;0;0;
EBT;UF;4217956;0.5000;1;1;0;0;0;0;
EBT;UF;4218202;164.5000;25;3;16;5;0;1;
EBT;UF;4218608;3.0000;2;0;2;0;0;0;
EBT;UF;4218707;90.1836;27;4;16;6;1;0;
EBT;UF;4218806;16.0000;4;0;3;1;0;0;
EBT;UF;4219309;56.7500;28;11;13;3;1;0;
EBT;UF;4219507;38.3125;20;7;12;0;1;0;
EBT;UF;4219705;208.5156;17;6;6;1;3;1;
EBT;UF;4219853;0.2500;1;1;0;0;0;0;
EBT;UF;4300406;75.8750;45;24;12;9;0;0;
EBT;UF;4300604;171.5000;38;12;14;9;3;0;
EBT;UF;4300802;0.5000;1;1;0;0;0;0;
EBT;UF;4301008;22.0000;11;4;5;2;0;0;
EBT;UF;4301206;1.0000;1;0;1;0;0;0;
EBT;UF;4301503;0.5000;1;1;0;0;0;0;
EBT;UF;4301552;1.7500;3;2;1;0;0;0;
EBT;UF;4301602;490.1250;48;9;17;16;4;2;
EBT;UF;4301909;0.5000;1;1;0;0;0;0;
EBT;UF;4302006;1.0000;1;0;1;0;0;0;
EBT;UF;4302105;1247.8379;155;13;65;65;9;3;
EBT;UF;4302204;1.0000;1;0;1;0;0;0;
EBT;UF;4302352;9.0000;6;2;3;1;0;0;
EBT;UF;4302709;2.2500;3;1;2;0;0;0;
EBT;UF;4302808;1.0000;1;0;1;0;0;0;
EBT;UF;4302907;0.6250;2;2;0;0;0;0;
EBT;UF;4303004;25.7500;26;14;11;1;0;0;
EBT;UF;4303103;539.4453;101;15;40;41;5;0;
EBT;UF;4303509;352.5391;34;6;14;9;4;1;
EBT;UF;4303707;0.5000;1;1;0;0;0;0;
EBT;UF;4303806;2.2500;3;1;2;0;0;0;
EBT;UF;4303905;1248.9805;98;22;39;25;4;8;
EBT;UF;4304408;47.1250;20;11;6;2;1;0;
EBT;UF;4304507;4.5000;4;1;3;0;0;0;
EBT;UF;4304606;1820.1543;217;44;87;65;11;10;
EBT;UF;4304630;10602.1250;12;4;2;3;1;2;
EBT;UF;4304663;34.5000;7;1;3;3;0;0;
EBT;UF;4304705;70.0000;38;15;17;6;0;0;
EBT;UF;4304804;101.6875;13;6;3;1;3;0;
EBT;UF;4304903;4.5000;8;5;3;0;0;0;
EBT;UF;4305009;0.5000;1;1;0;0;0;0;
EBT;UF;4305108;3747.3828;561;94;256;177;25;9;
EBT;UF;4305173;0.5000;1;1;0;0;0;0;
EBT;UF;4305207;2.5000;3;1;2;0;0;0;
EBT;UF;4305355;34.5000;2;1;0;0;1;0;
EBT;UF;4305439;1.0000;1;0;1;0;0;0;
EBT;UF;4305801;0.2500;1;1;0;0;0;0;
EBT;UF;4305975;2.0000;1;0;1;0;0;0;
EBT;UF;4306056;1.0000;1;0;1;0;0;0;
EBT;UF;4306106;2262.6406;54;26;18;6;1;3;
EBT;UF;4306205;3.0000;4;2;2;0;0;0;
EBT;UF;4306304;1.0000;1;0;1;0;0;0;
EBT;UF;4306403;20.5000;3;2;0;0;1;0;
EBT;UF;4306601;7.0000;2;0;1;1;0;0;
EBT;UF;4306767;1015.7500;47;5;15;17;5;5;
EBT;UF;4307005;10694.1016;75;3;43;21;6;2;
EBT;UF;4307500;0.5000;1;1;0;0;0;0;
EBT;UF;4307559;118.5000;4;1;1;0;1;1;
EBT;UF;4307609;46.5000;21;7;9;5;0;0;
EBT;UF;4307708;171.5781;53;19;24;8;2;0;
EBT;UF;4307807;29.8125;15;7;6;2;0;0;
EBT;UF;4307864;0.5000;1;1;0;0;0;0;
EBT;UF;4307906;1088.1758;83;7;28;36;10;2;
EBT;UF;4308003;6.0000;3;0;3;0;0;0;
EBT;UF;4308102;5.0000;4;0;4;0;0;0;
EBT;UF;4308201;0.5000;1;1;0;0;0;0;
EBT;UF;4308508;5.0000;8;4;4;0;0;0;
EBT;UF;4308607;251.6484;63;13;32;16;2;0;
EBT;UF;4308805;1.0000;3;3;0;0;0;0;
EBT;UF;4308904;3272.5313;21;7;4;3;0;7;
EBT;UF;4309001;2.5625;5;3;2;0;0;0;
EBT;UF;4309050;10.1406;4;2;1;1;0;0;
EBT;UF;4309100;832.5469;44;13;21;8;1;1;
EBT;UF;4309209;615.1250;160;46;59;50;4;1;
EBT;UF;4309308;185.6875;36;16;11;5;4;0;
EBT;UF;4309407;5.0000;6;3;3;0;0;0;
EBT;UF;4309506;0.5000;1;1;0;0;0;0;
EBT;UF;4309605;6.8750;12;7;5;0;0;0;
EBT;UF;4309803;1.0000;1;0;1;0;0;0;
EBT;UF;4310108;28.1250;25;12;10;3;0;0;
EBT;UF;4310207;86.0625;20;3;11;5;1;0;
EBT;UF;4310306;0.5000;1;1;0;0;0;0;
EBT;UF;4310330;2.1250;5;4;1;0;0;0;
EBT;UF;4310603;2.0000;1;0;1;0;0;0;
EBT;UF;4310751;1.0000;1;0;1;0;0;0;
EBT;UF;4310801;15.2500;13;10;2;1;0;0;
EBT;UF;4311007;8.9375;8;4;3;1;0;0;
EBT;UF;4311106;0.5000;1;1;0;0;0;0;
EBT;UF;4311205;6.7500;7;2;5;0;0;0;
EBT;UF;4311403;1138.5625;38;7;20;10;0;1;
EBT;UF;4311502;0.5000;1;1;0;0;0;0;
EBT;UF;4311809;115.0625;17;8;4;2;3;0;
EBT;UF;4311908;1.0000;1;0;1;0;0;0;
EBT;UF;4312401;49.5625;31;16;11;4;0;0;
EBT;UF;4312500;1.5000;2;1;1;0;0;0;
EBT;UF;4312658;10.0000;1;0;0;1;0;0;
EBT;UF;4312708;0.3750;6;6;0;0;0;0;
EBT;UF;4312906;3.7500;4;2;2;0;0;0;
EBT;UF;4313060;15.0000;5;2;2;1;0;0;
EBT;UF;4313102;4.0000;2;0;2;0;0;0;
EBT;UF;4313201;64.5625;15;5;3;6;1;0;
EBT;UF;4313300;31.5625;16;6;8;2;0;0;
EBT;UF;4313375;42.5469;6;0;5;0;1;0;
EBT;UF;4313409;1263.5664;183;37;73;63;9;1;
EBT;UF;4313508;150.5000;31;17;8;4;0;2;
EBT;UF;4313656;1.0000;2;2;0;0;0;0;
EBT;UF;4313706;13.5625;13;5;8;0;0;0;
EBT;UF;4313904;78.3125;30;16;10;3;1;0;
EBT;UF;4314050;40.1875;24;13;9;2;0;0;
EBT;UF;4314100;1231.2813;124;24;50;34;11;5;
EBT;UF;4314308;0.2500;1;1;0;0;0;0;
EBT;UF;4314407;2226.5781;104;25;50;20;5;4;
EBT;UF;4314506;4.0000;1;0;0;1;0;0;
EBT;UF;4314605;2.0000;1;0;1;0;0;0;
EBT;UF;4314803;13.0156;9;5;3;1;0;0;
EBT;UF;4314902;54901.9140;1417;143;473;548;143;110;
EBT;UF;4315107;0.5000;1;1;0;0;0;0;
EBT;UF;4315206;1.0000;1;0;1;0;0;0;
EBT;UF;4315305;1.0000;1;0;1;0;0;0;
EBT;UF;4315503;1.5000;3;3;0;0;0;0;
EBT;UF;4315602;2328.4531;128;34;48;30;10;6;
EBT;UF;4315701;3.3750;6;4;2;0;0;0;
EBT;UF;4315800;2.0000;2;0;2;0;0;0;
EBT;UF;4315909;0.5000;1;1;0;0;0;0;
EBT;UF;4316402;169.7500;13;7;4;1;0;1;
EBT;UF;4316451;1.0000;1;0;1;0;0;0;
EBT;UF;4316501;0.3125;2;2;0;0;0;0;
EBT;UF;4316709;1.0000;1;0;1;0;0;0;
EBT;UF;4316808;2796.9375;67;12;20;25;4;6;
EBT;UF;4316907;2295.2852;152;58;55;31;3;5;
EBT;UF;4316956;6.0000;3;0;3;0;0;0;
EBT;UF;4317103;144.5625;19;3;8;6;1;1;
EBT;UF;4317202;13.5000;7;1;5;1;0;0;
EBT;UF;4317301;2.0000;1;0;1;0;0;0;
EBT;UF;4317400;16.9375;14;7;6;1;0;0;
EBT;UF;4317509;477.2813;22;1;12;7;0;2;
EBT;UF;4317608;12.7500;9;6;2;1;0;0;
EBT;UF;4317806;0.5000;1;1;0;0;0;0;
EBT;UF;4317905;1.5000;2;1;1;0;0;0;
EBT;UF;4318002;2.5000;2;1;1;0;0;0;
EBT;UF;4318101;1.5000;3;2;1;0;0;0;
EBT;UF;4318200;2.2500;4;3;1;0;0;0;
EBT;UF;4318309;3.0000;4;2;2;0;0;0;
EBT;UF;4318408;0.5000;1;1;0;0;0;0;
EBT;UF;4318507;0.2500;1;1;0;0;0;0;
EBT;UF;4318705;1412.5898;120;32;37;42;5;4;
EBT;UF;4318804;102.4375;6;3;2;0;0;1;
EBT;UF;4319000;10.5000;2;1;0;1;0;0;
EBT;UF;4319406;4.0000;6;3;3;0;0;0;
EBT;UF;4319505;24.0625;12;6;3;3;0;0;
EBT;UF;4319802;1.5000;3;2;1;0;0;0;
EBT;UF;4319901;98.7656;19;1;10;7;1;0;
EBT;UF;4320008;150.0313;47;17;17;12;1;0;
EBT;UF;4320107;137.3750;14;8;2;2;1;1;
EBT;UF;4320206;0.2500;1;1;0;0;0;0;
EBT;UF;4320404;6.5625;6;2;4;0;0;0;
EBT;UF;4320701;3.0000;2;0;2;0;0;0;
EBT;UF;4320800;2.0000;2;0;2;0;0;0;
EBT;UF;4321105;0.5000;1;1;0;0;0;0;
EBT;UF;4321204;227.7500;24;9;12;1;0;2;
EBT;UF;4321303;7.0000;4;0;4;0;0;0;
EBT;UF;4321402;0.5000;1;1;0;0;0;0;
EBT;UF;4321436;0.5000;1;1;0;0;0;0;
EBT;UF;4321451;1437.4531;28;14;5;2;2;5;
EBT;UF;4321501;19.2656;21;15;5;1;0;0;
EBT;UF;4321600;19.9531;22;16;5;1;0;0;
EBT;UF;4321667;2.0000;1;0;1;0;0;0;
EBT;UF;4321709;2.7500;4;2;2;0;0;0;
EBT;UF;4321808;1.0000;1;0;1;0;0;0;
EBT;UF;4321907;0.5000;1;1;0;0;0;0;
EBT;UF;4322004;32.5000;2;1;0;0;1;0;
EBT;UF;4322400;10752.4063;39;9;12;12;3;3;
EBT;UF;4322509;302.6172;45;3;24;17;0;1;
EBT;UF;4322608;75.7500;21;6;8;7;0;0;
EBT;UF;4322806;1.0000;1;0;1;0;0;0;
EBT;UF;4323002;130.6250;34;16;11;3;4;0;
EBT;UF;4323408;1.7500;3;2;1;0;0;0;
EBT;UF;4323804;3.0625;9;8;1;0;0;0;
EBT;UF;5000203;114.2500;18;1;5;11;1;0;
EBT;UF;5001003;3.0000;2;0;2;0;0;0;
EBT;UF;5001102;3.5000;3;1;2;0;0;0;
EBT;UF;5002209;4.0000;2;0;2;0;0;0;
EBT;UF;5002407;4.0000;2;0;2;0;0;0;
EBT;UF;5002704;20993.7539;655;126;251;206;34;38;
EBT;UF;5002902;0.5000;1;1;0;0;0;0;
EBT;UF;5002951;8.0000;4;0;4;0;0;0;
EBT;UF;5003207;124.0000;19;0;10;7;2;0;
EBT;UF;5003256;2.0000;1;0;1;0;0;0;
EBT;UF;5003306;129.0000;7;0;3;0;3;1;
EBT;UF;5003504;0.5000;1;1;0;0;0;0;
EBT;UF;5003702;3445.5625;85;11;35;28;4;7;
EBT;UF;5003751;1.0000;1;0;1;0;0;0;
EBT;UF;5003801;2.0625;2;1;1;0;0;0;
EBT;UF;5004007;2.0000;1;0;1;0;0;0;
EBT;UF;5004106;2.0000;1;0;1;0;0;0;
EBT;UF;5004502;30.2500;10;3;5;2;0;0;
EBT;UF;5004700;1.0000;1;0;1;0;0;0;
EBT;UF;5005004;2.0000;1;0;1;0;0;0;
EBT;UF;5005103;1.0000;1;0;1;0;0;0;
EBT;UF;5005202;4.0000;2;0;2;0;0;0;
EBT;UF;5005400;592.5000;20;1;7;5;2;5;
EBT;UF;5005608;2.0000;1;0;1;0;0;0;
EBT;UF;5005681;2.0000;1;0;1;0;0;0;
EBT;UF;5005707;8.0000;4;0;4;0;0;0;
EBT;UF;5006002;10.2500;7;3;3;1;0;0;
EBT;UF;5006200;6.0000;3;0;3;0;0;0;
EBT;UF;5006309;10.0000;4;0;3;1;0;0;
EBT;UF;5006358;0.5000;1;1;0;0;0;0;
EBT;UF;5006606;13.0000;8;0;8;0;0;0;
EBT;UF;5006903;2.0000;1;0;1;0;0;0;
EBT;UF;5007109;43.5000;7;1;1;4;1;0;
EBT;UF;5007208;12.0000;6;0;5;1;0;0;
EBT;UF;5007695;2.5000;2;1;1;0;0;0;
EBT;UF;5007703;1.0000;1;0;1;0;0;0;
EBT;UF;5007901;151.5000;15;1;6;4;4;0;
EBT;UF;5008008;2.0000;1;0;1;0;0;0;
EBT;UF;5008305;1759.5859;86;2;41;32;8;3;
EBT;UF;5100201;7.0000;4;0;4;0;0;0;
EBT;UF;5100250;15.5000;9;1;8;0;0;0;
EBT;UF;5100300;0.5000;1;1;0;0;0;0;
EBT;UF;5100409;2.0000;1;0;1;0;0;0;
EBT;UF;5100805;1.0000;1;0;1;0;0;0;
EBT;UF;5101704;2.0000;1;0;1;0;0;0;
EBT;UF;5101803;28.0000;17;2;15;0;0;0;
EBT;UF;5102504;263.0000;69;12;44;10;3;0;
EBT;UF;5102678;3.0000;2;0;2;0;0;0;
EBT;UF;5103056;1.0000;1;0;1;0;0;0;
EBT;UF;5103205;2.0000;1;0;1;0;0;0;
EBT;UF;5103403;33696.3047;1050;153;545;190;95;67;
EBT;UF;5103502;5.5000;4;1;3;0;0;0;
EBT;UF;5104104;0.5000;1;1;0;0;0;0;
EBT;UF;5104609;2.0000;1;0;1;0;0;0;
EBT;UF;5104807;2.0000;1;0;1;0;0;0;
EBT;UF;5105002;152.5000;9;1;3;3;1;1;
EBT;UF;5105101;2.0000;1;0;1;0;0;0;
EBT;UF;5105150;8.0000;4;0;4;0;0;0;
EBT;UF;5105259;2251.0742;198;37;94;44;12;11;
EBT;UF;5105580;0.5000;1;1;0;0;0;0;
EBT;UF;5105622;51.5000;19;3;13;3;0;0;
EBT;UF;5105903;0.5000;1;1;0;0;0;0;
EBT;UF;5106224;678.1875;99;18;54;18;6;3;
EBT;UF;5106257;2.0000;1;0;1;0;0;0;
EBT;UF;5106307;0.5000;1;1;0;0;0;0;
EBT;UF;5106372;2.0000;1;0;1;0;0;0;
EBT;UF;5106505;2.0000;1;0;1;0;0;0;
EBT;UF;5106752;638.3750;66;21;29;4;7;5;
EBT;UF;5107040;8.5625;7;2;5;0;0;0;
EBT;UF;5107065;4.5000;3;1;2;0;0;0;
EBT;UF;5107107;2.0000;1;0;1;0;0;0;
EBT;UF;5107180;0.5000;1;1;0;0;0;0;
EBT;UF;5107198;0.5625;2;2;0;0;0;0;
EBT;UF;5107602;3509.3633;278;28;171;52;12;15;
EBT;UF;5107800;1.0000;1;0;1;0;0;0;
EBT;UF;5107859;1.5000;3;2;1;0;0;0;
EBT;UF;5107875;2.0000;1;0;1;0;0;0;
EBT;UF;5107909;9803.4805;243;25;151;46;7;14;
EBT;UF;5107925;1522.1953;174;19;99;43;3;10;
EBT;UF;5107958;19.3750;15;6;9;0;0;0;
EBT;UF;5108105;0.5000;1;1;0;0;0;0;
EBT;UF;5108402;2633.1172;198;29;88;66;7;8;
EBT;UF;5108600;1.0000;1;0;1;0;0;0;
EBT;UF;5200050;2.0625;2;1;1;0;0;0;
EBT;UF;5200258;187.8125;33;6;19;6;1;1;
EBT;UF;5200308;11.7500;14;8;6;0;0;0;
EBT;UF;5200605;0.2500;1;1;0;0;0;0;
EBT;UF;5200803;3.2500;3;1;2;0;0;0;
EBT;UF;5201108;16847.5625;293;29;95;122;13;34;
EBT;UF;5201306;2.0000;1;0;1;0;0;0;
EBT;UF;5201405;13945.6875;226;41;130;34;2;19;
EBT;UF;5201702;1.0000;1;0;1;0;0;0;
EBT;UF;5202502;9.0000;5;0;5;0;0;0;
EBT;UF;5202601;0.2500;1;1;0;0;0;0;
EBT;UF;5203203;1.0000;1;0;1;0;0;0;
EBT;UF;5203302;2.0000;1;0;1;0;0;0;
EBT;UF;5203500;2.0000;1;0;1;0;0;0;
EBT;UF;5203906;6.0000;3;0;3;0;0;0;
EBT;UF;5204003;0.2500;1;1;0;0;0;0;
EBT;UF;5204102;0.5000;1;1;0;0;0;0;
EBT;UF;5204300;2.0000;1;0;1;0;0;0;
EBT;UF;5204508;196.0000;11;2;4;4;0;1;
EBT;UF;5204706;7.7500;6;2;4;0;0;0;
EBT;UF;5204805;0.7500;2;2;0;0;0;0;
EBT;UF;5204904;2.0000;1;0;1;0;0;0;
EBT;UF;5205109;741.3750;46;6;19;10;6;5;
EBT;UF;5205307;1.0000;1;0;1;0;0;0;
EBT;UF;5205406;8.0000;4;0;4;0;0;0;
EBT;UF;5205455;0.2500;1;1;0;0;0;0;
EBT;UF;5205471;0.5000;1;1;0;0;0;0;
EBT;UF;5205497;37.4453;9;4;3;1;1;0;
EBT;UF;5205513;0.2500;1;1;0;0;0;0;
EBT;UF;5205802;0.2500;1;1;0;0;0;0;
EBT;UF;5205901;2.5000;3;1;2;0;0;0;
EBT;UF;5206206;417.3125;26;4;8;8;3;3;
EBT;UF;5206800;0.2500;1;1;0;0;0;0;
EBT;UF;5207402;2.0000;1;0;1;0;0;0;
EBT;UF;5207501;1.0000;1;0;1;0;0;0;
EBT;UF;5207600;0.5000;1;1;0;0;0;0;
EBT;UF;5207808;0.2500;1;1;0;0;0;0;
EBT;UF;5208004;11.0000;6;0;6;0;0;0;
EBT;UF;5208103;0.2500;1;1;0;0;0;0;
EBT;UF;5208509;155.0000;1;0;0;0;0;1;
EBT;UF;5208608;3.0000;2;0;2;0;0;0;
EBT;UF;5208707;92407.8750;1049;131;570;170;45;133;
EBT;UF;5208806;11.0000;5;0;4;1;0;0;
EBT;UF;5208905;2.5000;2;1;1;0;0;0;
EBT;UF;5209101;10.7500;9;4;5;0;0;0;
EBT;UF;5209200;2.0000;1;0;1;0;0;0;
EBT;UF;5209705;2.0000;1;0;1;0;0;0;
EBT;UF;5209804;0.2500;1;1;0;0;0;0;
EBT;UF;5209937;2.0000;1;0;1;0;0;0;
EBT;UF;5210000;11.5000;7;1;6;0;0;0;
EBT;UF;5210208;6.0000;3;0;3;0;0;0;
EBT;UF;5210802;0.2500;1;1;0;0;0;0;
EBT;UF;5210901;1.0000;1;0;1;0;0;0;
EBT;UF;5211206;0.5000;1;1;0;0;0;0;
EBT;UF;5211503;297.0000;43;3;31;6;2;1;
EBT;UF;5211800;6.0000;5;2;3;0;0;0;
EBT;UF;5211909;132.0000;18;2;14;1;0;1;
EBT;UF;5212105;0.2500;1;1;0;0;0;0;
EBT;UF;5212204;2.0000;1;0;1;0;0;0;
EBT;UF;5212303;0.2500;1;1;0;0;0;0;
EBT;UF;5212501;239.3906;61;17;32;11;0;1;
EBT;UF;5212956;0.5000;1;1;0;0;0;0;
EBT;UF;5213004;2.2500;2;1;1;0;0;0;
EBT;UF;5213103;10.5000;3;1;1;1;0;0;
EBT;UF;5213509;0.2500;1;1;0;0;0;0;
EBT;UF;5213756;1.2500;2;1;1;0;0;0;
EBT;UF;5213806;977.9375;23;7;9;0;1;6;
EBT;UF;5213905;0.2500;1;1;0;0;0;0;
EBT;UF;5214002;0.2500;1;1;0;0;0;0;
EBT;UF;5214408;1.0000;1;0;1;0;0;0;
EBT;UF;5214507;2.0000;1;0;1;0;0;0;
EBT;UF;5214606;2.0000;1;0;1;0;0;0;
EBT;UF;5214838;1.0000;1;0;1;0;0;0;
EBT;UF;5215231;24.0625;15;7;7;1;0;0;
EBT;UF;5215306;1.2500;2;1;1;0;0;0;
EBT;UF;5215504;0.2500;1;1;0;0;0;0;
EBT;UF;5215603;1.4648;1;0;1;0;0;0;
EBT;UF;5215702;2.0000;1;0;1;0;0;0;
EBT;UF;5216304;0.2500;1;1;0;0;0;0;
EBT;UF;5216403;1.0000;2;2;0;0;0;0;
EBT;UF;5216809;1.5000;2;1;1;0;0;0;
EBT;UF;5217104;2.0000;1;0;1;0;0;0;
EBT;UF;5217203;0.2500;1;1;0;0;0;0;
EBT;UF;5217401;36.0000;2;0;1;0;1;0;
EBT;UF;5217609;7.5000;5;1;4;0;0;0;
EBT;UF;5217708;4.0000;2;0;2;0;0;0;
EBT;UF;5218003;85.5000;7;1;3;1;1;1;
EBT;UF;5218300;0.5000;1;1;0;0;0;0;
EBT;UF;5218508;2.0000;1;0;1;0;0;0;
EBT;UF;5218789;0.2500;1;1;0;0;0;0;
EBT;UF;5218805;9961.5000;108;11;50;24;6;17;
EBT;UF;5218904;2.0000;1;0;1;0;0;0;
EBT;UF;5219001;0.5000;1;1;0;0;0;0;
EBT;UF;5219100;0.2500;1;1;0;0;0;0;
EBT;UF;5219308;2.0000;1;0;1;0;0;0;
EBT;UF;5219605;2.0000;1;0;1;0;0;0;
EBT;UF;5219753;11.0000;8;2;6;0;0;0;
EBT;UF;5219902;0.2500;1;1;0;0;0;0;
EBT;UF;5220108;6.5000;4;1;3;0;0;0;
EBT;UF;5220405;2.0000;1;0;1;0;0;0;
EBT;UF;5220454;112.0000;22;2;17;1;2;0;
EBT;UF;5220603;2.0000;1;0;1;0;0;0;
EBT;UF;5221403;588.8125;24;5;9;5;1;4;
EBT;UF;5221601;179.0625;16;8;4;3;0;1;
EBT;UF;5221700;0.2500;1;1;0;0;0;0;
EBT;UF;5221809;4.2500;3;1;2;0;0;0;
EBT;UF;5221858;105.9219;45;14;23;7;1;0;
EBT;UF;5222005;2.0000;1;0;1;0;0;0;
EBT;UF;5300108;598982.414;4621;639;1782;1270;323;607;
TLB;UF;1302603;20.0000;1;0;0;0;1;0;
TLB;UF;3106200;0.2500;1;1;0;0;0;0;
TLB;UF;3304557;1.0000;1;0;1;0;0;0;
TLB;UF;3505708;100.0000;1;0;0;0;0;1;
TLB;UF;3550308;10.0000;1;0;0;1;0;0;
TLB;UF;4205407;34.0000;1;0;0;0;1;0;
TLB;UF;5002704;50.0000;1;0;0;0;0;1;
09;1397;
