01;CLA;IPL4;201406;
EBT;UF;1100015;1.0000;1;0;1;0;0;0;
EBT;UF;1100023;174.0625;38;3;30;2;3;0;
EBT;UF;1100049;323.6875;82;20;47;13;1;1;
EBT;UF;1100080;0.1250;1;1;0;0;0;0;
EBT;UF;1100098;0.5000;1;1;0;0;0;0;
EBT;UF;1100106;12.0000;5;0;4;1;0;0;
EBT;UF;1100114;28.0000;10;0;9;1;0;0;
EBT;UF;1100122;1054.6875;150;14;105;18;10;3;
EBT;UF;1100155;230.0000;12;0;4;1;7;0;
EBT;UF;1100189;134.3125;47;9;32;5;1;0;
EBT;UF;1100205;11056.7500;657;94;413;90;27;33;
EBT;UF;1100254;1.0000;1;0;1;0;0;0;
EBT;UF;1100288;4.0000;2;0;2;0;0;0;
EBT;UF;1100296;1.0000;1;0;1;0;0;0;
EBT;UF;1100304;610.6875;126;15;89;15;6;1;
EBT;UF;1100320;1.0000;1;0;1;0;0;0;
EBT;UF;1100403;1.0000;1;0;1;0;0;0;
EBT;UF;1100452;1.0000;1;0;1;0;0;0;
EBT;UF;1100924;2.0000;1;0;1;0;0;0;
EBT;UF;1101468;0.5000;1;1;0;0;0;0;
EBT;UF;1200054;1.0000;1;0;1;0;0;0;
EBT;UF;1200104;1.0000;1;0;1;0;0;0;
EBT;UF;1200138;17.0000;6;0;4;2;0;0;
EBT;UF;1200203;1.0000;1;0;1;0;0;0;
EBT;UF;1200252;1.1875;3;2;1;0;0;0;
EBT;UF;1200344;1.0000;1;0;1;0;0;0;
EBT;UF;1200401;6442.2500;325;42;196;59;12;16;
EBT;UF;1200450;4.0000;2;0;2;0;0;0;
EBT;UF;1200500;1.0000;1;0;1;0;0;0;
EBT;UF;1200609;1.0000;1;0;1;0;0;0;
EBT;UF;1301100;2.0000;2;0;2;0;0;0;
EBT;UF;1301704;110.2500;7;1;5;0;0;1;
EBT;UF;1301852;2.0000;1;0;1;0;0;0;
EBT;UF;1302603;9579.5625;814;105;516;108;60;25;
EBT;UF;1303403;2.5000;3;2;1;0;0;0;
EBT;UF;1400100;544.0000;95;8;48;33;5;1;
EBT;UF;1500602;2.0000;1;0;1;0;0;0;
EBT;UF;1500800;7833.5000;131;8;74;38;5;6;
EBT;UF;1501303;24.0000;4;0;2;2;0;0;
EBT;UF;1501402;47254.4766;817;30;337;278;82;90;
EBT;UF;1501501;33.3750;17;5;10;2;0;0;
EBT;UF;1501709;0.2500;1;1;0;0;0;0;
EBT;UF;1502202;130.0000;7;0;0;3;4;0;
EBT;UF;1502400;124.0000;32;3;22;5;2;0;
EBT;UF;1503606;6.0000;3;0;3;0;0;0;
EBT;UF;1503903;2.0000;1;0;1;0;0;0;
EBT;UF;1504208;287.6875;98;32;49;13;4;0;
EBT;UF;1504422;241.6875;66;10;40;13;3;0;
EBT;UF;1505304;1.0000;1;0;1;0;0;0;
EBT;UF;1505502;288.0000;19;0;13;2;2;2;
EBT;UF;1506203;0.5000;1;1;0;0;0;0;
EBT;UF;1506807;167.6875;32;8;18;3;1;2;
EBT;UF;1507607;4.0000;2;0;2;0;0;0;
EBT;UF;1508209;0.2500;1;1;0;0;0;0;
EBT;UF;1600303;330.5000;85;10;56;15;3;1;
EBT;UF;1600600;9.5000;6;2;3;1;0;0;
EBT;UF;1700350;4.0000;3;0;3;0;0;0;
EBT;UF;1700707;37.2500;12;1;9;2;0;0;
EBT;UF;1702000;0.2500;1;1;0;0;0;0;
EBT;UF;1702109;463.8750;76;13;31;26;6;0;
EBT;UF;1705508;212.0000;8;0;6;0;0;2;
EBT;UF;1707009;1.0000;1;0;1;0;0;0;
EBT;UF;1709302;92.6875;10;4;4;1;0;1;
EBT;UF;1709500;233.3750;23;4;8;9;1;1;
EBT;UF;1713205;8.5625;8;3;5;0;0;0;
EBT;UF;1713304;4.7500;6;3;3;0;0;0;
EBT;UF;1714880;5.3125;5;2;3;0;0;0;
EBT;UF;1716109;45.0000;10;2;5;2;1;0;
EBT;UF;1716604;8.0000;4;0;4;0;0;0;
EBT;UF;1718204;112.7500;23;4;10;7;2;0;
EBT;UF;1718402;4.0000;1;0;0;1;0;0;
EBT;UF;1721000;1751.6875;202;41;97;49;11;4;
EBT;UF;1722081;4.0000;1;0;0;1;0;0;
EBT;UF;2100204;32.0000;1;0;0;0;1;0;
EBT;UF;2101202;98.0000;7;0;4;0;3;0;
EBT;UF;2101608;0.1250;1;1;0;0;0;0;
EBT;UF;2103000;960.0000;18;0;5;4;3;6;
EBT;UF;2103307;155.0000;1;0;0;0;0;1;
EBT;UF;2103604;0.5000;1;1;0;0;0;0;
EBT;UF;2105302;273.2500;19;2;8;6;2;1;
EBT;UF;2105427;20.0000;3;0;1;2;0;0;
EBT;UF;2108603;4.0000;1;0;0;1;0;0;
EBT;UF;2109106;2.2500;4;3;1;0;0;0;
EBT;UF;2109908;43.0000;8;2;5;0;1;0;
EBT;UF;2110302;52.0000;6;0;1;5;0;0;
EBT;UF;2111201;31.2500;8;3;1;4;0;0;
EBT;UF;2111300;13613.4453;243;24;60;113;35;11;
EBT;UF;2112209;154.0000;5;0;0;1;3;1;
EBT;UF;2112902;0.3750;2;2;0;0;0;0;
EBT;UF;2114007;2.0000;1;0;1;0;0;0;
EBT;UF;2200400;32.0000;1;0;0;0;1;0;
EBT;UF;2202208;72.0000;3;0;0;1;2;0;
EBT;UF;2202406;64.0000;2;0;0;0;2;0;
EBT;UF;2202703;32.0000;1;0;0;0;1;0;
EBT;UF;2203701;42.0000;2;0;0;1;1;0;
EBT;UF;2206407;32.0000;1;0;0;0;1;0;
EBT;UF;2207702;144.0000;7;0;0;3;4;0;
EBT;UF;2208403;249.0000;10;0;1;1;8;0;
EBT;UF;2211001;16174.5625;260;5;57;89;100;9;
EBT;UF;2300309;6.0000;1;0;0;1;0;0;
EBT;UF;2301000;129.2500;9;1;5;2;0;1;
EBT;UF;2301109;42.0000;4;0;0;3;1;0;
EBT;UF;2301901;38.6250;8;3;0;5;0;0;
EBT;UF;2302503;20.0000;2;0;0;2;0;0;
EBT;UF;2303709;24.7500;14;2;11;1;0;0;
EBT;UF;2303808;12.0000;2;0;1;1;0;0;
EBT;UF;2303956;0.2500;1;1;0;0;0;0;
EBT;UF;2304103;0.2500;1;1;0;0;0;0;
EBT;UF;2304202;53.0000;4;0;1;2;1;0;
EBT;UF;2304285;195.5000;23;1;13;5;3;1;
EBT;UF;2304400;8836.0625;320;19;92;130;47;32;
EBT;UF;2305233;67.0625;10;1;5;3;1;0;
EBT;UF;2305407;40.0000;2;0;0;0;2;0;
EBT;UF;2305506;42.0000;3;0;0;2;1;0;
EBT;UF;2306256;0.5000;1;1;0;0;0;0;
EBT;UF;2306405;62.0000;5;0;0;4;1;0;
EBT;UF;2307007;1.0000;1;0;1;0;0;0;
EBT;UF;2307304;204.0000;18;0;7;9;1;1;
EBT;UF;2307601;80.0000;5;0;0;3;2;0;
EBT;UF;2307650;137.7500;33;2;18;12;1;0;
EBT;UF;2307700;20.0000;2;0;0;2;0;0;
EBT;UF;2308104;8.0000;1;0;0;1;0;0;
EBT;UF;2308302;16.0000;1;0;0;0;1;0;
EBT;UF;2309607;106.0000;3;0;0;0;2;1;
EBT;UF;2310704;1.0000;1;0;1;0;0;0;
EBT;UF;2311306;69.0000;6;0;1;3;2;0;
EBT;UF;2311801;61.3750;15;6;6;2;1;0;
EBT;UF;2312403;2.0000;1;0;1;0;0;0;
EBT;UF;2312908;392.8750;38;6;10;16;4;2;
EBT;UF;2313302;0.6875;3;3;0;0;0;0;
EBT;UF;2313401;577.0000;13;0;2;4;3;4;
EBT;UF;2400109;172.0000;7;0;0;3;3;1;
EBT;UF;2400802;20.5000;3;1;0;2;0;0;
EBT;UF;2403251;140.3750;37;5;20;12;0;0;
EBT;UF;2404507;1.0000;1;0;1;0;0;0;
EBT;UF;2406700;10.0000;1;0;0;1;0;0;
EBT;UF;2407104;42.0000;14;0;12;2;0;0;
EBT;UF;2407203;10.0000;1;0;0;1;0;0;
EBT;UF;2407401;26.0000;2;0;0;1;1;0;
EBT;UF;2408003;777.5625;46;5;23;9;5;4;
EBT;UF;2408102;4459.0000;132;16;26;55;16;19;
EBT;UF;2409332;4.0000;1;0;0;1;0;0;
EBT;UF;2412005;198.0000;15;0;8;5;0;2;
EBT;UF;2414209;1.0000;1;0;1;0;0;0;
EBT;UF;2501807;32.0000;7;0;5;2;0;0;
EBT;UF;2503209;520.2500;27;1;14;8;1;3;
EBT;UF;2504009;1067.7500;53;6;11;26;5;5;
EBT;UF;2506301;42.0000;2;0;0;1;1;0;
EBT;UF;2506905;48.0000;2;0;0;0;2;0;
EBT;UF;2507507;4503.8125;183;8;75;63;24;13;
EBT;UF;2510808;197.0000;3;0;0;1;1;1;
EBT;UF;2516201;2.0000;1;0;1;0;0;0;
EBT;UF;2600054;209.1250;25;6;17;0;1;1;
EBT;UF;2601102;18.0000;1;0;0;0;1;0;
EBT;UF;2601201;82.0000;6;0;1;1;4;0;
EBT;UF;2601706;86.0000;3;0;0;0;3;0;
EBT;UF;2601904;22.0000;1;0;0;0;1;0;
EBT;UF;2602902;1159.5000;62;5;35;14;2;6;
EBT;UF;2603454;6.5000;5;1;4;0;0;0;
EBT;UF;2604007;11.0000;2;0;1;1;0;0;
EBT;UF;2604106;1570.8750;43;7;17;13;3;3;
EBT;UF;2605103;22.0000;1;0;0;0;1;0;
EBT;UF;2606002;20.5000;3;1;0;2;0;0;
EBT;UF;2606408;141.8750;9;3;4;1;0;1;
EBT;UF;2606804;27.5000;13;1;9;3;0;0;
EBT;UF;2607208;264.5000;27;4;10;12;0;1;
EBT;UF;2607901;600.7500;108;12;53;39;3;1;
EBT;UF;2608909;2.5000;5;4;1;0;0;0;
EBT;UF;2609600;418.5000;43;7;19;11;4;2;
EBT;UF;2610707;453.6250;58;8;40;7;1;2;
EBT;UF;2610905;168.0000;3;0;0;0;2;1;
EBT;UF;2611101;66.5000;12;1;7;3;1;0;
EBT;UF;2611606;15822.9375;474;23;164;158;69;60;
EBT;UF;2612000;50.0000;1;0;0;0;0;1;
EBT;UF;2612208;22.0000;3;0;0;3;0;0;
EBT;UF;2613701;35.0000;5;0;3;1;1;0;
EBT;UF;2613909;120.5000;25;16;3;2;4;0;
EBT;UF;2700300;314.5625;40;2;21;15;1;1;
EBT;UF;2704302;3414.3750;264;37;83;111;19;14;
EBT;UF;2704708;2.0000;1;0;1;0;0;0;
EBT;UF;2706307;2.0000;1;0;1;0;0;0;
EBT;UF;2706703;12.0000;2;0;1;1;0;0;
EBT;UF;2707701;166.5000;9;1;7;0;0;1;
EBT;UF;2708600;2.0000;1;0;1;0;0;0;
EBT;UF;2800308;5393.6875;255;33;93;94;18;17;
EBT;UF;2800670;2.8750;5;3;2;0;0;0;
EBT;UF;2802106;10.0000;1;0;0;1;0;0;
EBT;UF;2804805;532.5000;54;6;27;17;1;3;
EBT;UF;2805703;20.0000;2;0;0;2;0;0;
EBT;UF;2806701;70.5625;12;3;5;3;1;0;
EBT;UF;2900702;97.0000;12;0;5;5;2;0;
EBT;UF;2903201;8.0000;4;0;3;1;0;0;
EBT;UF;2904605;47.0000;4;0;2;1;0;1;
EBT;UF;2904704;2.0000;1;0;1;0;0;0;
EBT;UF;2905602;130.0000;5;0;2;1;1;1;
EBT;UF;2905701;432.6250;79;5;47;24;2;1;
EBT;UF;2906501;734.0000;17;0;6;5;2;4;
EBT;UF;2906709;2.0000;1;0;1;0;0;0;
EBT;UF;2909802;48.0000;4;0;0;3;1;0;
EBT;UF;2910727;350.8125;24;3;13;5;1;2;
EBT;UF;2910800;2774.8125;130;17;56;36;9;12;
EBT;UF;2912103;4.0000;1;0;0;1;0;0;
EBT;UF;2913606;604.0000;56;0;21;27;6;2;
EBT;UF;2914653;18.0000;3;0;1;2;0;0;
EBT;UF;2914802;1364.1250;58;9;25;16;3;5;
EBT;UF;2914901;72.0000;2;0;0;1;0;1;
EBT;UF;2915304;2.0000;1;0;1;0;0;0;
EBT;UF;2915601;22.0000;4;0;3;0;1;0;
EBT;UF;2915809;12.0000;2;0;1;1;0;0;
EBT;UF;2916302;2.0000;1;0;1;0;0;0;
EBT;UF;2916401;152.1875;7;2;1;1;2;1;
EBT;UF;2917102;2.0000;1;0;1;0;0;0;
EBT;UF;2917508;100.0000;1;0;0;0;0;1;
EBT;UF;2917607;100.0000;1;0;0;0;0;1;
EBT;UF;2918001;198.0000;22;3;10;7;1;1;
EBT;UF;2918407;6.0000;3;0;3;0;0;0;
EBT;UF;2919207;725.5000;46;1;21;18;3;3;
EBT;UF;2919553;2.0000;1;0;1;0;0;0;
EBT;UF;2920601;18.0000;2;0;0;2;0;0;
EBT;UF;2921005;20.2500;3;1;0;2;0;0;
EBT;UF;2921302;10.0000;2;0;0;2;0;0;
EBT;UF;2922003;10.0000;1;0;0;1;0;0;
EBT;UF;2924009;77.1250;10;1;4;3;2;0;
EBT;UF;2925006;4.0000;2;0;2;0;0;0;
EBT;UF;2925105;20.0000;2;0;0;2;0;0;
EBT;UF;2925303;302.0000;21;0;10;6;4;1;
EBT;UF;2927002;0.5000;1;1;0;0;0;0;
EBT;UF;2927408;34577.8633;854;102;295;315;70;72;
EBT;UF;2928703;176.0000;5;0;1;1;2;1;
EBT;UF;2929206;0.0625;1;1;0;0;0;0;
EBT;UF;2929305;50.0000;1;0;0;0;0;1;
EBT;UF;2930105;14.5000;4;1;2;1;0;0;
EBT;UF;2930709;193.5000;42;3;21;18;0;0;
EBT;UF;2931350;2106.3125;26;4;12;1;3;6;
EBT;UF;2932507;32.0000;1;0;0;0;1;0;
EBT;UF;2932903;5.7500;9;5;4;0;0;0;
EBT;UF;2933307;932.5625;67;8;29;23;3;4;
EBT;UF;3100302;2.0000;1;0;1;0;0;0;
EBT;UF;3101508;258.0000;9;0;1;0;8;0;
EBT;UF;3101607;44.2500;27;8;17;2;0;0;
EBT;UF;3101904;2.0000;1;0;1;0;0;0;
EBT;UF;3103504;41.6250;20;2;15;3;0;0;
EBT;UF;3104007;74.7500;31;8;22;0;1;0;
EBT;UF;3104205;13.2500;8;1;7;0;0;0;
EBT;UF;3104601;32.0000;1;0;0;0;1;0;
EBT;UF;3104908;4.0000;2;0;2;0;0;0;
EBT;UF;3105608;205.5000;20;1;11;2;6;0;
EBT;UF;3106200;71960.9765;2455;319;1368;441;192;135;
EBT;UF;3106309;42.0625;4;1;1;1;1;0;
EBT;UF;3106705;2146.4414;253;55;146;22;26;4;
EBT;UF;3107109;4.0000;2;0;2;0;0;0;
EBT;UF;3107406;6.0000;3;0;3;0;0;0;
EBT;UF;3107703;0.2500;1;1;0;0;0;0;
EBT;UF;3108404;2.0000;1;0;1;0;0;0;
EBT;UF;3108909;2.2500;2;1;1;0;0;0;
EBT;UF;3109303;2.0000;1;0;1;0;0;0;
EBT;UF;3109501;2.0000;1;0;1;0;0;0;
EBT;UF;3109709;2.0000;1;0;1;0;0;0;
EBT;UF;3110004;2.5000;2;1;1;0;0;0;
EBT;UF;3110301;2.0000;1;0;1;0;0;0;
EBT;UF;3110509;5.0000;3;0;3;0;0;0;
EBT;UF;3110608;3.0000;2;0;2;0;0;0;
EBT;UF;3110707;4.0000;2;0;2;0;0;0;
EBT;UF;3111606;2.0000;1;0;1;0;0;0;
EBT;UF;3112307;2.0000;1;0;1;0;0;0;
EBT;UF;3113206;64.0000;2;0;0;0;2;0;
EBT;UF;3113404;14.0000;3;0;2;1;0;0;
EBT;UF;3114303;2.0000;1;0;1;0;0;0;
EBT;UF;3114501;2.0000;1;0;1;0;0;0;
EBT;UF;3115300;559.0000;10;0;2;3;2;3;
EBT;UF;3115508;10.6250;8;3;5;0;0;0;
EBT;UF;3117876;30.0000;3;0;0;3;0;0;
EBT;UF;3118007;23.8125;11;3;7;1;0;0;
EBT;UF;3118304;78.3750;27;7;17;2;1;0;
EBT;UF;3118403;32.0000;1;0;0;0;1;0;
EBT;UF;3118601;2955.1797;397;63;224;65;37;8;
EBT;UF;3119401;80.5000;14;1;11;0;2;0;
EBT;UF;3120904;54.0000;24;0;23;1;0;0;
EBT;UF;3122306;967.5195;56;6;35;8;2;5;
EBT;UF;3122454;0.2500;1;1;0;0;0;0;
EBT;UF;3123601;4.0000;2;0;2;0;0;0;
EBT;UF;3123908;2.0000;1;0;1;0;0;0;
EBT;UF;3124203;32.0000;1;0;0;0;1;0;
EBT;UF;3125101;17.0000;10;0;10;0;0;0;
EBT;UF;3126109;4.0000;2;0;2;0;0;0;
EBT;UF;3127008;4.0000;2;0;2;0;0;0;
EBT;UF;3127107;18.0000;9;0;9;0;0;0;
EBT;UF;3127701;1633.5625;76;8;41;10;12;5;
EBT;UF;3128709;8.0000;1;0;0;1;0;0;
EBT;UF;3129509;2.0000;1;0;1;0;0;0;
EBT;UF;3129806;85.5000;15;3;10;0;2;0;
EBT;UF;3130101;2.0000;1;0;1;0;0;0;
EBT;UF;3130309;4.0000;2;0;2;0;0;0;
EBT;UF;3131307;776.5000;73;14;35;9;13;2;
EBT;UF;3131703;412.1875;43;14;22;4;1;2;
EBT;UF;3131901;8.8750;9;4;5;0;0;0;
EBT;UF;3132206;6.0000;3;0;3;0;0;0;
EBT;UF;3132404;323.9375;62;18;33;4;7;0;
EBT;UF;3133006;9.0000;5;0;5;0;0;0;
EBT;UF;3133600;1.0000;1;0;1;0;0;0;
EBT;UF;3133808;130.7500;24;2;14;7;1;0;
EBT;UF;3134103;0.2500;1;1;0;0;0;0;
EBT;UF;3134202;27.0000;15;2;13;0;0;0;
EBT;UF;3135209;2.0000;1;0;1;0;0;0;
EBT;UF;3135407;18.1250;6;1;4;1;0;0;
EBT;UF;3135506;2.0000;1;0;1;0;0;0;
EBT;UF;3136207;32.7500;28;12;15;1;0;0;
EBT;UF;3136306;62.0000;8;0;5;2;1;0;
EBT;UF;3136702;4555.0430;151;11;71;29;24;16;
EBT;UF;3137205;86.0000;8;0;3;3;2;0;
EBT;UF;3137601;86.7148;29;10;15;3;1;0;
EBT;UF;3138203;392.7500;60;16;30;10;2;2;
EBT;UF;3138401;189.0000;3;0;1;0;1;1;
EBT;UF;3138609;198.0000;5;0;1;0;3;1;
EBT;UF;3138807;2.0000;1;0;1;0;0;0;
EBT;UF;3139003;32.0000;1;0;0;0;1;0;
EBT;UF;3139607;32.0000;1;0;0;0;1;0;
EBT;UF;3140001;64.0000;2;0;0;0;2;0;
EBT;UF;3140803;105.0000;11;0;5;4;2;0;
EBT;UF;3140902;0.2500;1;1;0;0;0;0;
EBT;UF;3141405;38.0000;4;0;3;0;1;0;
EBT;UF;3143302;3335.8672;119;11;52;14;34;8;
EBT;UF;3143906;410.0000;8;0;2;1;3;2;
EBT;UF;3144805;872.7422;89;6;49;20;12;2;
EBT;UF;3145208;2.0000;1;0;1;0;0;0;
EBT;UF;3145604;10.2500;5;1;3;1;0;0;
EBT;UF;3145901;5.0000;3;0;3;0;0;0;
EBT;UF;3146107;12.5625;8;2;6;0;0;0;
EBT;UF;3146305;4.0000;2;0;2;0;0;0;
EBT;UF;3147006;61.2500;19;1;16;1;1;0;
EBT;UF;3147105;22.0625;12;1;10;1;0;0;
EBT;UF;3147402;200.0000;2;0;0;0;0;2;
EBT;UF;3147600;2.0000;1;0;1;0;0;0;
EBT;UF;3147907;200.7148;31;8;15;5;2;1;
EBT;UF;3148004;19.8750;12;5;6;1;0;0;
EBT;UF;3148103;4.0000;2;0;2;0;0;0;
EBT;UF;3149101;2.0000;1;0;1;0;0;0;
EBT;UF;3149309;76.8750;27;9;14;3;1;0;
EBT;UF;3149903;269.0000;8;0;5;1;0;2;
EBT;UF;3151206;485.5000;21;1;2;4;14;0;
EBT;UF;3151404;4.0000;2;0;2;0;0;0;
EBT;UF;3151800;243.5469;76;14;48;11;3;0;
EBT;UF;3152105;20.0000;2;0;0;2;0;0;
EBT;UF;3152501;317.6797;86;23;41;18;4;0;
EBT;UF;3154200;32.0000;1;0;0;0;1;0;
EBT;UF;3154606;166.9375;53;17;29;4;3;0;
EBT;UF;3155504;2.0000;1;0;1;0;0;0;
EBT;UF;3156007;0.2500;1;1;0;0;0;0;
EBT;UF;3156502;0.2500;1;1;0;0;0;0;
EBT;UF;3156700;21.7500;13;2;11;0;0;0;
EBT;UF;3157807;181.5898;51;14;29;5;3;0;
EBT;UF;3160405;2.0000;1;0;1;0;0;0;
EBT;UF;3160702;114.0000;4;0;2;1;0;1;
EBT;UF;3162104;18.0000;5;0;4;1;0;0;
EBT;UF;3162401;2.0000;1;0;1;0;0;0;
EBT;UF;3162500;402.4375;47;13;23;2;8;1;
EBT;UF;3162559;2.0000;1;0;1;0;0;0;
EBT;UF;3162708;2.0000;1;0;1;0;0;0;
EBT;UF;3162955;0.5000;2;2;0;0;0;0;
EBT;UF;3163706;67.5000;18;4;12;0;2;0;
EBT;UF;3164704;53.8750;42;15;27;0;0;0;
EBT;UF;3165701;64.0000;2;0;0;0;2;0;
EBT;UF;3166907;8.0000;1;0;0;1;0;0;
EBT;UF;3167202;265.8320;68;8;49;7;4;0;
EBT;UF;3168606;358.6797;35;4;17;5;9;0;
EBT;UF;3168705;625.0625;37;6;7;5;19;0;
EBT;UF;3169307;142.3750;44;20;19;2;3;0;
EBT;UF;3169356;2.0000;1;0;1;0;0;0;
EBT;UF;3169406;2.2500;2;1;1;0;0;0;
EBT;UF;3169901;178.0000;5;0;0;2;2;1;
EBT;UF;3170107;277.6836;103;25;66;10;2;0;
EBT;UF;3170206;5017.8242;351;81;167;55;24;24;
EBT;UF;3170404;159.5000;38;1;33;2;1;1;
EBT;UF;3170701;2635.9023;81;7;40;14;7;13;
EBT;UF;3170800;192.0000;6;0;0;0;6;0;
EBT;UF;3171006;2.0000;1;0;1;0;0;0;
EBT;UF;3171204;106.6797;38;5;26;5;2;0;
EBT;UF;3171303;76.2500;10;1;7;0;2;0;
EBT;UF;3172004;128.0000;4;0;0;0;4;0;
EBT;UF;3200102;2.0000;2;0;2;0;0;0;
EBT;UF;3200169;6.0000;3;0;3;0;0;0;
EBT;UF;3200201;44.0000;4;0;1;2;1;0;
EBT;UF;3200300;5.0625;4;1;3;0;0;0;
EBT;UF;3200409;44.0000;2;0;0;1;1;0;
EBT;UF;3200508;1.0000;1;0;1;0;0;0;
EBT;UF;3200607;53.5000;9;1;4;3;1;0;
EBT;UF;3200706;3.0000;2;0;2;0;0;0;
EBT;UF;3200805;90.0000;6;0;0;3;3;0;
EBT;UF;3200904;16.0000;3;0;1;2;0;0;
EBT;UF;3201159;4.0000;2;0;2;0;0;0;
EBT;UF;3201209;1553.7500;37;3;23;3;4;4;
EBT;UF;3201308;644.0000;69;6;42;15;2;4;
EBT;UF;3201506;1195.4375;43;5;27;6;2;3;
EBT;UF;3201902;4.6250;8;6;2;0;0;0;
EBT;UF;3202009;1.0000;1;0;1;0;0;0;
EBT;UF;3202108;2.0000;1;0;1;0;0;0;
EBT;UF;3202306;5.9375;8;5;3;0;0;0;
EBT;UF;3202405;632.5000;20;3;8;3;1;5;
EBT;UF;3202454;1.0000;1;0;1;0;0;0;
EBT;UF;3202504;175.1250;9;2;4;0;2;1;
EBT;UF;3202553;2.0000;1;0;1;0;0;0;
EBT;UF;3202603;2.0000;1;0;1;0;0;0;
EBT;UF;3202702;2.1250;3;1;2;0;0;0;
EBT;UF;3202801;103.6875;7;4;2;0;0;1;
EBT;UF;3202900;36.0000;2;0;1;0;1;0;
EBT;UF;3203106;6.0000;3;0;3;0;0;0;
EBT;UF;3203130;2.0000;1;0;1;0;0;0;
EBT;UF;3203163;1.1875;3;2;1;0;0;0;
EBT;UF;3203205;326.6250;30;6;15;5;2;2;
EBT;UF;3203304;6.0000;3;0;3;0;0;0;
EBT;UF;3203320;3.1875;7;5;2;0;0;0;
EBT;UF;3203346;20.0000;2;0;0;2;0;0;
EBT;UF;3203353;2.0000;1;0;1;0;0;0;
EBT;UF;3203502;10.0000;1;0;0;1;0;0;
EBT;UF;3203809;3.0000;2;0;2;0;0;0;
EBT;UF;3203908;4.0000;2;0;2;0;0;0;
EBT;UF;3204054;30.0000;6;0;3;3;0;0;
EBT;UF;3204104;96.0000;3;0;1;0;1;1;
EBT;UF;3204203;129.1250;4;2;1;0;0;1;
EBT;UF;3204302;6.0000;3;0;3;0;0;0;
EBT;UF;3204401;30.0000;2;0;0;1;1;0;
EBT;UF;3204500;1.2500;2;1;1;0;0;0;
EBT;UF;3204559;4.5625;4;2;2;0;0;0;
EBT;UF;3204609;49.0000;6;0;4;1;1;0;
EBT;UF;3204658;1.0000;1;0;1;0;0;0;
EBT;UF;3204708;4.0000;2;0;2;0;0;0;
EBT;UF;3204906;825.7500;24;3;6;4;6;5;
EBT;UF;3205002;2117.5000;163;25;70;46;13;9;
EBT;UF;3205010;2.0000;1;0;1;0;0;0;
EBT;UF;3205036;1.0000;1;0;1;0;0;0;
EBT;UF;3205069;110.1875;13;7;5;0;0;1;
EBT;UF;3205101;200.0625;18;1;8;7;1;1;
EBT;UF;3205200;2600.5000;90;10;35;29;7;9;
EBT;UF;3205309;40282.0859;192;21;31;59;23;58;
EBT;UF;3300100;1148.0000;23;4;12;4;2;1;
EBT;UF;3300209;27.0000;8;0;5;3;0;0;
EBT;UF;3300233;1.0000;1;0;1;0;0;0;
EBT;UF;3300258;2.0000;1;0;1;0;0;0;
EBT;UF;3300308;17.5000;8;4;3;1;0;0;
EBT;UF;3300407;44.2500;14;1;10;3;0;0;
EBT;UF;3300456;259.1250;39;5;29;2;1;2;
EBT;UF;3300506;1.0000;1;0;1;0;0;0;
EBT;UF;3300605;1.0000;1;0;1;0;0;0;
EBT;UF;3300704;33.5000;12;1;9;2;0;0;
EBT;UF;3300803;5.0000;3;0;3;0;0;0;
EBT;UF;3301009;5950.6250;65;15;31;8;4;7;
EBT;UF;3301108;5.2500;4;1;3;0;0;0;
EBT;UF;3301306;2.2500;2;1;1;0;0;0;
EBT;UF;3301702;4309.5625;124;15;63;17;6;23;
EBT;UF;3301801;1.0000;1;0;1;0;0;0;
EBT;UF;3301850;1.0000;1;0;1;0;0;0;
EBT;UF;3301900;2704.0000;18;2;11;3;0;2;
EBT;UF;3302007;64.5000;22;4;15;2;1;0;
EBT;UF;3302056;1.0000;1;0;1;0;0;0;
EBT;UF;3302106;1.0000;1;0;1;0;0;0;
EBT;UF;3302205;23.7500;14;2;12;0;0;0;
EBT;UF;3302254;239.2500;23;1;13;5;3;1;
EBT;UF;3302270;1.0000;1;0;1;0;0;0;
EBT;UF;3302403;6147.5000;250;12;101;99;24;14;
EBT;UF;3302502;7.7500;6;2;4;0;0;0;
EBT;UF;3302601;10.0000;1;0;0;1;0;0;
EBT;UF;3302700;6.0000;4;0;4;0;0;0;
EBT;UF;3302809;1.0000;1;0;1;0;0;0;
EBT;UF;3302858;55.6250;11;2;8;0;0;1;
EBT;UF;3303005;1.0000;1;0;1;0;0;0;
EBT;UF;3303104;1.0000;1;0;1;0;0;0;
EBT;UF;3303203;35.5000;24;6;18;0;0;0;
EBT;UF;3303302;3883.6563;286;21;210;28;18;9;
EBT;UF;3303401;19.2500;12;4;7;1;0;0;
EBT;UF;3303500;420.0430;67;8;48;9;0;2;
EBT;UF;3303609;1.2500;2;1;1;0;0;0;
EBT;UF;3303807;27.7500;8;2;4;2;0;0;
EBT;UF;3303856;1.0000;1;0;1;0;0;0;
EBT;UF;3303906;779.9883;65;7;44;8;4;2;
EBT;UF;3304003;4.5000;4;1;3;0;0;0;
EBT;UF;3304102;1.0000;1;0;1;0;0;0;
EBT;UF;3304110;1212.1250;40;7;13;10;1;9;
EBT;UF;3304144;12.5000;8;1;7;0;0;0;
EBT;UF;3304151;1.0000;1;0;1;0;0;0;
EBT;UF;3304201;644.7500;58;2;33;13;8;2;
EBT;UF;3304300;9.7500;8;2;6;0;0;0;
EBT;UF;3304524;248.7500;46;6;22;16;2;0;
EBT;UF;3304557;530966.747;7121;388;3749;1891;404;689;
EBT;UF;3304706;1.0000;1;0;1;0;0;0;
EBT;UF;3304755;1.0000;1;0;1;0;0;0;
EBT;UF;3304904;499.6250;102;18;67;14;0;3;
EBT;UF;3305000;70.2500;14;1;11;0;2;0;
EBT;UF;3305109;184.0625;48;5;35;7;0;1;
EBT;UF;3305208;24.5000;15;3;12;0;0;0;
EBT;UF;3305505;1.5000;2;1;1;0;0;0;
EBT;UF;3305554;501.5000;9;4;1;0;1;3;
EBT;UF;3305752;1.0000;1;0;1;0;0;0;
EBT;UF;3305802;8446.3750;22;2;12;1;1;6;
EBT;UF;3306008;239.5000;23;1;11;8;2;1;
EBT;UF;3306107;7.5000;5;1;4;0;0;0;
EBT;UF;3306206;1.0000;1;0;1;0;0;0;
EBT;UF;3306305;860.5000;43;5;20;6;7;5;
EBT;UF;3500105;155.0000;1;0;0;0;0;1;
EBT;UF;3501004;0.2500;1;1;0;0;0;0;
EBT;UF;3501152;2.0000;1;0;1;0;0;0;
EBT;UF;3501608;3457.7500;137;19;85;9;3;21;
EBT;UF;3501707;310.0000;2;0;0;0;0;2;
EBT;UF;3502101;1805.0000;5;0;2;0;0;3;
EBT;UF;3502507;2.0000;1;0;1;0;0;0;
EBT;UF;3502804;350.5000;11;1;5;3;0;2;
EBT;UF;3503000;2.5000;2;1;1;0;0;0;
EBT;UF;3503208;3717.0000;86;10;38;11;5;22;
EBT;UF;3503307;33.6875;24;7;17;0;0;0;
EBT;UF;3503901;17.2500;12;3;9;0;0;0;
EBT;UF;3504008;809.6250;14;3;3;3;0;5;
EBT;UF;3504107;23.5000;11;3;7;1;0;0;
EBT;UF;3505302;6.0000;3;0;3;0;0;0;
EBT;UF;3505500;668.0000;12;0;2;5;0;5;
EBT;UF;3505708;40626.7969;510;44;182;102;52;130;
EBT;UF;3505906;1.2598;3;2;1;0;0;0;
EBT;UF;3506003;12807.8867;212;11;74;46;11;70;
EBT;UF;3506102;1869.8750;44;9;16;5;3;11;
EBT;UF;3506359;3.5000;6;5;1;0;0;0;
EBT;UF;3506508;235.0000;2;0;0;0;0;2;
EBT;UF;3507001;265.0000;3;0;0;1;0;2;
EBT;UF;3507506;1345.4648;28;0;14;4;2;8;
EBT;UF;3507605;1551.5000;29;8;4;5;3;9;
EBT;UF;3507803;2.2500;2;1;1;0;0;0;
EBT;UF;3508207;2.5000;2;1;1;0;0;0;
EBT;UF;3508405;14.5000;5;1;3;1;0;0;
EBT;UF;3508504;129.2500;4;1;2;0;0;1;
EBT;UF;3508603;1335.0000;4;0;1;0;0;3;
EBT;UF;3509007;1.0000;1;0;1;0;0;0;
EBT;UF;3509205;1321.7539;63;12;26;18;2;5;
EBT;UF;3509254;155.2500;2;1;0;0;0;1;
EBT;UF;3509403;1.2500;2;1;1;0;0;0;
EBT;UF;3509502;41664.7383;628;55;283;104;34;152;
EBT;UF;3509700;25.6250;15;7;7;1;0;0;
EBT;UF;3510005;0.7500;2;2;0;0;0;0;
EBT;UF;3510500;342.0000;3;0;0;0;1;2;
EBT;UF;3511102;361.0000;10;0;4;4;0;2;
EBT;UF;3512803;6.0625;3;1;1;1;0;0;
EBT;UF;3513009;307.6250;39;9;22;5;1;2;
EBT;UF;3513504;948.1250;27;3;12;4;2;6;
EBT;UF;3513702;1.5625;6;6;0;0;0;0;
EBT;UF;3513801;3991.6211;294;42;192;33;4;23;
EBT;UF;3515186;2.2500;2;1;1;0;0;0;
EBT;UF;3516200;2580.4473;67;12;35;2;2;16;
EBT;UF;3516705;7.2500;5;1;4;0;0;0;
EBT;UF;3517406;1.2646;4;3;1;0;0;0;
EBT;UF;3517703;13.7686;10;3;7;0;0;0;
EBT;UF;3518305;155.0000;1;0;0;0;0;1;
EBT;UF;3518404;44.5625;29;5;24;0;0;0;
EBT;UF;3518701;1588.8398;84;15;55;9;2;3;
EBT;UF;3518800;2132.2773;447;85;300;44;9;9;
EBT;UF;3519071;9207.8750;70;4;15;7;8;36;
EBT;UF;3520103;0.5000;1;1;0;0;0;0;
EBT;UF;3520509;2529.5625;71;13;31;9;2;16;
EBT;UF;3521002;4.0000;2;0;2;0;0;0;
EBT;UF;3521309;4.7686;5;3;2;0;0;0;
EBT;UF;3522208;10.0000;1;0;0;1;0;0;
EBT;UF;3522307;755.0000;9;3;0;0;1;5;
EBT;UF;3522505;9.0000;2;0;1;1;0;0;
EBT;UF;3522604;0.5625;3;3;0;0;0;0;
EBT;UF;3523107;217.7500;24;10;7;5;1;1;
EBT;UF;3523909;3527.1250;76;8;34;13;4;17;
EBT;UF;3524006;0.1250;1;1;0;0;0;0;
EBT;UF;3524105;5.3750;7;4;3;0;0;0;
EBT;UF;3524303;175.2500;4;1;0;2;0;1;
EBT;UF;3524402;325.1875;99;14;74;10;0;1;
EBT;UF;3524709;963.2500;18;4;5;1;2;6;
EBT;UF;3525003;184.4648;6;0;2;3;0;1;
EBT;UF;3525102;5.2500;7;3;4;0;0;0;
EBT;UF;3525300;2863.0000;64;0;34;10;3;17;
EBT;UF;3525904;10231.0273;247;38;125;34;10;40;
EBT;UF;3526803;1642.0000;21;0;7;1;3;10;
EBT;UF;3526902;2471.6250;83;10;49;8;1;15;
EBT;UF;3527108;2448.5000;38;9;6;7;1;15;
EBT;UF;3527207;10.0000;5;0;5;0;0;0;
EBT;UF;3527306;364.2148;13;3;6;1;1;2;
EBT;UF;3528007;2048.0000;2;0;0;0;0;2;
EBT;UF;3528403;12.7500;8;2;6;0;0;0;
EBT;UF;3528502;4.7500;4;2;2;0;0;0;
EBT;UF;3529005;3534.6250;107;14;47;19;6;21;
EBT;UF;3529302;318.0000;3;0;0;1;0;2;
EBT;UF;3529401;1844.2148;142;29;84;16;2;11;
EBT;UF;3529708;3.7500;4;2;2;0;0;0;
EBT;UF;3530300;322.0000;4;0;1;1;0;2;
EBT;UF;3530508;3.0000;4;3;1;0;0;0;
EBT;UF;3530607;8005.4922;245;52;150;17;11;15;
EBT;UF;3530706;65.5000;36;6;29;1;0;0;
EBT;UF;3530805;186.0000;13;0;11;1;0;1;
EBT;UF;3531100;7.8750;7;3;4;0;0;0;
EBT;UF;3531902;3.2500;5;3;2;0;0;0;
EBT;UF;3533403;9.0000;7;2;5;0;0;0;
EBT;UF;3534401;6672.9473;128;11;51;34;8;24;
EBT;UF;3534609;155.2500;2;1;0;0;0;1;
EBT;UF;3534708;1619.5000;28;1;7;7;2;11;
EBT;UF;3536505;2.2500;2;1;1;0;0;0;
EBT;UF;3536703;1.0000;1;0;1;0;0;0;
EBT;UF;3537404;3.3125;6;5;1;0;0;0;
EBT;UF;3537602;2.0000;1;0;1;0;0;0;
EBT;UF;3538006;4246.1250;24;4;11;4;0;5;
EBT;UF;3538709;4274.4844;102;16;56;13;2;15;
EBT;UF;3539301;12.8125;9;3;6;0;0;0;
EBT;UF;3539806;1146.2500;40;1;0;1;32;6;
EBT;UF;3541000;20.3750;18;6;12;0;0;0;
EBT;UF;3541307;0.2500;1;1;0;0;0;0;
EBT;UF;3541406;3056.0625;79;7;37;10;7;18;
EBT;UF;3541505;16.0000;1;0;0;0;1;0;
EBT;UF;3542404;2.0000;1;0;1;0;0;0;
EBT;UF;3543303;18.7500;13;4;9;0;0;0;
EBT;UF;3543402;16178.3242;379;21;174;89;7;88;
EBT;UF;3543907;1668.8125;81;9;54;8;0;10;
EBT;UF;3544004;2.2500;4;3;1;0;0;0;
EBT;UF;3544103;7.2500;5;1;4;0;0;0;
EBT;UF;3544202;2.0000;1;0;1;0;0;0;
EBT;UF;3545209;649.4648;14;0;7;3;0;4;
EBT;UF;3545803;238.7500;35;2;29;3;0;1;
EBT;UF;3546306;2.0000;1;0;1;0;0;0;
EBT;UF;3546405;11.0000;3;2;0;1;0;0;
EBT;UF;3547304;7962.6250;44;3;16;9;3;13;
EBT;UF;3547809;15707.0195;399;81;209;50;5;54;
EBT;UF;3548500;11376.5859;329;27;175;68;12;47;
EBT;UF;3548708;13923.2813;595;168;280;52;32;63;
EBT;UF;3548807;7295.7070;159;25;89;22;9;14;
EBT;UF;3548906;3993.8398;46;2;16;15;0;13;
EBT;UF;3549409;4.1250;7;5;2;0;0;0;
EBT;UF;3549706;6.3125;5;2;3;0;0;0;
EBT;UF;3549805;5437.0000;83;0;14;34;5;30;
EBT;UF;3549904;8564.6094;324;49;180;59;8;28;
EBT;UF;3550100;2.2500;4;3;1;0;0;0;
EBT;UF;3550308;451415.265;10618;1059;4925;2575;509;1550;
EBT;UF;3550605;4.3750;7;5;2;0;0;0;
EBT;UF;3550704;8.0000;3;0;2;1;0;0;
EBT;UF;3551009;1955.8750;92;25;48;13;0;6;
EBT;UF;3551702;577.0000;6;0;1;1;0;4;
EBT;UF;3552205;14291.1797;299;21;133;48;17;80;
EBT;UF;3552403;65.0000;14;3;8;1;2;0;
EBT;UF;3552502;91.2500;24;7;16;0;0;1;
EBT;UF;3552809;6089.7500;31;2;13;7;1;8;
EBT;UF;3554102;2026.5625;132;23;77;15;4;13;
EBT;UF;3554508;9.0000;4;0;3;1;0;0;
EBT;UF;3555000;2.0000;1;0;1;0;0;0;
EBT;UF;3555406;0.5000;1;1;0;0;0;0;
EBT;UF;3556206;597.0000;35;8;17;5;1;4;
EBT;UF;3556404;0.5000;1;1;0;0;0;0;
EBT;UF;3556701;187.0000;2;0;0;0;1;1;
EBT;UF;3557006;649.2500;14;1;7;2;0;4;
EBT;UF;3557105;24.1250;6;2;2;2;0;0;
EBT;UF;3557303;0.2500;1;1;0;0;0;0;
EBT;UF;4100202;0.2500;1;1;0;0;0;0;
EBT;UF;4100301;0.2500;1;1;0;0;0;0;
EBT;UF;4100400;20.2500;13;7;4;2;0;0;
EBT;UF;4100509;1.0000;1;0;1;0;0;0;
EBT;UF;4100608;1.0000;1;0;1;0;0;0;
EBT;UF;4100707;1.2500;2;1;1;0;0;0;
EBT;UF;4100806;1.2500;2;1;1;0;0;0;
EBT;UF;4100905;0.5000;2;2;0;0;0;0;
EBT;UF;4101002;0.5000;1;1;0;0;0;0;
EBT;UF;4101101;10.5000;7;1;6;0;0;0;
EBT;UF;4101408;127.1875;26;3;16;6;1;0;
EBT;UF;4101507;2111.5000;14;2;4;6;0;2;
EBT;UF;4101606;1.0000;1;0;1;0;0;0;
EBT;UF;4101705;1.0000;1;0;1;0;0;0;
EBT;UF;4101804;611.4375;108;34;57;13;2;2;
EBT;UF;4101903;1.0000;1;0;1;0;0;0;
EBT;UF;4102000;1.0000;1;0;1;0;0;0;
EBT;UF;4102109;1.0000;1;0;1;0;0;0;
EBT;UF;4102307;10.5000;7;1;6;0;0;0;
EBT;UF;4102406;21.1875;7;5;0;2;0;0;
EBT;UF;4102505;1.0000;1;0;1;0;0;0;
EBT;UF;4102802;5.2500;4;1;3;0;0;0;
EBT;UF;4102901;1.0000;1;0;1;0;0;0;
EBT;UF;4103057;0.2500;1;1;0;0;0;0;
EBT;UF;4103206;0.2500;1;1;0;0;0;0;
EBT;UF;4103354;0.2500;1;1;0;0;0;0;
EBT;UF;4103503;0.2500;1;1;0;0;0;0;
EBT;UF;4103602;2.0000;1;0;1;0;0;0;
EBT;UF;4103701;51.6875;45;19;25;1;0;0;
EBT;UF;4103800;0.5000;2;2;0;0;0;0;
EBT;UF;4104006;2.2500;3;1;2;0;0;0;
EBT;UF;4104105;0.2500;1;1;0;0;0;0;
EBT;UF;4104204;94.7500;24;3;12;9;0;0;
EBT;UF;4104253;4.2500;4;1;3;0;0;0;
EBT;UF;4104303;1.0000;1;0;1;0;0;0;
EBT;UF;4104428;9.2500;3;1;1;1;0;0;
EBT;UF;4104501;1.2500;2;1;1;0;0;0;
EBT;UF;4104659;1.4375;4;3;1;0;0;0;
EBT;UF;4104709;2.0000;1;0;1;0;0;0;
EBT;UF;4104808;335.9375;127;43;67;14;3;0;
EBT;UF;4104907;12.5625;28;23;5;0;0;0;
EBT;UF;4105003;0.2500;1;1;0;0;0;0;
EBT;UF;4105102;1.0000;1;0;1;0;0;0;
EBT;UF;4105409;3.1250;3;1;2;0;0;0;
EBT;UF;4105508;82.1250;30;10;15;5;0;0;
EBT;UF;4105607;0.2500;1;1;0;0;0;0;
EBT;UF;4105706;1.0000;1;0;1;0;0;0;
EBT;UF;4105805;217.5625;40;16;20;2;1;1;
EBT;UF;4106001;0.2500;1;1;0;0;0;0;
EBT;UF;4106209;1.0000;1;0;1;0;0;0;
EBT;UF;4106308;1.0000;1;0;1;0;0;0;
EBT;UF;4106407;50.2500;5;1;1;2;1;0;
EBT;UF;4106506;1.5625;4;3;1;0;0;0;
EBT;UF;4106605;1.0000;1;0;1;0;0;0;
EBT;UF;4106704;0.2500;1;1;0;0;0;0;
EBT;UF;4106902;28063.3281;1634;277;801;359;126;71;
EBT;UF;4107009;2.0000;2;0;2;0;0;0;
EBT;UF;4107108;0.5000;2;2;0;0;0;0;
EBT;UF;4107207;14.2500;6;2;3;1;0;0;
EBT;UF;4107256;12.7500;3;2;0;1;0;0;
EBT;UF;4107306;0.5000;2;2;0;0;0;0;
EBT;UF;4107405;0.2500;1;1;0;0;0;0;
EBT;UF;4107538;1.0000;1;0;1;0;0;0;
EBT;UF;4107603;1.0000;1;0;1;0;0;0;
EBT;UF;4107652;348.9375;13;5;4;1;1;2;
EBT;UF;4107702;0.2500;1;1;0;0;0;0;
EBT;UF;4107736;6.0000;2;0;1;1;0;0;
EBT;UF;4107801;2.5000;3;2;1;0;0;0;
EBT;UF;4107900;2.2500;2;1;1;0;0;0;
EBT;UF;4108007;1.5000;3;2;1;0;0;0;
EBT;UF;4108106;0.2500;1;1;0;0;0;0;
EBT;UF;4108205;1.2500;2;1;1;0;0;0;
EBT;UF;4108304;659.5000;137;52;76;6;1;2;
EBT;UF;4108320;0.2500;1;1;0;0;0;0;
EBT;UF;4108403;25.0625;17;8;8;1;0;0;
EBT;UF;4108452;0.0625;1;1;0;0;0;0;
EBT;UF;4108502;2.0000;1;0;1;0;0;0;
EBT;UF;4108551;0.2500;1;1;0;0;0;0;
EBT;UF;4108601;5.3125;8;5;3;0;0;0;
EBT;UF;4108700;1.0000;1;0;1;0;0;0;
EBT;UF;4108809;17.0000;11;2;9;0;0;0;
EBT;UF;4109302;1.0000;1;0;1;0;0;0;
EBT;UF;4109401;34.7500;18;5;11;2;0;0;
EBT;UF;4109500;2.5000;3;2;1;0;0;0;
EBT;UF;4109609;9.0000;5;0;5;0;0;0;
EBT;UF;4109708;1.0000;1;0;1;0;0;0;
EBT;UF;4109807;14.8750;22;13;9;0;0;0;
EBT;UF;4110201;0.2500;1;1;0;0;0;0;
EBT;UF;4110607;1.0000;1;0;1;0;0;0;
EBT;UF;4110706;10.6875;24;21;3;0;0;0;
EBT;UF;4110904;0.2500;1;1;0;0;0;0;
EBT;UF;4110953;1.0000;1;0;1;0;0;0;
EBT;UF;4111407;0.2500;1;1;0;0;0;0;
EBT;UF;4111506;3.2500;3;1;2;0;0;0;
EBT;UF;4111803;6.5000;7;4;3;0;0;0;
EBT;UF;4112009;1.0000;1;0;1;0;0;0;
EBT;UF;4112108;2.3750;4;3;1;0;0;0;
EBT;UF;4112504;1.0000;1;0;1;0;0;0;
EBT;UF;4112702;1.2500;2;1;1;0;0;0;
EBT;UF;4112801;1.0000;1;0;1;0;0;0;
EBT;UF;4113205;1.0625;2;1;1;0;0;0;
EBT;UF;4113304;2.7500;4;2;2;0;0;0;
EBT;UF;4113502;1.0000;1;0;1;0;0;0;
EBT;UF;4113601;14.0000;4;0;3;1;0;0;
EBT;UF;4113700;6274.8750;286;85;118;57;13;13;
EBT;UF;4113734;0.2500;1;1;0;0;0;0;
EBT;UF;4113809;1.0000;1;0;1;0;0;0;
EBT;UF;4114005;1.0000;1;0;1;0;0;0;
EBT;UF;4114104;4.2500;5;3;2;0;0;0;
EBT;UF;4114203;19.5000;8;4;3;1;0;0;
EBT;UF;4114302;0.2500;1;1;0;0;0;0;
EBT;UF;4114351;0.2500;1;1;0;0;0;0;
EBT;UF;4114401;1.0000;1;0;1;0;0;0;
EBT;UF;4114500;1.2500;2;1;1;0;0;0;
EBT;UF;4114609;0.5000;1;1;0;0;0;0;
EBT;UF;4114807;12.2500;8;3;4;1;0;0;
EBT;UF;4114906;1.0000;1;0;1;0;0;0;
EBT;UF;4115101;0.2500;1;1;0;0;0;0;
EBT;UF;4115200;2172.5000;258;70;124;58;3;3;
EBT;UF;4115309;0.2500;1;1;0;0;0;0;
EBT;UF;4115358;1.0000;1;0;1;0;0;0;
EBT;UF;4115606;3.2500;3;1;2;0;0;0;
EBT;UF;4115705;5.0000;3;0;3;0;0;0;
EBT;UF;4115804;1.2500;2;1;1;0;0;0;
EBT;UF;4116208;1.0000;1;0;1;0;0;0;
EBT;UF;4116703;1.0000;1;0;1;0;0;0;
EBT;UF;4116901;2.3750;5;4;1;0;0;0;
EBT;UF;4117008;0.2500;1;1;0;0;0;0;
EBT;UF;4117107;1.0000;1;0;1;0;0;0;
EBT;UF;4117206;0.2500;1;1;0;0;0;0;
EBT;UF;4117271;0.2500;1;1;0;0;0;0;
EBT;UF;4117503;5.3750;5;2;3;0;0;0;
EBT;UF;4117602;3.5000;3;1;2;0;0;0;
EBT;UF;4117701;1.0000;1;0;1;0;0;0;
EBT;UF;4117909;7.5000;6;2;4;0;0;0;
EBT;UF;4118204;387.0000;87;18;54;13;1;1;
EBT;UF;4118402;72.6875;39;18;20;0;1;0;
EBT;UF;4118451;0.2500;1;1;0;0;0;0;
EBT;UF;4118501;65.0625;27;7;18;1;1;0;
EBT;UF;4118600;0.2500;1;1;0;0;0;0;
EBT;UF;4118709;0.2500;1;1;0;0;0;0;
EBT;UF;4118907;1.0000;1;0;1;0;0;0;
EBT;UF;4119152;226.2500;43;3;26;10;4;0;
EBT;UF;4119202;0.2500;1;1;0;0;0;0;
EBT;UF;4119301;3.5625;5;3;2;0;0;0;
EBT;UF;4119400;2.0000;1;0;1;0;0;0;
EBT;UF;4119509;11.0625;9;3;6;0;0;0;
EBT;UF;4119608;1.0000;1;0;1;0;0;0;
EBT;UF;4119707;0.2500;1;1;0;0;0;0;
EBT;UF;4119806;1.0000;1;0;1;0;0;0;
EBT;UF;4119905;437.8750;129;47;60;19;2;1;
EBT;UF;4119954;25.2500;7;1;5;0;1;0;
EBT;UF;4120002;1.0000;1;0;1;0;0;0;
EBT;UF;4120101;0.5000;2;2;0;0;0;0;
EBT;UF;4120309;0.2500;1;1;0;0;0;0;
EBT;UF;4120606;3.2500;3;1;2;0;0;0;
EBT;UF;4120705;0.5000;2;2;0;0;0;0;
EBT;UF;4120804;413.2500;25;6;11;4;2;2;
EBT;UF;4120853;1.0000;1;0;1;0;0;0;
EBT;UF;4120903;1.0000;1;0;1;0;0;0;
EBT;UF;4121307;0.2500;1;1;0;0;0;0;
EBT;UF;4121406;1.2500;2;1;1;0;0;0;
EBT;UF;4121505;1.0000;1;0;1;0;0;0;
EBT;UF;4121604;0.2500;1;1;0;0;0;0;
EBT;UF;4121703;1.0000;1;0;1;0;0;0;
EBT;UF;4121901;1.0000;1;0;1;0;0;0;
EBT;UF;4122008;1.0000;1;0;1;0;0;0;
EBT;UF;4122206;1.7500;3;2;1;0;0;0;
EBT;UF;4122305;10.6250;17;12;5;0;0;0;
EBT;UF;4122404;59.7500;25;3;20;2;0;0;
EBT;UF;4122701;0.2500;1;1;0;0;0;0;
EBT;UF;4122800;0.2500;1;1;0;0;0;0;
EBT;UF;4123204;1.0000;1;0;1;0;0;0;
EBT;UF;4123501;2.0000;2;0;2;0;0;0;
EBT;UF;4123709;1.0000;1;0;1;0;0;0;
EBT;UF;4123808;1.0000;1;0;1;0;0;0;
EBT;UF;4123907;1.2500;2;1;1;0;0;0;
EBT;UF;4124020;1.0000;1;0;1;0;0;0;
EBT;UF;4124053;1.0625;2;1;1;0;0;0;
EBT;UF;4124103;5.0625;4;1;3;0;0;0;
EBT;UF;4124301;0.2500;1;1;0;0;0;0;
EBT;UF;4124400;1.0000;1;0;1;0;0;0;
EBT;UF;4124509;2.2500;3;1;2;0;0;0;
EBT;UF;4124608;0.2500;1;1;0;0;0;0;
EBT;UF;4124707;1.2500;2;1;1;0;0;0;
EBT;UF;4124905;0.2500;1;1;0;0;0;0;
EBT;UF;4125001;2.0000;2;0;2;0;0;0;
EBT;UF;4125357;0.2500;1;1;0;0;0;0;
EBT;UF;4125456;0.2500;1;1;0;0;0;0;
EBT;UF;4125506;23150.4375;271;56;158;43;3;11;
EBT;UF;4125605;1.5000;2;1;1;0;0;0;
EBT;UF;4125704;19.0000;4;2;1;0;1;0;
EBT;UF;4126009;0.5000;2;2;0;0;0;0;
EBT;UF;4126207;0.2500;1;1;0;0;0;0;
EBT;UF;4126256;14.0000;17;10;7;0;0;0;
EBT;UF;4126306;1.0000;1;0;1;0;0;0;
EBT;UF;4126504;1.0000;1;0;1;0;0;0;
EBT;UF;4126603;1.0000;1;0;1;0;0;0;
EBT;UF;4126678;1.2500;2;1;1;0;0;0;
EBT;UF;4126801;1.0000;1;0;1;0;0;0;
EBT;UF;4126900;0.2500;1;1;0;0;0;0;
EBT;UF;4127007;1.5000;3;2;1;0;0;0;
EBT;UF;4127106;11.0000;6;0;6;0;0;0;
EBT;UF;4127403;1.0000;1;0;1;0;0;0;
EBT;UF;4127502;1.0000;1;0;1;0;0;0;
EBT;UF;4127700;84.6250;27;10;9;8;0;0;
EBT;UF;4127809;1.2500;2;1;1;0;0;0;
EBT;UF;4128104;183.3750;34;6;17;9;1;1;
EBT;UF;4128203;17.0000;9;0;9;0;0;0;
EBT;UF;4128401;1.0000;1;0;1;0;0;0;
EBT;UF;4128500;2.5000;3;1;2;0;0;0;
EBT;UF;4128708;2.5000;3;2;1;0;0;0;
EBT;UF;4128807;0.2500;1;1;0;0;0;0;
EBT;UF;4200101;1.3750;3;2;1;0;0;0;
EBT;UF;4201307;89.5625;24;3;12;9;0;0;
EBT;UF;4201703;0.2500;1;1;0;0;0;0;
EBT;UF;4202008;218.2500;32;1;14;16;0;1;
EBT;UF;4202073;1.0000;1;0;1;0;0;0;
EBT;UF;4202305;107.9375;45;24;15;4;2;0;
EBT;UF;4202404;3035.9375;226;48;92;64;14;8;
EBT;UF;4202602;5.3750;4;2;1;1;0;0;
EBT;UF;4202909;673.1250;57;8;22;21;2;4;
EBT;UF;4203006;136.8750;12;5;2;4;0;1;
EBT;UF;4203204;30.1250;20;8;10;2;0;0;
EBT;UF;4203600;2.0000;1;0;1;0;0;0;
EBT;UF;4203956;16.7500;6;2;3;1;0;0;
EBT;UF;4204202;612.3125;69;20;28;14;4;3;
EBT;UF;4204251;78.0000;8;3;2;1;2;0;
EBT;UF;4204301;811.5000;14;1;1;5;2;5;
EBT;UF;4204350;0.6875;4;4;0;0;0;0;
EBT;UF;4204509;3.6250;5;3;2;0;0;0;
EBT;UF;4204558;5.0000;3;2;0;1;0;0;
EBT;UF;4204608;402.7500;58;17;15;23;2;1;
EBT;UF;4204806;30.0000;3;0;0;3;0;0;
EBT;UF;4205191;10.0000;1;0;0;1;0;0;
EBT;UF;4205407;7154.5469;322;51;107;120;27;17;
EBT;UF;4205506;5.0000;11;9;2;0;0;0;
EBT;UF;4205704;17.1250;11;5;5;1;0;0;
EBT;UF;4205803;8.0000;2;0;0;2;0;0;
EBT;UF;4205902;99.8750;25;12;5;6;2;0;
EBT;UF;4206504;202.2500;29;6;16;5;1;1;
EBT;UF;4206702;3.1250;4;3;1;0;0;0;
EBT;UF;4207007;39.3125;11;4;4;3;0;0;
EBT;UF;4207106;1.2500;2;1;1;0;0;0;
EBT;UF;4207304;4.0000;2;0;2;0;0;0;
EBT;UF;4207502;266.5625;38;2;20;15;0;1;
EBT;UF;4208203;2090.1250;262;22;128;96;8;8;
EBT;UF;4208302;0.5000;1;1;0;0;0;0;
EBT;UF;4208807;1.2500;2;1;1;0;0;0;
EBT;UF;4208906;418.6875;58;10;32;13;2;1;
EBT;UF;4209003;124.5000;19;1;9;7;2;0;
EBT;UF;4209102;2023.0508;330;69;147;100;9;5;
EBT;UF;4209300;201.7500;48;13;16;19;0;0;
EBT;UF;4209706;1.2500;2;1;1;0;0;0;
EBT;UF;4210035;4.2500;4;1;3;0;0;0;
EBT;UF;4210100;12.9375;20;15;5;0;0;0;
EBT;UF;4210209;3.2500;3;1;2;0;0;0;
EBT;UF;4210605;3.5625;5;3;2;0;0;0;
EBT;UF;4211306;240.8125;46;6;19;17;4;0;
EBT;UF;4211454;1.0000;1;0;1;0;0;0;
EBT;UF;4211603;4.2500;5;1;4;0;0;0;
EBT;UF;4211702;2.5000;5;4;1;0;0;0;
EBT;UF;4211900;548.0625;74;15;37;18;3;1;
EBT;UF;4213005;0.3125;3;3;0;0;0;0;
EBT;UF;4213203;25.5000;5;2;1;1;1;0;
EBT;UF;4214706;2.2500;2;1;1;0;0;0;
EBT;UF;4214805;302.2500;62;15;23;23;1;0;
EBT;UF;4215000;40.0000;4;0;2;0;2;0;
EBT;UF;4215109;102.7500;4;2;1;0;0;1;
EBT;UF;4215455;1.0000;1;0;1;0;0;0;
EBT;UF;4215802;257.5625;93;34;43;15;1;0;
EBT;UF;4216107;3.2500;3;1;2;0;0;0;
EBT;UF;4216206;322.4375;29;7;7;10;3;2;
EBT;UF;4216255;1.0000;1;0;1;0;0;0;
EBT;UF;4216602;498.7500;88;14;33;37;4;0;
EBT;UF;4216909;41.7500;7;3;2;1;1;0;
EBT;UF;4217006;2.5000;2;1;1;0;0;0;
EBT;UF;4217402;127.5000;7;2;2;1;1;1;
EBT;UF;4217709;216.0000;4;0;0;1;0;3;
EBT;UF;4218202;142.5000;16;1;11;3;0;1;
EBT;UF;4218707;267.0625;16;1;7;7;0;1;
EBT;UF;4218806;14.0000;3;0;2;1;0;0;
EBT;UF;4219309;43.2500;22;12;7;2;1;0;
EBT;UF;4219507;9.7500;13;7;6;0;0;0;
EBT;UF;4219705;68.6250;9;4;2;1;2;0;
EBT;UF;4300406;58.3125;34;20;5;9;0;0;
EBT;UF;4300604;148.0000;31;9;12;8;2;0;
EBT;UF;4301008;2.5000;3;1;2;0;0;0;
EBT;UF;4301206;1.0000;1;0;1;0;0;0;
EBT;UF;4301552;1.2500;2;1;1;0;0;0;
EBT;UF;4301602;522.1250;40;9;10;13;6;2;
EBT;UF;4302105;1169.7500;134;10;54;58;9;3;
EBT;UF;4302204;1.0000;1;0;1;0;0;0;
EBT;UF;4302352;2.5000;3;1;2;0;0;0;
EBT;UF;4302808;1.0000;1;0;1;0;0;0;
EBT;UF;4302907;0.6250;2;2;0;0;0;0;
EBT;UF;4303004;22.9375;23;13;9;1;0;0;
EBT;UF;4303103;449.7500;63;7;20;30;6;0;
EBT;UF;4303509;257.6250;29;6;10;11;1;1;
EBT;UF;4303806;2.5000;4;2;2;0;0;0;
EBT;UF;4303905;974.4375;74;15;29;20;5;5;
EBT;UF;4304408;22.6875;16;10;4;2;0;0;
EBT;UF;4304507;2.5000;3;1;2;0;0;0;
EBT;UF;4304606;1241.3750;152;38;48;51;12;3;
EBT;UF;4304630;10610.5625;12;4;1;4;1;2;
EBT;UF;4304663;8.2500;6;3;2;1;0;0;
EBT;UF;4304705;44.5625;27;15;8;4;0;0;
EBT;UF;4304804;112.1875;14;5;4;2;3;0;
EBT;UF;4304903;3.7500;6;3;3;0;0;0;
EBT;UF;4305108;4067.6250;415;76;173;137;22;7;
EBT;UF;4305207;3.0000;3;0;3;0;0;0;
EBT;UF;4305439;1.0000;1;0;1;0;0;0;
EBT;UF;4305801;0.2500;1;1;0;0;0;0;
EBT;UF;4305975;2.0000;1;0;1;0;0;0;
EBT;UF;4306056;1.0000;1;0;1;0;0;0;
EBT;UF;4306106;1222.9375;45;21;17;4;1;2;
EBT;UF;4306205;2.5625;4;2;2;0;0;0;
EBT;UF;4306403;0.5000;2;2;0;0;0;0;
EBT;UF;4306601;6.0000;1;0;0;1;0;0;
EBT;UF;4306767;426.1250;40;4;13;18;3;2;
EBT;UF;4307005;698.3125;48;2;20;17;8;1;
EBT;UF;4307559;373.5000;6;1;1;0;1;3;
EBT;UF;4307609;51.7500;21;5;11;5;0;0;
EBT;UF;4307708;82.6875;38;20;10;8;0;0;
EBT;UF;4307807;28.7500;13;6;5;2;0;0;
EBT;UF;4307906;925.1133;66;2;23;30;10;1;
EBT;UF;4308102;3.0000;3;0;3;0;0;0;
EBT;UF;4308508;4.7500;7;3;4;0;0;0;
EBT;UF;4308607;222.1875;54;9;29;14;2;0;
EBT;UF;4308904;25.5000;9;4;2;3;0;0;
EBT;UF;4309001;2.6875;6;4;2;0;0;0;
EBT;UF;4309050;10.6250;4;2;1;1;0;0;
EBT;UF;4309100;77.2500;25;11;10;3;1;0;
EBT;UF;4309209;424.5625;112;39;29;41;3;0;
EBT;UF;4309308;112.1875;26;13;6;5;2;0;
EBT;UF;4309407;5.0000;6;3;3;0;0;0;
EBT;UF;4309605;5.8750;11;7;4;0;0;0;
EBT;UF;4310108;14.7500;14;10;1;3;0;0;
EBT;UF;4310207;114.0625;15;3;4;6;2;0;
EBT;UF;4310330;2.1250;5;4;1;0;0;0;
EBT;UF;4310801;14.8750;11;7;3;1;0;0;
EBT;UF;4311007;8.4375;7;3;3;1;0;0;
EBT;UF;4311205;2.2500;3;1;2;0;0;0;
EBT;UF;4311403;1079.3125;22;7;9;5;0;1;
EBT;UF;4311809;15.5625;13;9;3;1;0;0;
EBT;UF;4312401;41.0625;25;15;5;5;0;0;
EBT;UF;4312500;1.0000;1;0;1;0;0;0;
EBT;UF;4312906;6.2500;4;1;2;1;0;0;
EBT;UF;4313201;19.6875;9;6;1;2;0;0;
EBT;UF;4313300;8.5625;11;6;5;0;0;0;
EBT;UF;4313409;702.3125;127;20;51;47;9;0;
EBT;UF;4313508;43.2500;25;16;5;4;0;0;
EBT;UF;4313706;7.5625;10;5;5;0;0;0;
EBT;UF;4313904;41.0625;29;18;8;3;0;0;
EBT;UF;4314050;13.9375;18;12;6;0;0;0;
EBT;UF;4314100;1051.8750;95;18;40;23;11;3;
EBT;UF;4314308;0.2500;1;1;0;0;0;0;
EBT;UF;4314407;2217.9375;83;22;32;19;6;4;
EBT;UF;4314506;4.0000;1;0;0;1;0;0;
EBT;UF;4314803;11.2500;7;4;2;1;0;0;
EBT;UF;4314902;42955.6133;969;98;268;403;126;74;
EBT;UF;4315206;2.0000;2;0;2;0;0;0;
EBT;UF;4315305;1.0000;1;0;1;0;0;0;
EBT;UF;4315503;1.0000;1;0;1;0;0;0;
EBT;UF;4315602;468.2500;84;29;25;23;5;2;
EBT;UF;4315701;3.3750;6;4;2;0;0;0;
EBT;UF;4315800;1.0000;1;0;1;0;0;0;
EBT;UF;4316006;1.0000;1;0;1;0;0;0;
EBT;UF;4316402;11.8750;10;6;3;1;0;0;
EBT;UF;4316501;0.3125;2;2;0;0;0;0;
EBT;UF;4316808;2576.3125;42;13;6;16;3;4;
EBT;UF;4316907;1815.1250;130;55;44;25;2;4;
EBT;UF;4317103;128.3125;15;2;6;5;1;1;
EBT;UF;4317202;5.0000;4;0;4;0;0;0;
EBT;UF;4317400;14.4375;11;6;4;1;0;0;
EBT;UF;4317509;26.2500;5;1;0;4;0;0;
EBT;UF;4317608;11.2500;8;5;2;1;0;0;
EBT;UF;4317905;1.0000;1;0;1;0;0;0;
EBT;UF;4318002;2.0000;1;0;1;0;0;0;
EBT;UF;4318101;1.5000;3;2;1;0;0;0;
EBT;UF;4318200;1.7500;3;2;1;0;0;0;
EBT;UF;4318309;2.0000;2;0;2;0;0;0;
EBT;UF;4318507;0.2500;1;1;0;0;0;0;
EBT;UF;4318705;1191.5625;91;28;29;26;5;3;
EBT;UF;4318804;2.4375;5;3;2;0;0;0;
EBT;UF;4319406;3.0000;5;3;2;0;0;0;
EBT;UF;4319505;21.5625;10;5;2;3;0;0;
EBT;UF;4319802;1.5000;3;2;1;0;0;0;
EBT;UF;4319901;95.5000;17;1;8;7;1;0;
EBT;UF;4320008;153.1875;44;17;14;12;1;0;
EBT;UF;4320107;47.5625;12;8;2;1;1;0;
EBT;UF;4320206;0.2500;1;1;0;0;0;0;
EBT;UF;4320404;4.0625;4;1;3;0;0;0;
EBT;UF;4320701;1.0000;1;0;1;0;0;0;
EBT;UF;4320800;2.0000;2;0;2;0;0;0;
EBT;UF;4320909;1.0000;1;0;1;0;0;0;
EBT;UF;4321204;20.5000;16;8;7;1;0;0;
EBT;UF;4321451;524.9375;20;12;2;1;2;3;
EBT;UF;4321501;19.3750;21;16;3;2;0;0;
EBT;UF;4321600;22.4375;22;16;4;2;0;0;
EBT;UF;4321709;2.7500;4;2;2;0;0;0;
EBT;UF;4321808;1.0000;1;0;1;0;0;0;
EBT;UF;4322004;34.0000;2;0;1;0;1;0;
EBT;UF;4322400;454.1250;31;6;10;9;4;2;
EBT;UF;4322509;269.6250;34;3;14;16;0;1;
EBT;UF;4322608;14.7500;11;6;4;1;0;0;
EBT;UF;4322806;1.0000;1;0;1;0;0;0;
EBT;UF;4323002;80.3750;22;11;6;3;2;0;
EBT;UF;4323408;1.2500;2;1;1;0;0;0;
EBT;UF;4323804;2.8750;10;9;1;0;0;0;
EBT;UF;5000203;86.0000;12;0;3;8;1;0;
EBT;UF;5002704;6080.4375;465;94;161;160;29;21;
EBT;UF;5002902;0.5000;1;1;0;0;0;0;
EBT;UF;5002951;0.0625;1;1;0;0;0;0;
EBT;UF;5003207;72.0000;12;0;8;3;0;1;
EBT;UF;5003306;2.0000;1;0;1;0;0;0;
EBT;UF;5003702;1077.7500;45;6;14;20;2;3;
EBT;UF;5003751;1.0000;1;0;1;0;0;0;
EBT;UF;5004502;5.2500;5;3;2;0;0;0;
EBT;UF;5005202;4.0000;2;0;2;0;0;0;
EBT;UF;5005400;142.5000;7;1;1;3;1;1;
EBT;UF;5005707;4.0000;2;0;2;0;0;0;
EBT;UF;5006002;1.0000;1;0;1;0;0;0;
EBT;UF;5006309;4.0000;2;0;2;0;0;0;
EBT;UF;5006606;4.0000;2;0;2;0;0;0;
EBT;UF;5007109;39.0000;8;0;1;7;0;0;
EBT;UF;5007208;2.0000;1;0;1;0;0;0;
EBT;UF;5007695;1.0000;2;2;0;0;0;0;
EBT;UF;5007703;1.0000;1;0;1;0;0;0;
EBT;UF;5007901;241.5000;11;1;2;3;4;1;
EBT;UF;5008008;2.0000;1;0;1;0;0;0;
EBT;UF;5008305;498.0000;47;0;13;29;4;1;
EBT;UF;5100250;6.5000;4;1;3;0;0;0;
EBT;UF;5100300;0.5000;1;1;0;0;0;0;
EBT;UF;5100805;1.0000;1;0;1;0;0;0;
EBT;UF;5101803;4.5000;3;1;2;0;0;0;
EBT;UF;5102504;165.5000;53;13;30;9;1;0;
EBT;UF;5102678;1.0000;1;0;1;0;0;0;
EBT;UF;5103056;1.0000;1;0;1;0;0;0;
EBT;UF;5103353;1.0000;1;0;1;0;0;0;
EBT;UF;5103403;29943.8125;959;150;534;155;70;50;
EBT;UF;5103502;2.5000;2;1;1;0;0;0;
EBT;UF;5104104;0.5000;1;1;0;0;0;0;
EBT;UF;5105002;94.2500;10;1;3;3;3;0;
EBT;UF;5105150;2.0000;1;0;1;0;0;0;
EBT;UF;5105259;1684.3750;173;37;85;30;11;10;
EBT;UF;5105622;103.5000;20;3;14;1;2;0;
EBT;UF;5105903;0.5000;1;1;0;0;0;0;
EBT;UF;5106224;729.7500;104;18;57;19;7;3;
EBT;UF;5106752;319.3750;64;21;33;5;4;1;
EBT;UF;5107065;0.5000;1;1;0;0;0;0;
EBT;UF;5107180;0.5000;1;1;0;0;0;0;
EBT;UF;5107198;0.5625;2;2;0;0;0;0;
EBT;UF;5107602;2144.1250;241;27;136;53;13;12;
EBT;UF;5107800;1.0000;1;0;1;0;0;0;
EBT;UF;5107859;1.0000;1;0;1;0;0;0;
EBT;UF;5107909;7862.6250;247;22;157;41;8;19;
EBT;UF;5107925;901.5000;142;21;82;31;4;4;
EBT;UF;5107958;4.8750;7;5;2;0;0;0;
EBT;UF;5108402;769.1875;152;25;83;37;6;1;
EBT;UF;5108600;0.2500;1;1;0;0;0;0;
EBT;UF;5200050;2.0000;1;0;1;0;0;0;
EBT;UF;5200258;10.7500;10;2;8;0;0;0;
EBT;UF;5200308;6.0000;9;6;3;0;0;0;
EBT;UF;5200605;0.2500;1;1;0;0;0;0;
EBT;UF;5200803;0.2500;1;1;0;0;0;0;
EBT;UF;5201108;2421.3750;244;28;87;112;10;7;
EBT;UF;5201405;488.3750;211;44;139;28;0;0;
EBT;UF;5202601;0.2500;1;1;0;0;0;0;
EBT;UF;5203203;1.0000;1;0;1;0;0;0;
EBT;UF;5204003;0.2500;1;1;0;0;0;0;
EBT;UF;5204508;25.0000;6;2;2;2;0;0;
EBT;UF;5204706;6.0000;6;3;3;0;0;0;
EBT;UF;5204805;0.2500;1;1;0;0;0;0;
EBT;UF;5205109;270.3750;38;6;18;8;5;1;
EBT;UF;5205406;0.0625;1;1;0;0;0;0;
EBT;UF;5205455;0.2500;1;1;0;0;0;0;
EBT;UF;5205497;0.5000;1;1;0;0;0;0;
EBT;UF;5205513;0.7500;2;2;0;0;0;0;
EBT;UF;5205802;0.2500;1;1;0;0;0;0;
EBT;UF;5205901;1.0000;1;0;1;0;0;0;
EBT;UF;5206206;90.7500;13;2;4;6;1;0;
EBT;UF;5206800;0.2500;1;1;0;0;0;0;
EBT;UF;5207808;0.2500;1;1;0;0;0;0;
EBT;UF;5208004;3.0000;2;0;2;0;0;0;
EBT;UF;5208103;0.2500;1;1;0;0;0;0;
EBT;UF;5208608;0.0625;1;1;0;0;0;0;
EBT;UF;5208707;7832.5625;766;111;457;145;32;21;
EBT;UF;5208806;4.0000;1;0;0;1;0;0;
EBT;UF;5209101;0.7500;2;2;0;0;0;0;
EBT;UF;5209804;0.2500;1;1;0;0;0;0;
EBT;UF;5209937;2.0000;1;0;1;0;0;0;
EBT;UF;5210000;8.0000;4;0;4;0;0;0;
EBT;UF;5210802;0.2500;1;1;0;0;0;0;
EBT;UF;5210901;1.0000;1;0;1;0;0;0;
EBT;UF;5211503;92.8125;33;3;23;7;0;0;
EBT;UF;5211909;109.5000;6;1;3;1;0;1;
EBT;UF;5212105;0.2500;1;1;0;0;0;0;
EBT;UF;5212303;0.2500;1;1;0;0;0;0;
EBT;UF;5212501;66.3750;41;16;22;3;0;0;
EBT;UF;5213004;0.2500;1;1;0;0;0;0;
EBT;UF;5213509;0.2500;1;1;0;0;0;0;
EBT;UF;5213756;0.2500;1;1;0;0;0;0;
EBT;UF;5213806;7.6250;12;8;4;0;0;0;
EBT;UF;5213905;0.2500;1;1;0;0;0;0;
EBT;UF;5214002;0.2500;1;1;0;0;0;0;
EBT;UF;5214408;1.0000;1;0;1;0;0;0;
EBT;UF;5214838;1.0000;1;0;1;0;0;0;
EBT;UF;5215231;9.5625;11;6;5;0;0;0;
EBT;UF;5215306;1.2500;2;1;1;0;0;0;
EBT;UF;5215504;0.2500;1;1;0;0;0;0;
EBT;UF;5216304;0.2500;1;1;0;0;0;0;
EBT;UF;5216809;1.0000;1;0;1;0;0;0;
EBT;UF;5217203;0.2500;1;1;0;0;0;0;
EBT;UF;5217401;1.0000;1;0;1;0;0;0;
EBT;UF;5217609;3.5000;3;1;2;0;0;0;
EBT;UF;5218003;72.5000;6;1;1;1;3;0;
EBT;UF;5218789;0.2500;1;1;0;0;0;0;
EBT;UF;5218805;324.3125;58;7;28;20;2;1;
EBT;UF;5219100;0.2500;1;1;0;0;0;0;
EBT;UF;5219308;2.0000;1;0;1;0;0;0;
EBT;UF;5219605;2.0000;1;0;1;0;0;0;
EBT;UF;5219753;7.0000;4;0;4;0;0;0;
EBT;UF;5219902;0.2500;1;1;0;0;0;0;
EBT;UF;5220108;0.5000;1;1;0;0;0;0;
EBT;UF;5220454;36.0000;16;2;13;1;0;0;
EBT;UF;5221403;92.3125;11;4;3;2;1;1;
EBT;UF;5221601;46.0625;12;8;1;2;1;0;
EBT;UF;5221700;0.2500;1;1;0;0;0;0;
EBT;UF;5221809;0.2500;1;1;0;0;0;0;
EBT;UF;5221858;41.3750;31;12;17;2;0;0;
EBT;UF;5300108;159078.938;3123;482;1317;823;224;277;
09;1178;
