01;CLA;IPL4;201409;
EBT;UF;1100023;138.3125;37;4;29;2;2;0;
EBT;UF;1100049;334.6875;87;20;51;14;1;1;
EBT;UF;1100080;0.3750;2;2;0;0;0;0;
EBT;UF;1100098;0.5000;1;1;0;0;0;0;
EBT;UF;1100106;16.0000;6;0;4;2;0;0;
EBT;UF;1100114;102.0000;15;0;12;1;2;0;
EBT;UF;1100122;1040.6875;162;14;118;18;9;3;
EBT;UF;1100155;90.0000;8;0;4;1;3;0;
EBT;UF;1100189;114.5625;42;10;27;4;1;0;
EBT;UF;1100205;14852.0391;716;95;440;108;32;41;
EBT;UF;1100288;4.0000;2;0;2;0;0;0;
EBT;UF;1100296;1.0000;1;0;1;0;0;0;
EBT;UF;1100304;642.6875;140;15;102;16;6;1;
EBT;UF;1100346;1.0000;1;0;1;0;0;0;
EBT;UF;1100452;1.0000;1;0;1;0;0;0;
EBT;UF;1100924;2.0000;1;0;1;0;0;0;
EBT;UF;1101005;1.0000;1;0;1;0;0;0;
EBT;UF;1101468;0.5000;1;1;0;0;0;0;
EBT;UF;1101500;0.1250;1;1;0;0;0;0;
EBT;UF;1200054;1.0000;1;0;1;0;0;0;
EBT;UF;1200104;1.0000;1;0;1;0;0;0;
EBT;UF;1200138;17.0000;6;0;4;2;0;0;
EBT;UF;1200203;5.0000;3;0;3;0;0;0;
EBT;UF;1200252;0.1875;2;2;0;0;0;0;
EBT;UF;1200344;1.0000;1;0;1;0;0;0;
EBT;UF;1200401;7641.7891;357;44;215;67;13;18;
EBT;UF;1200450;4.0000;2;0;2;0;0;0;
EBT;UF;1200500;1.0000;1;0;1;0;0;0;
EBT;UF;1301100;2.0000;2;0;2;0;0;0;
EBT;UF;1301704;114.2500;8;1;5;1;0;1;
EBT;UF;1301852;2.0000;1;0;1;0;0;0;
EBT;UF;1302603;9984.8125;853;107;527;129;63;27;
EBT;UF;1303403;2.5000;3;2;1;0;0;0;
EBT;UF;1400100;587.0000;104;8;52;38;5;1;
EBT;UF;1500602;2.0000;1;0;1;0;0;0;
EBT;UF;1500800;7865.5000;138;8;78;41;5;6;
EBT;UF;1501303;24.0000;4;0;2;2;0;0;
EBT;UF;1501402;48610.9414;873;37;354;299;90;93;
EBT;UF;1501501;45.3750;19;5;11;3;0;0;
EBT;UF;1501709;0.2500;1;1;0;0;0;0;
EBT;UF;1502202;130.0000;7;0;0;3;4;0;
EBT;UF;1502400;124.0000;32;3;22;5;2;0;
EBT;UF;1503606;6.0000;3;0;3;0;0;0;
EBT;UF;1503903;2.0000;1;0;1;0;0;0;
EBT;UF;1504208;332.6875;109;32;56;16;5;0;
EBT;UF;1504422;241.7500;66;11;38;14;3;0;
EBT;UF;1505304;1.0000;1;0;1;0;0;0;
EBT;UF;1505502;388.0000;20;0;13;2;2;3;
EBT;UF;1505536;1.0000;1;0;1;0;0;0;
EBT;UF;1506203;1.0000;2;2;0;0;0;0;
EBT;UF;1506807;178.6875;34;8;19;4;1;2;
EBT;UF;1507607;4.0000;2;0;2;0;0;0;
EBT;UF;1508209;0.2500;1;1;0;0;0;0;
EBT;UF;1600303;372.0000;91;9;58;20;3;1;
EBT;UF;1600600;15.5000;11;4;6;1;0;0;
EBT;UF;1700350;4.0000;3;0;3;0;0;0;
EBT;UF;1700707;33.2500;10;1;7;2;0;0;
EBT;UF;1702000;0.2500;1;1;0;0;0;0;
EBT;UF;1702109;482.3750;80;12;34;28;6;0;
EBT;UF;1705508;212.0000;8;0;6;0;0;2;
EBT;UF;1707009;5.0000;3;0;3;0;0;0;
EBT;UF;1709302;92.6875;10;4;4;1;0;1;
EBT;UF;1709500;213.3125;20;3;8;7;1;1;
EBT;UF;1713205;8.5625;8;3;5;0;0;0;
EBT;UF;1713304;4.7500;6;3;3;0;0;0;
EBT;UF;1714880;15.3125;6;2;3;1;0;0;
EBT;UF;1716109;45.5000;10;1;6;2;1;0;
EBT;UF;1716604;8.0000;4;0;4;0;0;0;
EBT;UF;1718204;212.7500;24;4;10;7;2;1;
EBT;UF;1718402;4.0000;1;0;0;1;0;0;
EBT;UF;1721000;1957.4375;212;41;98;52;16;5;
EBT;UF;1722081;4.0000;1;0;0;1;0;0;
EBT;UF;2100204;32.0000;1;0;0;0;1;0;
EBT;UF;2101202;98.0000;7;0;4;0;3;0;
EBT;UF;2101400;94.0000;6;0;0;5;0;1;
EBT;UF;2101608;0.1250;1;1;0;0;0;0;
EBT;UF;2103000;1132.0000;22;0;5;5;5;7;
EBT;UF;2103307;155.0000;1;0;0;0;0;1;
EBT;UF;2103604;0.5000;1;1;0;0;0;0;
EBT;UF;2105302;335.2500;25;2;7;13;2;1;
EBT;UF;2105427;20.0000;3;0;1;2;0;0;
EBT;UF;2108603;4.0000;1;0;0;1;0;0;
EBT;UF;2109106;2.2500;4;3;1;0;0;0;
EBT;UF;2109908;43.0000;8;2;5;0;1;0;
EBT;UF;2110302;52.0000;6;0;1;5;0;0;
EBT;UF;2111201;32.2500;10;5;1;4;0;0;
EBT;UF;2111300;13859.9453;277;25;71;132;37;12;
EBT;UF;2112209;162.0000;6;0;0;2;3;1;
EBT;UF;2112902;0.3750;2;2;0;0;0;0;
EBT;UF;2114007;2.0000;1;0;1;0;0;0;
EBT;UF;2200400;32.0000;1;0;0;0;1;0;
EBT;UF;2201507;32.0000;1;0;0;0;1;0;
EBT;UF;2202000;32.0000;1;0;0;0;1;0;
EBT;UF;2202208;72.0000;3;0;0;1;2;0;
EBT;UF;2202406;64.0000;2;0;0;0;2;0;
EBT;UF;2202703;32.0000;1;0;0;0;1;0;
EBT;UF;2203701;106.0000;4;0;0;1;3;0;
EBT;UF;2206407;32.0000;1;0;0;0;1;0;
EBT;UF;2207702;144.0000;7;0;0;3;4;0;
EBT;UF;2208403;481.0000;12;0;1;1;9;1;
EBT;UF;2211001;16451.5625;277;5;59;98;106;9;
EBT;UF;2300309;6.0000;1;0;0;1;0;0;
EBT;UF;2301000;129.2500;9;1;5;2;0;1;
EBT;UF;2301109;42.0000;4;0;0;3;1;0;
EBT;UF;2301901;40.6250;9;3;1;5;0;0;
EBT;UF;2302503;20.0000;2;0;0;2;0;0;
EBT;UF;2303709;31.5391;17;2;13;2;0;0;
EBT;UF;2303808;12.0000;2;0;1;1;0;0;
EBT;UF;2303956;0.2500;1;1;0;0;0;0;
EBT;UF;2304103;0.2500;1;1;0;0;0;0;
EBT;UF;2304202;55.0000;5;0;2;2;1;0;
EBT;UF;2304285;219.5000;26;1;15;5;4;1;
EBT;UF;2304400;10208.5625;359;20;105;149;51;34;
EBT;UF;2305233;77.0625;10;1;5;2;2;0;
EBT;UF;2305407;100.0000;4;0;0;1;2;1;
EBT;UF;2305506;42.0000;3;0;0;2;1;0;
EBT;UF;2306256;0.5000;1;1;0;0;0;0;
EBT;UF;2306405;72.0000;6;0;0;5;1;0;
EBT;UF;2307007;1.0000;1;0;1;0;0;0;
EBT;UF;2307304;228.0000;24;0;10;12;1;1;
EBT;UF;2307601;80.0000;5;0;0;3;2;0;
EBT;UF;2307650;143.7500;35;2;19;13;1;0;
EBT;UF;2307700;20.0000;2;0;0;2;0;0;
EBT;UF;2308104;8.0000;1;0;0;1;0;0;
EBT;UF;2308302;16.0000;1;0;0;0;1;0;
EBT;UF;2309607;106.0000;3;0;0;0;2;1;
EBT;UF;2310704;1.0000;1;0;1;0;0;0;
EBT;UF;2311306;69.0000;6;0;1;3;2;0;
EBT;UF;2311801;64.3750;17;6;8;2;1;0;
EBT;UF;2312403;4.0000;2;0;2;0;0;0;
EBT;UF;2312908;401.3750;42;7;12;17;4;2;
EBT;UF;2313302;0.6875;3;3;0;0;0;0;
EBT;UF;2313401;772.0000;14;0;2;4;3;5;
EBT;UF;2400109;106.0000;5;0;0;3;1;1;
EBT;UF;2400802;20.5000;3;1;0;2;0;0;
EBT;UF;2403251;142.3750;38;5;21;12;0;0;
EBT;UF;2404507;1.0000;1;0;1;0;0;0;
EBT;UF;2406700;10.0000;1;0;0;1;0;0;
EBT;UF;2407104;50.0000;17;0;14;3;0;0;
EBT;UF;2407203;10.0000;1;0;0;1;0;0;
EBT;UF;2407401;26.0000;2;0;0;1;1;0;
EBT;UF;2408003;780.0625;48;6;24;9;5;4;
EBT;UF;2408102;5511.5000;138;17;28;56;17;20;
EBT;UF;2409332;4.0000;1;0;0;1;0;0;
EBT;UF;2412005;227.5000;22;1;13;5;1;2;
EBT;UF;2501807;44.0000;9;0;6;3;0;0;
EBT;UF;2503209;521.2500;28;1;15;8;1;3;
EBT;UF;2504009;1269.7500;56;6;12;26;5;7;
EBT;UF;2506301;42.0000;2;0;0;1;1;0;
EBT;UF;2506905;48.0000;2;0;0;0;2;0;
EBT;UF;2507507;5140.8125;192;8;76;66;24;18;
EBT;UF;2510808;197.0000;3;0;0;1;1;1;
EBT;UF;2516201;2.0000;1;0;1;0;0;0;
EBT;UF;2600054;217.6250;32;7;23;0;1;1;
EBT;UF;2601102;18.0000;1;0;0;0;1;0;
EBT;UF;2601201;90.0000;7;0;1;2;4;0;
EBT;UF;2601706;90.0000;4;0;0;1;3;0;
EBT;UF;2601904;22.0000;1;0;0;0;1;0;
EBT;UF;2602902;1169.5000;66;5;38;15;2;6;
EBT;UF;2603454;14.5000;8;1;6;1;0;0;
EBT;UF;2604007;31.0000;3;0;1;1;1;0;
EBT;UF;2604106;1620.8750;51;7;19;18;4;3;
EBT;UF;2605103;22.0000;1;0;0;0;1;0;
EBT;UF;2606002;20.5000;3;1;0;2;0;0;
EBT;UF;2606408;142.8750;9;3;4;1;0;1;
EBT;UF;2606804;41.5000;15;1;9;5;0;0;
EBT;UF;2607208;284.2500;36;6;15;14;0;1;
EBT;UF;2607901;676.0313;124;13;61;45;4;1;
EBT;UF;2608909;5.0000;8;5;3;0;0;0;
EBT;UF;2609600;425.0000;46;7;22;11;4;2;
EBT;UF;2610707;459.6250;61;8;43;7;1;2;
EBT;UF;2610905;168.0000;3;0;0;0;2;1;
EBT;UF;2611101;86.5000;14;1;7;4;2;0;
EBT;UF;2611606;16535.7188;525;25;194;171;71;64;
EBT;UF;2612000;50.0000;1;0;0;0;0;1;
EBT;UF;2612208;22.0000;3;0;0;3;0;0;
EBT;UF;2613701;37.0000;6;0;4;1;1;0;
EBT;UF;2613909;137.2500;29;18;4;2;5;0;
EBT;UF;2700300;328.5625;42;2;21;17;1;1;
EBT;UF;2704302;3638.8750;285;38;94;118;19;16;
EBT;UF;2704708;2.0000;1;0;1;0;0;0;
EBT;UF;2706307;2.0000;1;0;1;0;0;0;
EBT;UF;2706703;12.0000;2;0;1;1;0;0;
EBT;UF;2707701;168.5000;10;1;8;0;0;1;
EBT;UF;2708600;2.0000;1;0;1;0;0;0;
EBT;UF;2800308;6632.4375;270;37;94;99;20;20;
EBT;UF;2800670;2.8750;5;3;2;0;0;0;
EBT;UF;2802106;10.0000;1;0;0;1;0;0;
EBT;UF;2804805;516.0000;55;7;29;15;1;3;
EBT;UF;2805703;20.0000;2;0;0;2;0;0;
EBT;UF;2806701;70.5625;12;3;5;3;1;0;
EBT;UF;2900702;97.5000;13;1;5;5;2;0;
EBT;UF;2903201;8.0000;4;0;3;1;0;0;
EBT;UF;2904605;47.0000;4;0;2;1;0;1;
EBT;UF;2904704;2.0000;1;0;1;0;0;0;
EBT;UF;2905602;130.0000;5;0;2;1;1;1;
EBT;UF;2905701;487.6250;80;5;47;24;2;2;
EBT;UF;2906501;734.0000;17;0;6;5;2;4;
EBT;UF;2906709;2.0000;1;0;1;0;0;0;
EBT;UF;2908507;1.0000;1;0;1;0;0;0;
EBT;UF;2909802;48.0000;4;0;0;3;1;0;
EBT;UF;2910727;350.8125;24;3;13;5;1;2;
EBT;UF;2910800;3099.0781;146;19;61;43;9;14;
EBT;UF;2912103;4.0000;1;0;0;1;0;0;
EBT;UF;2913606;577.5000;65;1;20;37;6;1;
EBT;UF;2914653;18.0000;3;0;1;2;0;0;
EBT;UF;2914802;1664.1250;68;9;27;21;3;8;
EBT;UF;2914901;72.0000;2;0;0;1;0;1;
EBT;UF;2915304;2.0000;1;0;1;0;0;0;
EBT;UF;2915601;36.0000;8;0;6;1;1;0;
EBT;UF;2915809;12.0000;2;0;1;1;0;0;
EBT;UF;2916302;2.0000;1;0;1;0;0;0;
EBT;UF;2916401;152.1875;7;2;1;1;2;1;
EBT;UF;2917102;2.0000;1;0;1;0;0;0;
EBT;UF;2917508;100.0000;1;0;0;0;0;1;
EBT;UF;2917607;150.0000;2;0;0;0;0;2;
EBT;UF;2918001;197.0000;22;3;10;7;1;1;
EBT;UF;2918407;6.0000;3;0;3;0;0;0;
EBT;UF;2919207;757.5000;46;1;20;18;4;3;
EBT;UF;2919553;2.0000;1;0;1;0;0;0;
EBT;UF;2920601;18.0000;2;0;0;2;0;0;
EBT;UF;2921005;20.2500;3;1;0;2;0;0;
EBT;UF;2921302;10.0000;2;0;0;2;0;0;
EBT;UF;2922003;14.0000;2;0;0;2;0;0;
EBT;UF;2924009;88.1250;12;1;5;4;2;0;
EBT;UF;2925006;4.0000;2;0;2;0;0;0;
EBT;UF;2925105;20.0000;2;0;0;2;0;0;
EBT;UF;2925303;352.0000;22;0;10;6;4;2;
EBT;UF;2927002;0.5000;1;1;0;0;0;0;
EBT;UF;2927408;35454.8281;903;105;309;338;73;78;
EBT;UF;2928703;176.0000;5;0;1;1;2;1;
EBT;UF;2929206;4.0625;2;1;0;1;0;0;
EBT;UF;2929305;50.0000;1;0;0;0;0;1;
EBT;UF;2930105;15.0000;4;0;3;1;0;0;
EBT;UF;2930709;198.5000;46;3;26;17;0;0;
EBT;UF;2931350;2710.3125;29;4;12;2;3;8;
EBT;UF;2932507;32.0000;1;0;0;0;1;0;
EBT;UF;2932903;6.2500;10;6;4;0;0;0;
EBT;UF;2933307;982.5625;75;8;33;26;4;4;
EBT;UF;3100302;2.0000;1;0;1;0;0;0;
EBT;UF;3101508;258.0000;9;0;1;0;8;0;
EBT;UF;3101607;52.1250;30;7;21;2;0;0;
EBT;UF;3101904;2.0000;1;0;1;0;0;0;
EBT;UF;3103504;43.0898;21;2;16;3;0;0;
EBT;UF;3104007;74.7500;31;8;22;0;1;0;
EBT;UF;3104205;11.2500;7;1;6;0;0;0;
EBT;UF;3104601;32.0000;1;0;0;0;1;0;
EBT;UF;3104908;4.0000;2;0;2;0;0;0;
EBT;UF;3105608;203.5000;19;1;10;2;6;0;
EBT;UF;3106200;124565.934;2585;324;1444;471;204;142;
EBT;UF;3106309;74.0625;5;1;1;1;2;0;
EBT;UF;3106705;2153.8359;262;54;153;25;26;4;
EBT;UF;3107109;4.0000;2;0;2;0;0;0;
EBT;UF;3107406;6.0000;3;0;3;0;0;0;
EBT;UF;3107703;0.2500;1;1;0;0;0;0;
EBT;UF;3108404;2.0000;1;0;1;0;0;0;
EBT;UF;3108909;2.2500;2;1;1;0;0;0;
EBT;UF;3109303;2.0000;1;0;1;0;0;0;
EBT;UF;3109501;2.0000;1;0;1;0;0;0;
EBT;UF;3109709;2.0000;1;0;1;0;0;0;
EBT;UF;3110004;2.5000;2;1;1;0;0;0;
EBT;UF;3110301;2.0000;1;0;1;0;0;0;
EBT;UF;3110509;5.0000;3;0;3;0;0;0;
EBT;UF;3110608;3.0000;2;0;2;0;0;0;
EBT;UF;3110707;4.0000;2;0;2;0;0;0;
EBT;UF;3111606;2.0000;1;0;1;0;0;0;
EBT;UF;3112307;2.0000;1;0;1;0;0;0;
EBT;UF;3113206;64.0000;2;0;0;0;2;0;
EBT;UF;3113404;14.0000;3;0;2;1;0;0;
EBT;UF;3114303;2.0000;1;0;1;0;0;0;
EBT;UF;3114501;2.0000;1;0;1;0;0;0;
EBT;UF;3115300;559.0000;10;0;2;3;2;3;
EBT;UF;3115508;10.6250;8;3;5;0;0;0;
EBT;UF;3117876;30.0000;3;0;0;3;0;0;
EBT;UF;3118007;23.8125;11;3;7;1;0;0;
EBT;UF;3118304;83.8398;29;7;18;3;1;0;
EBT;UF;3118403;32.0000;1;0;0;0;1;0;
EBT;UF;3118601;3100.5742;416;65;237;68;37;9;
EBT;UF;3119401;84.5000;16;1;13;0;2;0;
EBT;UF;3120904;63.0000;28;0;26;2;0;0;
EBT;UF;3122306;998.0586;71;8;46;10;2;5;
EBT;UF;3122454;0.2500;1;1;0;0;0;0;
EBT;UF;3123601;4.0000;2;0;2;0;0;0;
EBT;UF;3123908;2.0000;1;0;1;0;0;0;
EBT;UF;3124203;32.0000;1;0;0;0;1;0;
EBT;UF;3125101;17.0000;10;0;10;0;0;0;
EBT;UF;3126109;4.0000;2;0;2;0;0;0;
EBT;UF;3127008;4.0000;2;0;2;0;0;0;
EBT;UF;3127107;19.0000;10;0;10;0;0;0;
EBT;UF;3127701;1644.6289;85;10;48;10;12;5;
EBT;UF;3128709;8.0000;1;0;0;1;0;0;
EBT;UF;3129509;2.0000;1;0;1;0;0;0;
EBT;UF;3129806;88.9648;17;3;12;0;2;0;
EBT;UF;3130101;6.0000;3;0;3;0;0;0;
EBT;UF;3130309;4.0000;2;0;2;0;0;0;
EBT;UF;3131307;779.5000;75;14;37;9;13;2;
EBT;UF;3131703;414.4531;45;15;23;4;1;2;
EBT;UF;3131901;8.8750;9;4;5;0;0;0;
EBT;UF;3132206;6.0000;3;0;3;0;0;0;
EBT;UF;3132404;347.1172;67;19;35;6;7;0;
EBT;UF;3133006;9.0000;5;0;5;0;0;0;
EBT;UF;3133600;1.0000;1;0;1;0;0;0;
EBT;UF;3133808;131.2500;25;3;14;7;1;0;
EBT;UF;3134103;0.2500;1;1;0;0;0;0;
EBT;UF;3134202;29.0000;16;2;14;0;0;0;
EBT;UF;3135209;2.0000;1;0;1;0;0;0;
EBT;UF;3135407;28.1250;7;1;4;2;0;0;
EBT;UF;3135506;2.0000;1;0;1;0;0;0;
EBT;UF;3136207;37.0000;31;13;17;1;0;0;
EBT;UF;3136306;62.0000;8;0;5;2;1;0;
EBT;UF;3136603;0.2500;1;1;0;0;0;0;
EBT;UF;3136702;4615.9570;173;12;86;35;24;16;
EBT;UF;3137205;88.0000;9;0;4;3;2;0;
EBT;UF;3137601;90.1797;31;10;17;3;1;0;
EBT;UF;3138203;422.7500;64;16;33;10;3;2;
EBT;UF;3138401;189.0000;3;0;1;0;1;1;
EBT;UF;3138609;198.0000;5;0;1;0;3;1;
EBT;UF;3138807;2.0000;1;0;1;0;0;0;
EBT;UF;3139003;32.0000;1;0;0;0;1;0;
EBT;UF;3139607;32.0000;1;0;0;0;1;0;
EBT;UF;3140001;64.0000;2;0;0;0;2;0;
EBT;UF;3140803;105.0000;11;0;5;4;2;0;
EBT;UF;3140902;0.2500;1;1;0;0;0;0;
EBT;UF;3141405;38.0000;4;0;3;0;1;0;
EBT;UF;3143302;3323.2227;128;13;58;16;33;8;
EBT;UF;3143906;410.0000;8;0;2;1;3;2;
EBT;UF;3144805;863.7422;90;6;52;18;12;2;
EBT;UF;3145208;2.0000;1;0;1;0;0;0;
EBT;UF;3145604;10.2500;5;1;3;1;0;0;
EBT;UF;3145901;5.0000;3;0;3;0;0;0;
EBT;UF;3146107;12.5625;8;2;6;0;0;0;
EBT;UF;3146305;4.0000;2;0;2;0;0;0;
EBT;UF;3147006;64.2500;20;1;17;1;1;0;
EBT;UF;3147105;22.0625;12;1;10;1;0;0;
EBT;UF;3147402;200.0000;2;0;0;0;0;2;
EBT;UF;3147600;2.0000;1;0;1;0;0;0;
EBT;UF;3147907;210.1445;37;9;20;5;2;1;
EBT;UF;3148004;23.3750;12;3;8;1;0;0;
EBT;UF;3148103;4.0000;2;0;2;0;0;0;
EBT;UF;3149101;2.0000;1;0;1;0;0;0;
EBT;UF;3149309;92.3398;30;9;17;2;2;0;
EBT;UF;3149903;319.0000;9;0;5;1;0;3;
EBT;UF;3151206;485.5000;21;1;2;4;14;0;
EBT;UF;3151404;4.0000;2;0;2;0;0;0;
EBT;UF;3151800;274.3320;81;15;50;12;4;0;
EBT;UF;3152105;22.0000;3;0;1;2;0;0;
EBT;UF;3152501;370.2891;101;22;54;19;6;0;
EBT;UF;3154200;32.0000;1;0;0;0;1;0;
EBT;UF;3154606;178.1875;55;17;30;5;3;0;
EBT;UF;3155504;2.0000;1;0;1;0;0;0;
EBT;UF;3156007;0.2500;1;1;0;0;0;0;
EBT;UF;3156502;0.2500;1;1;0;0;0;0;
EBT;UF;3156700;21.7500;13;2;11;0;0;0;
EBT;UF;3157807;187.0586;54;14;31;6;3;0;
EBT;UF;3160405;2.0000;1;0;1;0;0;0;
EBT;UF;3160702;114.0000;4;0;2;1;0;1;
EBT;UF;3162104;18.0000;5;0;4;1;0;0;
EBT;UF;3162401;2.0000;1;0;1;0;0;0;
EBT;UF;3162500;370.9375;47;14;23;2;7;1;
EBT;UF;3162559;2.0000;1;0;1;0;0;0;
EBT;UF;3162708;2.0000;1;0;1;0;0;0;
EBT;UF;3162955;0.5000;2;2;0;0;0;0;
EBT;UF;3163706;67.5000;18;4;12;0;2;0;
EBT;UF;3164704;59.8750;45;15;30;0;0;0;
EBT;UF;3165701;64.0000;2;0;0;0;2;0;
EBT;UF;3166907;8.0000;1;0;0;1;0;0;
EBT;UF;3167202;271.7617;73;10;52;7;4;0;
EBT;UF;3168606;342.1445;38;4;19;7;8;0;
EBT;UF;3168705;593.5625;36;5;8;5;18;0;
EBT;UF;3169307;144.3750;45;20;20;2;3;0;
EBT;UF;3169356;2.0000;1;0;1;0;0;0;
EBT;UF;3169406;2.2500;2;1;1;0;0;0;
EBT;UF;3169901;146.0000;4;0;0;2;1;1;
EBT;UF;3170107;294.5078;113;27;73;11;2;0;
EBT;UF;3170206;4988.7851;386;82;195;62;24;23;
EBT;UF;3170404;163.5000;40;1;35;2;1;1;
EBT;UF;3170701;2361.8320;87;9;42;17;8;11;
EBT;UF;3170800;192.0000;6;0;0;0;6;0;
EBT;UF;3171006;2.0000;1;0;1;0;0;0;
EBT;UF;3171204;111.6094;42;5;30;5;2;0;
EBT;UF;3171303;76.2500;10;1;7;0;2;0;
EBT;UF;3171501;1.0000;1;0;1;0;0;0;
EBT;UF;3172004;128.0000;4;0;0;0;4;0;
EBT;UF;3200102;4.0000;3;0;3;0;0;0;
EBT;UF;3200136;2.0000;1;0;1;0;0;0;
EBT;UF;3200169;4.0000;2;0;2;0;0;0;
EBT;UF;3200201;44.0000;4;0;1;2;1;0;
EBT;UF;3200300;7.0000;4;0;4;0;0;0;
EBT;UF;3200409;144.0000;3;0;0;1;1;1;
EBT;UF;3200508;1.0000;1;0;1;0;0;0;
EBT;UF;3200607;53.5000;9;1;4;3;1;0;
EBT;UF;3200706;3.0000;2;0;2;0;0;0;
EBT;UF;3200805;80.0000;5;0;0;2;3;0;
EBT;UF;3200904;16.0000;3;0;1;2;0;0;
EBT;UF;3201159;4.0000;2;0;2;0;0;0;
EBT;UF;3201209;1575.8125;43;4;26;5;4;4;
EBT;UF;3201308;544.0000;68;6;42;15;2;3;
EBT;UF;3201506;1195.4375;43;5;27;6;2;3;
EBT;UF;3201902;4.6250;8;6;2;0;0;0;
EBT;UF;3202009;1.0000;1;0;1;0;0;0;
EBT;UF;3202108;2.0000;1;0;1;0;0;0;
EBT;UF;3202306;5.9375;8;5;3;0;0;0;
EBT;UF;3202405;633.5000;21;3;9;3;1;5;
EBT;UF;3202454;3.0000;2;0;2;0;0;0;
EBT;UF;3202504;175.1250;9;2;4;0;2;1;
EBT;UF;3202553;2.0000;1;0;1;0;0;0;
EBT;UF;3202603;2.0000;1;0;1;0;0;0;
EBT;UF;3202652;2.0000;1;0;1;0;0;0;
EBT;UF;3202702;2.1250;3;1;2;0;0;0;
EBT;UF;3202801;103.6875;7;4;2;0;0;1;
EBT;UF;3202900;36.0000;2;0;1;0;1;0;
EBT;UF;3203007;2.0000;1;0;1;0;0;0;
EBT;UF;3203106;6.0000;3;0;3;0;0;0;
EBT;UF;3203130;2.0000;1;0;1;0;0;0;
EBT;UF;3203163;3.1875;4;2;2;0;0;0;
EBT;UF;3203205;324.6250;29;6;14;5;2;2;
EBT;UF;3203304;6.0000;3;0;3;0;0;0;
EBT;UF;3203320;3.1875;7;5;2;0;0;0;
EBT;UF;3203346;20.0000;2;0;0;2;0;0;
EBT;UF;3203353;2.0000;1;0;1;0;0;0;
EBT;UF;3203502;10.0000;1;0;0;1;0;0;
EBT;UF;3203809;3.0000;2;0;2;0;0;0;
EBT;UF;3203908;4.0000;2;0;2;0;0;0;
EBT;UF;3204054;32.0000;7;0;4;3;0;0;
EBT;UF;3204104;96.0000;3;0;1;0;1;1;
EBT;UF;3204203;129.1250;4;2;1;0;0;1;
EBT;UF;3204302;8.0000;4;0;4;0;0;0;
EBT;UF;3204401;30.0000;2;0;0;1;1;0;
EBT;UF;3204500;1.2500;2;1;1;0;0;0;
EBT;UF;3204559;4.5625;4;2;2;0;0;0;
EBT;UF;3204609;49.0000;6;0;4;1;1;0;
EBT;UF;3204658;1.0000;1;0;1;0;0;0;
EBT;UF;3204708;4.0000;2;0;2;0;0;0;
EBT;UF;3204906;813.7500;23;3;6;3;6;5;
EBT;UF;3205002;2454.5000;170;25;73;47;14;11;
EBT;UF;3205010;2.0000;1;0;1;0;0;0;
EBT;UF;3205036;1.0000;1;0;1;0;0;0;
EBT;UF;3205069;110.1875;13;7;5;0;0;1;
EBT;UF;3205101;212.0625;20;1;9;8;1;1;
EBT;UF;3205200;2510.5000;90;10;35;30;7;8;
EBT;UF;3205309;40443.5859;198;22;30;64;22;60;
EBT;UF;3300100;1162.7500;26;3;15;5;2;1;
EBT;UF;3300209;27.5000;9;1;5;3;0;0;
EBT;UF;3300233;3.5000;4;2;2;0;0;0;
EBT;UF;3300258;2.0000;1;0;1;0;0;0;
EBT;UF;3300308;15.2500;6;3;2;1;0;0;
EBT;UF;3300407;50.5000;17;2;11;4;0;0;
EBT;UF;3300456;270.1250;40;5;29;3;1;2;
EBT;UF;3300506;1.0000;1;0;1;0;0;0;
EBT;UF;3300605;1.0000;1;0;1;0;0;0;
EBT;UF;3300704;48.0000;20;2;16;2;0;0;
EBT;UF;3300803;4.0000;2;0;2;0;0;0;
EBT;UF;3301009;6986.0898;72;17;34;9;4;8;
EBT;UF;3301108;5.2500;4;1;3;0;0;0;
EBT;UF;3301306;2.0000;1;0;1;0;0;0;
EBT;UF;3301702;4334.5938;132;16;68;18;7;23;
EBT;UF;3301801;1.0000;1;0;1;0;0;0;
EBT;UF;3301850;1.0000;1;0;1;0;0;0;
EBT;UF;3301900;2709.5000;20;3;11;4;0;2;
EBT;UF;3302007;108.0000;28;3;21;2;2;0;
EBT;UF;3302056;1.0000;1;0;1;0;0;0;
EBT;UF;3302106;1.0000;1;0;1;0;0;0;
EBT;UF;3302205;24.0000;15;3;12;0;0;0;
EBT;UF;3302254;244.2500;25;1;15;5;3;1;
EBT;UF;3302270;1.0000;1;0;1;0;0;0;
EBT;UF;3302403;11456.4297;279;12;109;111;28;19;
EBT;UF;3302502;7.7500;6;2;4;0;0;0;
EBT;UF;3302601;10.0000;1;0;0;1;0;0;
EBT;UF;3302700;6.0000;3;0;3;0;0;0;
EBT;UF;3302809;1.0000;1;0;1;0;0;0;
EBT;UF;3302858;59.0898;13;2;10;0;0;1;
EBT;UF;3303005;1.0000;1;0;1;0;0;0;
EBT;UF;3303104;1.0000;1;0;1;0;0;0;
EBT;UF;3303203;39.2500;29;8;21;0;0;0;
EBT;UF;3303302;3996.0117;315;24;231;31;19;10;
EBT;UF;3303401;18.5000;14;7;6;1;0;0;
EBT;UF;3303500;466.3203;80;9;54;15;0;2;
EBT;UF;3303609;3.2500;3;1;2;0;0;0;
EBT;UF;3303807;37.7500;9;2;4;3;0;0;
EBT;UF;3303856;1.0000;1;0;1;0;0;0;
EBT;UF;3303906;843.4883;76;8;49;12;5;2;
EBT;UF;3303955;1.0000;1;0;1;0;0;0;
EBT;UF;3304003;4.5000;4;1;3;0;0;0;
EBT;UF;3304102;1.0000;1;0;1;0;0;0;
EBT;UF;3304110;1233.1250;43;7;14;12;1;9;
EBT;UF;3304128;1.0000;1;0;1;0;0;0;
EBT;UF;3304144;13.5000;8;1;7;0;0;0;
EBT;UF;3304151;1.0000;1;0;1;0;0;0;
EBT;UF;3304201;768.2500;64;4;35;13;9;3;
EBT;UF;3304300;10.7500;9;2;7;0;0;0;
EBT;UF;3304524;251.7500;47;6;23;16;2;0;
EBT;UF;3304557;540240.306;7589;415;3991;2015;447;721;
EBT;UF;3304706;2.0000;2;0;2;0;0;0;
EBT;UF;3304755;1.0000;1;0;1;0;0;0;
EBT;UF;3304805;1.0000;1;0;1;0;0;0;
EBT;UF;3304904;518.7500;108;19;71;15;0;3;
EBT;UF;3305000;80.7500;16;2;11;1;2;0;
EBT;UF;3305109;186.8125;52;7;37;7;0;1;
EBT;UF;3305208;24.5000;15;3;12;0;0;0;
EBT;UF;3305505;1.5000;2;1;1;0;0;0;
EBT;UF;3305554;506.0000;12;5;3;0;1;3;
EBT;UF;3305752;1.0000;1;0;1;0;0;0;
EBT;UF;3305802;8046.3750;22;2;12;1;1;6;
EBT;UF;3306008;244.5000;22;1;10;8;2;1;
EBT;UF;3306107;6.5000;4;1;3;0;0;0;
EBT;UF;3306206;1.0000;1;0;1;0;0;0;
EBT;UF;3306305;864.7500;46;6;22;6;7;5;
EBT;UF;3500105;155.0000;1;0;0;0;0;1;
EBT;UF;3501004;0.2500;1;1;0;0;0;0;
EBT;UF;3501152;2.0000;1;0;1;0;0;0;
EBT;UF;3501608;3509.7148;147;20;88;15;3;21;
EBT;UF;3501707;310.0000;2;0;0;0;0;2;
EBT;UF;3502101;1817.0000;7;0;3;1;0;3;
EBT;UF;3502507;3.0000;2;0;2;0;0;0;
EBT;UF;3502754;2.0000;1;0;1;0;0;0;
EBT;UF;3502804;362.4648;14;2;6;4;0;2;
EBT;UF;3503000;2.5000;2;1;1;0;0;0;
EBT;UF;3503208;4102.0000;96;11;43;13;5;24;
EBT;UF;3503307;45.6875;30;7;23;0;0;0;
EBT;UF;3503901;18.7500;14;4;10;0;0;0;
EBT;UF;3504008;829.6250;16;3;3;5;0;5;
EBT;UF;3504107;23.5000;11;3;7;1;0;0;
EBT;UF;3505302;6.0000;3;0;3;0;0;0;
EBT;UF;3505500;670.0000;13;0;3;5;0;5;
EBT;UF;3505708;41142.6016;560;47;206;117;58;132;
EBT;UF;3505906;1.2598;3;2;1;0;0;0;
EBT;UF;3506003;13339.3516;224;11;78;50;12;73;
EBT;UF;3506102;2042.8750;50;9;20;6;3;12;
EBT;UF;3506359;4.5000;7;5;2;0;0;0;
EBT;UF;3506508;235.0000;2;0;0;0;0;2;
EBT;UF;3507001;287.0000;7;0;2;3;0;2;
EBT;UF;3507506;1682.4648;35;0;16;7;2;10;
EBT;UF;3507605;1551.5625;30;9;4;5;3;9;
EBT;UF;3507803;2.2500;2;1;1;0;0;0;
EBT;UF;3508207;2.5000;2;1;1;0;0;0;
EBT;UF;3508405;16.5000;6;1;4;1;0;0;
EBT;UF;3508504;135.2500;7;1;5;0;0;1;
EBT;UF;3508603;1365.0000;7;0;2;1;1;3;
EBT;UF;3509007;1.0000;1;0;1;0;0;0;
EBT;UF;3509205;1388.7539;71;12;29;22;3;5;
EBT;UF;3509254;155.2500;2;1;0;0;0;1;
EBT;UF;3509403;1.2500;2;1;1;0;0;0;
EBT;UF;3509502;73175.0976;675;59;302;116;39;159;
EBT;UF;3509700;25.3750;14;6;7;1;0;0;
EBT;UF;3510005;0.7500;2;2;0;0;0;0;
EBT;UF;3510500;187.0000;2;0;0;0;1;1;
EBT;UF;3511102;544.0000;16;0;6;7;0;3;
EBT;UF;3512803;6.0625;3;1;1;1;0;0;
EBT;UF;3513009;345.2695;48;12;25;7;2;2;
EBT;UF;3513504;948.1250;27;3;12;4;2;6;
EBT;UF;3513702;1.5625;6;6;0;0;0;0;
EBT;UF;3513801;4056.3711;298;41;188;42;4;23;
EBT;UF;3515186;2.2500;2;1;1;0;0;0;
EBT;UF;3516200;2894.9473;77;13;43;2;2;17;
EBT;UF;3516705;7.2500;5;1;4;0;0;0;
EBT;UF;3517406;1.2646;4;3;1;0;0;0;
EBT;UF;3517703;13.7686;10;3;7;0;0;0;
EBT;UF;3518305;155.0000;1;0;0;0;0;1;
EBT;UF;3518404;60.6875;38;6;32;0;0;0;
EBT;UF;3518701;1598.8398;85;15;55;10;2;3;
EBT;UF;3518800;2235.8437;467;86;307;56;9;9;
EBT;UF;3519071;10411.8750;70;4;15;6;8;37;
EBT;UF;3520103;0.5000;1;1;0;0;0;0;
EBT;UF;3520509;2535.5625;73;13;32;10;2;16;
EBT;UF;3521002;4.0000;2;0;2;0;0;0;
EBT;UF;3521309;4.7686;5;3;2;0;0;0;
EBT;UF;3522208;10.0000;1;0;0;1;0;0;
EBT;UF;3522307;600.0000;8;3;0;0;1;4;
EBT;UF;3522505;9.0000;2;0;1;1;0;0;
EBT;UF;3522604;0.5625;3;3;0;0;0;0;
EBT;UF;3523107;218.2500;25;11;7;5;1;1;
EBT;UF;3523909;3771.1250;87;8;38;17;6;18;
EBT;UF;3524006;0.1250;1;1;0;0;0;0;
EBT;UF;3524105;5.3750;7;4;3;0;0;0;
EBT;UF;3524303;195.2500;6;1;0;4;0;1;
EBT;UF;3524402;364.1875;111;14;84;12;0;1;
EBT;UF;3524709;963.5000;19;5;5;1;2;6;
EBT;UF;3525003;196.2148;13;2;6;4;0;1;
EBT;UF;3525102;5.2500;7;3;4;0;0;0;
EBT;UF;3525300;2708.0000;63;0;34;10;3;16;
EBT;UF;3525904;10521.9922;271;40;134;44;12;41;
EBT;UF;3526803;1644.0000;22;0;8;1;3;10;
EBT;UF;3526902;2480.9453;89;11;54;8;1;15;
EBT;UF;3527108;2480.5000;41;9;7;8;2;15;
EBT;UF;3527207;10.0000;5;0;5;0;0;0;
EBT;UF;3527306;414.2148;14;3;6;1;1;3;
EBT;UF;3528007;2048.0000;2;0;0;0;0;2;
EBT;UF;3528403;12.7500;8;2;6;0;0;0;
EBT;UF;3528502;4.7500;4;2;2;0;0;0;
EBT;UF;3529005;3664.6250;114;14;48;22;8;22;
EBT;UF;3529302;318.0000;3;0;0;1;0;2;
EBT;UF;3529401;1861.9648;149;28;91;17;2;11;
EBT;UF;3529708;3.7500;4;2;2;0;0;0;
EBT;UF;3530300;322.0000;4;0;1;1;0;2;
EBT;UF;3530508;3.0000;4;3;1;0;0;0;
EBT;UF;3530607;9160.6523;247;45;153;21;11;17;
EBT;UF;3530706;67.5000;37;6;30;1;0;0;
EBT;UF;3530805;353.0000;20;0;17;1;0;2;
EBT;UF;3531100;9.8750;8;3;5;0;0;0;
EBT;UF;3531902;3.2500;5;3;2;0;0;0;
EBT;UF;3533403;9.0000;7;2;5;0;0;0;
EBT;UF;3534401;6715.4121;136;11;56;36;9;24;
EBT;UF;3534609;155.2500;2;1;0;0;0;1;
EBT;UF;3534708;1621.5000;29;1;8;7;2;11;
EBT;UF;3535507;10.0000;1;0;0;1;0;0;
EBT;UF;3536505;6.2500;4;1;3;0;0;0;
EBT;UF;3536703;1.0000;1;0;1;0;0;0;
EBT;UF;3537404;3.3125;6;5;1;0;0;0;
EBT;UF;3537602;2.0000;1;0;1;0;0;0;
EBT;UF;3538006;5285.3750;34;5;19;4;0;6;
EBT;UF;3538709;4297.4141;108;16;61;13;3;15;
EBT;UF;3539301;12.8125;9;3;6;0;0;0;
EBT;UF;3539806;1148.0000;40;0;1;1;32;6;
EBT;UF;3541000;33.3750;22;6;15;1;0;0;
EBT;UF;3541307;0.2500;1;1;0;0;0;0;
EBT;UF;3541406;3202.0625;86;7;38;15;7;19;
EBT;UF;3541505;16.0000;1;0;0;0;1;0;
EBT;UF;3542404;2.0000;1;0;1;0;0;0;
EBT;UF;3543303;18.7500;13;4;9;0;0;0;
EBT;UF;3543402;15946.2891;395;23;185;92;9;86;
EBT;UF;3543907;1699.2070;90;9;61;10;0;10;
EBT;UF;3544004;2.2500;4;3;1;0;0;0;
EBT;UF;3544103;7.2500;5;1;4;0;0;0;
EBT;UF;3544202;2.0000;1;0;1;0;0;0;
EBT;UF;3545209;648.4648;13;0;6;3;0;4;
EBT;UF;3545803;272.2148;45;2;34;8;0;1;
EBT;UF;3546306;2.0000;1;0;1;0;0;0;
EBT;UF;3546405;11.0000;3;2;0;1;0;0;
EBT;UF;3547304;7966.8750;46;4;16;10;3;13;
EBT;UF;3547809;16039.4844;412;80;213;53;8;58;
EBT;UF;3548500;12533.7695;347;28;178;79;14;48;
EBT;UF;3548708;14317.7813;642;175;302;62;38;65;
EBT;UF;3548807;7318.9570;167;28;91;25;9;14;
EBT;UF;3548906;3710.8398;51;2;21;17;0;11;
EBT;UF;3549409;6.1250;8;5;3;0;0;0;
EBT;UF;3549706;6.3125;5;2;3;0;0;0;
EBT;UF;3549805;5527.0000;89;0;16;36;6;31;
EBT;UF;3549904;8712.4844;348;52;194;63;11;28;
EBT;UF;3550100;2.2500;4;3;1;0;0;0;
EBT;UF;3550308;460822.047;11042;1034;5050;2810;561;1587;
EBT;UF;3550605;4.3750;7;5;2;0;0;0;
EBT;UF;3550704;18.0000;4;0;2;2;0;0;
EBT;UF;3551009;3181.8750;95;25;49;13;0;8;
EBT;UF;3551702;597.0000;12;0;6;2;0;4;
EBT;UF;3552205;14046.8047;335;26;161;53;17;78;
EBT;UF;3552403;68.5000;15;2;10;1;2;0;
EBT;UF;3552502;92.2500;25;7;17;0;0;1;
EBT;UF;3552809;6089.7500;31;2;13;7;1;8;
EBT;UF;3554102;2056.0625;144;25;85;17;4;13;
EBT;UF;3554508;9.0000;4;0;3;1;0;0;
EBT;UF;3555000;2.0000;1;0;1;0;0;0;
EBT;UF;3555406;0.5000;1;1;0;0;0;0;
EBT;UF;3556206;602.0000;38;8;20;5;1;4;
EBT;UF;3556404;0.5000;1;1;0;0;0;0;
EBT;UF;3556701;187.0000;2;0;0;0;1;1;
EBT;UF;3557006;981.7500;23;2;11;4;0;6;
EBT;UF;3557105;24.1250;6;2;2;2;0;0;
EBT;UF;3557303;0.2500;1;1;0;0;0;0;
EBT;UF;4100202;0.2500;1;1;0;0;0;0;
EBT;UF;4100301;0.2500;1;1;0;0;0;0;
EBT;UF;4100400;24.2500;15;7;6;2;0;0;
EBT;UF;4100509;1.0000;1;0;1;0;0;0;
EBT;UF;4100608;1.0000;1;0;1;0;0;0;
EBT;UF;4100707;1.2500;2;1;1;0;0;0;
EBT;UF;4100806;1.2500;2;1;1;0;0;0;
EBT;UF;4100905;0.5000;2;2;0;0;0;0;
EBT;UF;4101002;0.5000;1;1;0;0;0;0;
EBT;UF;4101101;10.5000;7;1;6;0;0;0;
EBT;UF;4101408;138.1250;26;2;16;7;1;0;
EBT;UF;4101507;2111.5000;14;2;4;6;0;2;
EBT;UF;4101606;1.0000;1;0;1;0;0;0;
EBT;UF;4101705;1.0000;1;0;1;0;0;0;
EBT;UF;4101804;659.6875;112;35;59;12;4;2;
EBT;UF;4101903;1.0000;1;0;1;0;0;0;
EBT;UF;4102000;1.0000;1;0;1;0;0;0;
EBT;UF;4102109;1.0000;1;0;1;0;0;0;
EBT;UF;4102307;12.5000;8;1;7;0;0;0;
EBT;UF;4102406;23.1875;8;5;1;2;0;0;
EBT;UF;4102505;1.0000;1;0;1;0;0;0;
EBT;UF;4102802;5.2500;4;1;3;0;0;0;
EBT;UF;4102901;1.0000;1;0;1;0;0;0;
EBT;UF;4103057;0.2500;1;1;0;0;0;0;
EBT;UF;4103206;0.2500;1;1;0;0;0;0;
EBT;UF;4103354;0.2500;1;1;0;0;0;0;
EBT;UF;4103503;0.2500;1;1;0;0;0;0;
EBT;UF;4103602;2.0000;1;0;1;0;0;0;
EBT;UF;4103701;58.6875;48;19;27;2;0;0;
EBT;UF;4103800;0.5000;2;2;0;0;0;0;
EBT;UF;4104006;38.2500;5;1;3;0;1;0;
EBT;UF;4104105;0.2500;1;1;0;0;0;0;
EBT;UF;4104204;194.7500;26;3;12;9;0;2;
EBT;UF;4104253;6.2500;5;1;4;0;0;0;
EBT;UF;4104303;5.0000;3;0;3;0;0;0;
EBT;UF;4104428;9.2500;3;1;1;1;0;0;
EBT;UF;4104501;1.2500;2;1;1;0;0;0;
EBT;UF;4104659;1.4375;4;3;1;0;0;0;
EBT;UF;4104709;2.0000;1;0;1;0;0;0;
EBT;UF;4104808;374.3125;133;43;69;18;3;0;
EBT;UF;4104907;14.4375;27;21;6;0;0;0;
EBT;UF;4105003;0.2500;1;1;0;0;0;0;
EBT;UF;4105102;1.0000;1;0;1;0;0;0;
EBT;UF;4105409;3.1250;3;1;2;0;0;0;
EBT;UF;4105508;74.1250;30;10;16;4;0;0;
EBT;UF;4105607;0.2500;1;1;0;0;0;0;
EBT;UF;4105706;1.0000;1;0;1;0;0;0;
EBT;UF;4105805;220.5625;42;16;22;2;1;1;
EBT;UF;4106001;0.2500;1;1;0;0;0;0;
EBT;UF;4106209;1.0000;1;0;1;0;0;0;
EBT;UF;4106308;1.0000;1;0;1;0;0;0;
EBT;UF;4106407;51.2500;6;1;2;2;1;0;
EBT;UF;4106506;1.5625;4;3;1;0;0;0;
EBT;UF;4106605;1.0000;1;0;1;0;0;0;
EBT;UF;4106704;0.2500;1;1;0;0;0;0;
EBT;UF;4106902;36394.1289;1731;314;821;383;127;86;
EBT;UF;4107009;2.0000;2;0;2;0;0;0;
EBT;UF;4107108;0.5000;2;2;0;0;0;0;
EBT;UF;4107207;14.2500;6;2;3;1;0;0;
EBT;UF;4107256;12.7500;3;2;0;1;0;0;
EBT;UF;4107306;0.5000;2;2;0;0;0;0;
EBT;UF;4107405;0.2500;1;1;0;0;0;0;
EBT;UF;4107538;1.0000;1;0;1;0;0;0;
EBT;UF;4107603;1.0000;1;0;1;0;0;0;
EBT;UF;4107652;353.4375;16;6;6;1;1;2;
EBT;UF;4107702;0.2500;1;1;0;0;0;0;
EBT;UF;4107736;6.0000;2;0;1;1;0;0;
EBT;UF;4107801;2.5000;3;2;1;0;0;0;
EBT;UF;4107900;2.2500;2;1;1;0;0;0;
EBT;UF;4108007;1.5000;3;2;1;0;0;0;
EBT;UF;4108106;0.2500;1;1;0;0;0;0;
EBT;UF;4108205;1.2500;2;1;1;0;0;0;
EBT;UF;4108304;368.0000;142;55;79;6;1;1;
EBT;UF;4108320;0.2500;1;1;0;0;0;0;
EBT;UF;4108403;59.0625;22;8;13;0;1;0;
EBT;UF;4108452;0.0625;1;1;0;0;0;0;
EBT;UF;4108502;2.0000;1;0;1;0;0;0;
EBT;UF;4108551;0.2500;1;1;0;0;0;0;
EBT;UF;4108601;5.3125;8;5;3;0;0;0;
EBT;UF;4108700;1.0000;1;0;1;0;0;0;
EBT;UF;4108809;19.0000;12;2;10;0;0;0;
EBT;UF;4109302;1.0000;1;0;1;0;0;0;
EBT;UF;4109401;40.5000;21;5;14;2;0;0;
EBT;UF;4109500;2.5000;3;2;1;0;0;0;
EBT;UF;4109609;9.0000;5;0;5;0;0;0;
EBT;UF;4109708;1.0000;1;0;1;0;0;0;
EBT;UF;4109807;14.8750;22;13;9;0;0;0;
EBT;UF;4110201;0.2500;1;1;0;0;0;0;
EBT;UF;4110607;1.0000;1;0;1;0;0;0;
EBT;UF;4110706;12.8125;26;22;4;0;0;0;
EBT;UF;4110904;0.2500;1;1;0;0;0;0;
EBT;UF;4110953;1.0000;1;0;1;0;0;0;
EBT;UF;4111407;0.2500;1;1;0;0;0;0;
EBT;UF;4111506;3.2500;3;1;2;0;0;0;
EBT;UF;4111803;9.0000;9;5;4;0;0;0;
EBT;UF;4112009;1.0000;1;0;1;0;0;0;
EBT;UF;4112108;2.3750;4;3;1;0;0;0;
EBT;UF;4112504;1.0000;1;0;1;0;0;0;
EBT;UF;4112702;1.2500;2;1;1;0;0;0;
EBT;UF;4112801;1.0000;1;0;1;0;0;0;
EBT;UF;4113205;1.0625;2;1;1;0;0;0;
EBT;UF;4113304;2.7500;4;2;2;0;0;0;
EBT;UF;4113502;1.0000;1;0;1;0;0;0;
EBT;UF;4113601;14.0000;4;0;3;1;0;0;
EBT;UF;4113700;8432.5391;303;86;123;64;15;15;
EBT;UF;4113734;0.2500;1;1;0;0;0;0;
EBT;UF;4113809;1.0000;1;0;1;0;0;0;
EBT;UF;4114005;1.0000;1;0;1;0;0;0;
EBT;UF;4114104;4.2500;5;3;2;0;0;0;
EBT;UF;4114203;39.5000;9;4;3;1;1;0;
EBT;UF;4114302;0.2500;1;1;0;0;0;0;
EBT;UF;4114351;0.2500;1;1;0;0;0;0;
EBT;UF;4114401;2.2500;3;1;2;0;0;0;
EBT;UF;4114500;1.2500;2;1;1;0;0;0;
EBT;UF;4114609;0.5000;1;1;0;0;0;0;
EBT;UF;4114807;9.7500;6;2;3;1;0;0;
EBT;UF;4114906;1.0000;1;0;1;0;0;0;
EBT;UF;4115101;0.2500;1;1;0;0;0;0;
EBT;UF;4115200;2274.5000;275;70;134;64;4;3;
EBT;UF;4115309;0.2500;1;1;0;0;0;0;
EBT;UF;4115358;1.0000;1;0;1;0;0;0;
EBT;UF;4115606;3.2500;3;1;2;0;0;0;
EBT;UF;4115705;5.0000;3;0;3;0;0;0;
EBT;UF;4115804;1.2500;2;1;1;0;0;0;
EBT;UF;4116208;1.0000;1;0;1;0;0;0;
EBT;UF;4116703;1.0000;1;0;1;0;0;0;
EBT;UF;4116901;2.3750;5;4;1;0;0;0;
EBT;UF;4117008;0.2500;1;1;0;0;0;0;
EBT;UF;4117107;1.0000;1;0;1;0;0;0;
EBT;UF;4117206;0.2500;1;1;0;0;0;0;
EBT;UF;4117271;0.2500;1;1;0;0;0;0;
EBT;UF;4117503;5.3750;5;2;3;0;0;0;
EBT;UF;4117602;4.5000;4;1;3;0;0;0;
EBT;UF;4117701;1.0000;1;0;1;0;0;0;
EBT;UF;4117909;7.5000;6;2;4;0;0;0;
EBT;UF;4118204;413.0000;95;18;60;15;1;1;
EBT;UF;4118402;74.6875;40;18;21;0;1;0;
EBT;UF;4118451;1.2500;2;1;1;0;0;0;
EBT;UF;4118501;67.0625;28;7;19;1;1;0;
EBT;UF;4118600;0.2500;1;1;0;0;0;0;
EBT;UF;4118709;0.2500;1;1;0;0;0;0;
EBT;UF;4118907;1.0000;1;0;1;0;0;0;
EBT;UF;4119152;247.2500;54;3;37;10;4;0;
EBT;UF;4119202;0.2500;1;1;0;0;0;0;
EBT;UF;4119301;3.5625;5;3;2;0;0;0;
EBT;UF;4119400;2.0000;1;0;1;0;0;0;
EBT;UF;4119509;11.5625;10;4;6;0;0;0;
EBT;UF;4119608;1.0000;1;0;1;0;0;0;
EBT;UF;4119707;0.2500;1;1;0;0;0;0;
EBT;UF;4119806;1.0000;1;0;1;0;0;0;
EBT;UF;4119905;438.8750;124;41;61;19;2;1;
EBT;UF;4119954;26.2500;8;1;6;0;1;0;
EBT;UF;4120002;1.0000;1;0;1;0;0;0;
EBT;UF;4120101;0.5000;2;2;0;0;0;0;
EBT;UF;4120309;0.2500;1;1;0;0;0;0;
EBT;UF;4120606;3.2500;3;1;2;0;0;0;
EBT;UF;4120705;0.5000;2;2;0;0;0;0;
EBT;UF;4120804;413.2500;25;6;11;4;2;2;
EBT;UF;4120853;1.0000;1;0;1;0;0;0;
EBT;UF;4120903;1.0000;1;0;1;0;0;0;
EBT;UF;4121307;0.2500;1;1;0;0;0;0;
EBT;UF;4121406;1.2500;2;1;1;0;0;0;
EBT;UF;4121505;1.0000;1;0;1;0;0;0;
EBT;UF;4121604;0.2500;1;1;0;0;0;0;
EBT;UF;4121703;1.0000;1;0;1;0;0;0;
EBT;UF;4121901;1.0000;1;0;1;0;0;0;
EBT;UF;4122008;1.0000;1;0;1;0;0;0;
EBT;UF;4122206;1.7500;3;2;1;0;0;0;
EBT;UF;4122305;28.5000;19;11;5;3;0;0;
EBT;UF;4122404;57.5000;23;2;19;2;0;0;
EBT;UF;4122701;0.2500;1;1;0;0;0;0;
EBT;UF;4122800;0.2500;1;1;0;0;0;0;
EBT;UF;4123204;1.0000;1;0;1;0;0;0;
EBT;UF;4123501;2.0000;2;0;2;0;0;0;
EBT;UF;4123709;1.0000;1;0;1;0;0;0;
EBT;UF;4123808;1.0000;1;0;1;0;0;0;
EBT;UF;4123907;1.2500;2;1;1;0;0;0;
EBT;UF;4124020;1.0000;1;0;1;0;0;0;
EBT;UF;4124053;1.0625;2;1;1;0;0;0;
EBT;UF;4124103;7.0625;5;1;4;0;0;0;
EBT;UF;4124301;0.2500;1;1;0;0;0;0;
EBT;UF;4124400;1.0000;1;0;1;0;0;0;
EBT;UF;4124509;2.2500;3;1;2;0;0;0;
EBT;UF;4124608;0.2500;1;1;0;0;0;0;
EBT;UF;4124707;1.2500;2;1;1;0;0;0;
EBT;UF;4124905;0.2500;1;1;0;0;0;0;
EBT;UF;4125001;2.0000;2;0;2;0;0;0;
EBT;UF;4125357;0.2500;1;1;0;0;0;0;
EBT;UF;4125456;0.2500;1;1;0;0;0;0;
EBT;UF;4125506;23299.4375;284;58;165;45;4;12;
EBT;UF;4125605;1.5000;2;1;1;0;0;0;
EBT;UF;4125704;19.0000;4;2;1;0;1;0;
EBT;UF;4126009;0.5000;2;2;0;0;0;0;
EBT;UF;4126207;0.2500;1;1;0;0;0;0;
EBT;UF;4126256;17.2500;20;11;9;0;0;0;
EBT;UF;4126306;1.0000;1;0;1;0;0;0;
EBT;UF;4126504;1.0000;1;0;1;0;0;0;
EBT;UF;4126603;1.0000;1;0;1;0;0;0;
EBT;UF;4126678;1.2500;2;1;1;0;0;0;
EBT;UF;4126801;1.0000;1;0;1;0;0;0;
EBT;UF;4126900;0.2500;1;1;0;0;0;0;
EBT;UF;4127007;1.5000;3;2;1;0;0;0;
EBT;UF;4127106;11.0000;6;0;6;0;0;0;
EBT;UF;4127403;1.0000;1;0;1;0;0;0;
EBT;UF;4127502;1.0000;1;0;1;0;0;0;
EBT;UF;4127700;87.6250;29;10;11;8;0;0;
EBT;UF;4127809;1.2500;2;1;1;0;0;0;
EBT;UF;4128104;189.1250;36;6;18;10;1;1;
EBT;UF;4128203;17.0000;9;0;9;0;0;0;
EBT;UF;4128401;1.0000;1;0;1;0;0;0;
EBT;UF;4128500;2.0000;2;0;2;0;0;0;
EBT;UF;4128708;2.5000;3;2;1;0;0;0;
EBT;UF;4128807;0.2500;1;1;0;0;0;0;
EBT;UF;4200101;1.3750;3;2;1;0;0;0;
EBT;UF;4201307;185.5625;29;3;12;11;3;0;
EBT;UF;4201703;0.2500;1;1;0;0;0;0;
EBT;UF;4202008;218.7500;33;2;14;16;0;1;
EBT;UF;4202073;1.0000;1;0;1;0;0;0;
EBT;UF;4202305;123.9375;49;24;18;5;2;0;
EBT;UF;4202404;3245.4375;246;51;103;67;14;11;
EBT;UF;4202602;5.3750;4;2;1;1;0;0;
EBT;UF;4202909;679.1250;60;8;24;22;2;4;
EBT;UF;4203006;156.8750;13;5;2;4;1;1;
EBT;UF;4203204;30.1250;20;8;10;2;0;0;
EBT;UF;4203600;2.0000;1;0;1;0;0;0;
EBT;UF;4203956;22.7500;8;2;4;2;0;0;
EBT;UF;4204202;619.8125;75;23;31;14;4;3;
EBT;UF;4204251;78.0000;8;3;2;1;2;0;
EBT;UF;4204301;631.5000;15;1;1;7;2;4;
EBT;UF;4204350;0.6875;4;4;0;0;0;0;
EBT;UF;4204509;3.6250;5;3;2;0;0;0;
EBT;UF;4204558;5.1250;4;3;0;1;0;0;
EBT;UF;4204608;410.1875;63;17;20;23;2;1;
EBT;UF;4204806;30.0000;3;0;0;3;0;0;
EBT;UF;4205191;10.0000;1;0;0;1;0;0;
EBT;UF;4205407;8388.4648;348;51;115;128;29;25;
EBT;UF;4205506;5.0000;11;9;2;0;0;0;
EBT;UF;4205704;17.1250;11;5;5;1;0;0;
EBT;UF;4205803;9.0000;3;0;1;2;0;0;
EBT;UF;4205902;102.8750;27;12;7;6;2;0;
EBT;UF;4206504;202.2500;29;6;16;5;1;1;
EBT;UF;4206702;3.1250;4;3;1;0;0;0;
EBT;UF;4207007;39.3125;11;4;4;3;0;0;
EBT;UF;4207106;1.2500;2;1;1;0;0;0;
EBT;UF;4207304;4.0000;2;0;2;0;0;0;
EBT;UF;4207502;266.5625;38;2;20;15;0;1;
EBT;UF;4208203;2053.6250;279;23;143;97;9;7;
EBT;UF;4208807;1.2500;2;1;1;0;0;0;
EBT;UF;4208906;441.1484;65;11;37;14;2;1;
EBT;UF;4209003;124.5000;19;1;9;7;2;0;
EBT;UF;4209102;2160.5508;365;72;173;105;9;6;
EBT;UF;4209300;209.7500;49;13;16;20;0;0;
EBT;UF;4209706;1.2500;2;1;1;0;0;0;
EBT;UF;4210035;5.2500;5;1;4;0;0;0;
EBT;UF;4210100;14.9375;21;15;6;0;0;0;
EBT;UF;4210209;3.2500;3;1;2;0;0;0;
EBT;UF;4210605;3.5625;5;3;2;0;0;0;
EBT;UF;4211306;252.8125;48;6;20;18;4;0;
EBT;UF;4211454;1.0000;1;0;1;0;0;0;
EBT;UF;4211603;6.2500;6;1;5;0;0;0;
EBT;UF;4211702;2.2500;4;3;1;0;0;0;
EBT;UF;4211900;562.0625;76;15;37;20;3;1;
EBT;UF;4213005;0.3125;3;3;0;0;0;0;
EBT;UF;4213203;27.5000;6;2;2;1;1;0;
EBT;UF;4214706;2.2500;2;1;1;0;0;0;
EBT;UF;4214805;310.2500;66;15;27;23;1;0;
EBT;UF;4215000;42.0000;5;0;3;0;2;0;
EBT;UF;4215109;102.7500;4;2;1;0;0;1;
EBT;UF;4215455;1.0000;1;0;1;0;0;0;
EBT;UF;4215802;258.5625;94;34;44;15;1;0;
EBT;UF;4216107;3.2500;3;1;2;0;0;0;
EBT;UF;4216206;364.4375;32;7;7;12;4;2;
EBT;UF;4216255;1.0000;1;0;1;0;0;0;
EBT;UF;4216602;554.7500;98;14;37;43;4;0;
EBT;UF;4216701;0.2500;1;1;0;0;0;0;
EBT;UF;4216909;45.7500;8;3;2;2;1;0;
EBT;UF;4217006;2.5000;2;1;1;0;0;0;
EBT;UF;4217402;127.5000;7;2;2;1;1;1;
EBT;UF;4217709;616.0000;6;0;0;1;0;5;
EBT;UF;4218202;146.5000;17;1;11;4;0;1;
EBT;UF;4218707;267.5000;16;1;7;7;0;1;
EBT;UF;4218806;14.0000;3;0;2;1;0;0;
EBT;UF;4219309;43.5000;23;13;7;2;1;0;
EBT;UF;4219507;29.7500;14;7;6;0;1;0;
EBT;UF;4219705;70.6250;10;4;3;1;2;0;
EBT;UF;4300406;58.8125;35;21;5;9;0;0;
EBT;UF;4300604;140.0000;30;9;12;7;2;0;
EBT;UF;4301008;13.0000;5;2;2;1;0;0;
EBT;UF;4301206;1.0000;1;0;1;0;0;0;
EBT;UF;4301552;1.2500;2;1;1;0;0;0;
EBT;UF;4301602;677.1250;41;9;10;13;6;3;
EBT;UF;4302105;1180.7500;135;10;54;59;9;3;
EBT;UF;4302204;1.0000;1;0;1;0;0;0;
EBT;UF;4302352;2.5000;3;1;2;0;0;0;
EBT;UF;4302709;1.0000;1;0;1;0;0;0;
EBT;UF;4302808;1.0000;1;0;1;0;0;0;
EBT;UF;4302907;0.6250;2;2;0;0;0;0;
EBT;UF;4303004;24.9375;24;13;10;1;0;0;
EBT;UF;4303103;452.7500;63;7;19;31;6;0;
EBT;UF;4303509;325.6250;31;6;10;11;3;1;
EBT;UF;4303806;2.5000;4;2;2;0;0;0;
EBT;UF;4303905;1139.5000;79;16;31;21;5;6;
EBT;UF;4304408;44.8750;18;10;5;2;1;0;
EBT;UF;4304507;4.5000;4;1;3;0;0;0;
EBT;UF;4304606;1231.8750;159;41;50;54;11;3;
EBT;UF;4304630;10610.5625;12;4;1;4;1;2;
EBT;UF;4304663;4.2500;5;3;2;0;0;0;
EBT;UF;4304705;50.5625;29;15;9;5;0;0;
EBT;UF;4304804;112.1875;14;5;4;2;3;0;
EBT;UF;4304903;3.7500;6;3;3;0;0;0;
EBT;UF;4305108;4141.8750;438;76;186;148;21;7;
EBT;UF;4305207;3.0000;3;0;3;0;0;0;
EBT;UF;4305439;1.0000;1;0;1;0;0;0;
EBT;UF;4305801;0.2500;1;1;0;0;0;0;
EBT;UF;4305975;2.0000;1;0;1;0;0;0;
EBT;UF;4306056;1.0000;1;0;1;0;0;0;
EBT;UF;4306106;1234.4375;47;20;19;5;1;2;
EBT;UF;4306205;2.5625;4;2;2;0;0;0;
EBT;UF;4306403;0.5000;2;2;0;0;0;0;
EBT;UF;4306601;6.0000;1;0;0;1;0;0;
EBT;UF;4306767;418.0625;38;3;13;17;3;2;
EBT;UF;4307005;10950.3125;52;2;21;19;8;2;
EBT;UF;4307559;273.5000;5;1;1;0;1;2;
EBT;UF;4307609;43.7500;17;5;7;5;0;0;
EBT;UF;4307708;82.9375;40;21;11;8;0;0;
EBT;UF;4307807;26.7500;12;6;4;2;0;0;
EBT;UF;4307906;944.6133;70;3;25;30;11;1;
EBT;UF;4308102;3.0000;3;0;3;0;0;0;
EBT;UF;4308508;4.7500;7;3;4;0;0;0;
EBT;UF;4308607;220.1875;52;9;27;14;2;0;
EBT;UF;4308904;25.5000;9;4;2;3;0;0;
EBT;UF;4309001;2.6875;6;4;2;0;0;0;
EBT;UF;4309050;8.6250;3;2;0;1;0;0;
EBT;UF;4309100;77.2500;25;11;10;3;1;0;
EBT;UF;4309209;439.0000;118;39;34;42;3;0;
EBT;UF;4309308;146.1875;27;13;6;5;3;0;
EBT;UF;4309407;5.0000;6;3;3;0;0;0;
EBT;UF;4309605;5.8750;11;7;4;0;0;0;
EBT;UF;4310108;16.7500;16;10;3;3;0;0;
EBT;UF;4310207;92.0625;15;3;4;7;1;0;
EBT;UF;4310330;2.1250;5;4;1;0;0;0;
EBT;UF;4310603;2.0000;1;0;1;0;0;0;
EBT;UF;4310801;14.8750;11;7;3;1;0;0;
EBT;UF;4311007;8.9375;8;4;3;1;0;0;
EBT;UF;4311205;2.7500;4;2;2;0;0;0;
EBT;UF;4311403;1093.5625;26;7;12;6;0;1;
EBT;UF;4311809;51.0625;14;8;4;1;1;0;
EBT;UF;4312401;33.0625;24;15;5;4;0;0;
EBT;UF;4312500;1.0000;1;0;1;0;0;0;
EBT;UF;4312658;10.0000;1;0;0;1;0;0;
EBT;UF;4312906;6.2500;4;1;2;1;0;0;
EBT;UF;4313201;57.6875;13;6;1;5;1;0;
EBT;UF;4313300;39.5625;14;6;6;1;1;0;
EBT;UF;4313409;698.1250;128;20;50;50;8;0;
EBT;UF;4313508;45.0000;25;15;6;4;0;0;
EBT;UF;4313656;0.5000;1;1;0;0;0;0;
EBT;UF;4313706;7.5625;10;5;5;0;0;0;
EBT;UF;4313904;47.0625;33;18;12;3;0;0;
EBT;UF;4314050;13.9375;18;12;6;0;0;0;
EBT;UF;4314100;1089.6250;100;17;42;27;11;3;
EBT;UF;4314308;0.2500;1;1;0;0;0;0;
EBT;UF;4314407;2239.9375;86;22;33;21;6;4;
EBT;UF;4314506;4.0000;1;0;0;1;0;0;
EBT;UF;4314803;11.2500;7;4;2;1;0;0;
EBT;UF;4314902;46385.0156;1018;103;282;421;130;82;
EBT;UF;4315206;2.0000;2;0;2;0;0;0;
EBT;UF;4315305;1.0000;1;0;1;0;0;0;
EBT;UF;4315503;1.5000;2;1;1;0;0;0;
EBT;UF;4315602;501.2500;93;31;29;26;5;2;
EBT;UF;4315701;3.3750;6;4;2;0;0;0;
EBT;UF;4315800;1.0000;1;0;1;0;0;0;
EBT;UF;4316402;13.8750;11;6;4;1;0;0;
EBT;UF;4316501;0.3125;2;2;0;0;0;0;
EBT;UF;4316808;2597.8125;46;12;8;19;3;4;
EBT;UF;4316907;1816.6250;132;56;44;26;2;4;
EBT;UF;4317103;128.3125;15;2;6;5;1;1;
EBT;UF;4317202;5.0000;4;0;4;0;0;0;
EBT;UF;4317400;14.4375;11;6;4;1;0;0;
EBT;UF;4317509;36.2500;6;1;0;5;0;0;
EBT;UF;4317608;11.7500;9;6;2;1;0;0;
EBT;UF;4317905;1.5000;2;1;1;0;0;0;
EBT;UF;4318002;2.0000;1;0;1;0;0;0;
EBT;UF;4318101;1.5000;3;2;1;0;0;0;
EBT;UF;4318200;1.7500;3;2;1;0;0;0;
EBT;UF;4318309;4.0000;3;0;3;0;0;0;
EBT;UF;4318507;0.2500;1;1;0;0;0;0;
EBT;UF;4318705;1207.8125;90;28;27;27;5;3;
EBT;UF;4318804;2.4375;5;3;2;0;0;0;
EBT;UF;4319406;3.0000;5;3;2;0;0;0;
EBT;UF;4319505;23.5625;11;5;3;3;0;0;
EBT;UF;4319802;1.5000;3;2;1;0;0;0;
EBT;UF;4319901;96.5000;18;1;9;7;1;0;
EBT;UF;4320008;152.4375;44;18;12;13;1;0;
EBT;UF;4320107;127.5625;13;8;2;1;1;1;
EBT;UF;4320206;0.2500;1;1;0;0;0;0;
EBT;UF;4320404;4.5625;5;2;3;0;0;0;
EBT;UF;4320701;1.0000;1;0;1;0;0;0;
EBT;UF;4320800;2.0000;2;0;2;0;0;0;
EBT;UF;4320909;1.0000;1;0;1;0;0;0;
EBT;UF;4321204;24.5000;19;8;10;1;0;0;
EBT;UF;4321451;824.9375;21;12;2;1;2;4;
EBT;UF;4321501;21.3750;22;16;4;2;0;0;
EBT;UF;4321600;32.4375;23;16;4;3;0;0;
EBT;UF;4321709;2.7500;4;2;2;0;0;0;
EBT;UF;4321808;1.0000;1;0;1;0;0;0;
EBT;UF;4322004;34.0000;2;0;1;0;1;0;
EBT;UF;4322400;10654.1250;33;6;10;10;4;3;
EBT;UF;4322509;271.6250;33;3;12;17;0;1;
EBT;UF;4322608;54.7500;19;6;8;5;0;0;
EBT;UF;4322806;1.0000;1;0;1;0;0;0;
EBT;UF;4323002;80.3750;22;11;6;3;2;0;
EBT;UF;4323408;1.2500;2;1;1;0;0;0;
EBT;UF;4323804;2.8750;10;9;1;0;0;0;
EBT;UF;5000203;86.0000;12;0;3;8;1;0;
EBT;UF;5001003;1.0000;1;0;1;0;0;0;
EBT;UF;5002407;1.0000;1;0;1;0;0;0;
EBT;UF;5002704;6540.5625;493;100;175;166;29;23;
EBT;UF;5002902;0.5000;1;1;0;0;0;0;
EBT;UF;5002951;2.0625;2;1;1;0;0;0;
EBT;UF;5003207;72.0000;12;0;8;3;0;1;
EBT;UF;5003306;2.0000;1;0;1;0;0;0;
EBT;UF;5003702;1086.8125;49;7;15;22;2;3;
EBT;UF;5003751;1.0000;1;0;1;0;0;0;
EBT;UF;5004502;5.2500;5;3;2;0;0;0;
EBT;UF;5005202;4.0000;2;0;2;0;0;0;
EBT;UF;5005400;192.5000;8;1;1;3;1;2;
EBT;UF;5005707;4.0000;2;0;2;0;0;0;
EBT;UF;5006002;2.5000;3;1;2;0;0;0;
EBT;UF;5006309;4.0000;2;0;2;0;0;0;
EBT;UF;5006606;4.0000;2;0;2;0;0;0;
EBT;UF;5007109;31.0000;7;0;1;6;0;0;
EBT;UF;5007208;3.0000;2;0;2;0;0;0;
EBT;UF;5007695;1.0000;2;2;0;0;0;0;
EBT;UF;5007703;1.0000;1;0;1;0;0;0;
EBT;UF;5007901;265.5000;11;1;2;2;5;1;
EBT;UF;5008008;2.0000;1;0;1;0;0;0;
EBT;UF;5008305;510.0000;52;0;17;30;4;1;
EBT;UF;5100201;7.0000;4;0;4;0;0;0;
EBT;UF;5100250;10.5000;6;1;5;0;0;0;
EBT;UF;5100300;0.5000;1;1;0;0;0;0;
EBT;UF;5100805;1.0000;1;0;1;0;0;0;
EBT;UF;5101803;5.5000;4;1;3;0;0;0;
EBT;UF;5102504;166.0000;55;12;33;9;1;0;
EBT;UF;5102678;1.0000;1;0;1;0;0;0;
EBT;UF;5103056;1.0000;1;0;1;0;0;0;
EBT;UF;5103403;27416.0625;982;144;545;168;77;48;
EBT;UF;5103502;2.5000;2;1;1;0;0;0;
EBT;UF;5104104;0.5000;1;1;0;0;0;0;
EBT;UF;5105002;94.2500;10;1;3;3;3;0;
EBT;UF;5105150;2.0000;1;0;1;0;0;0;
EBT;UF;5105259;2035.8750;180;38;84;37;10;11;
EBT;UF;5105622;103.5000;20;3;14;1;2;0;
EBT;UF;5105903;0.5000;1;1;0;0;0;0;
EBT;UF;5106224;805.6875;113;17;62;23;8;3;
EBT;UF;5106752;445.3750;64;21;30;5;6;2;
EBT;UF;5107040;2.0000;1;0;1;0;0;0;
EBT;UF;5107065;0.5000;1;1;0;0;0;0;
EBT;UF;5107180;0.5000;1;1;0;0;0;0;
EBT;UF;5107198;0.5625;2;2;0;0;0;0;
EBT;UF;5107602;2176.5000;241;25;135;55;14;12;
EBT;UF;5107800;1.0000;1;0;1;0;0;0;
EBT;UF;5107859;1.0000;1;0;1;0;0;0;
EBT;UF;5107909;7679.1250;256;23;161;47;8;17;
EBT;UF;5107925;1093.0000;149;20;77;40;7;5;
EBT;UF;5107958;4.8750;7;5;2;0;0;0;
EBT;UF;5108402;847.1875;166;25;89;45;6;1;
EBT;UF;5108600;0.2500;1;1;0;0;0;0;
EBT;UF;5200050;2.0000;1;0;1;0;0;0;
EBT;UF;5200258;23.2500;15;3;10;2;0;0;
EBT;UF;5200308;6.0000;9;6;3;0;0;0;
EBT;UF;5200605;0.2500;1;1;0;0;0;0;
EBT;UF;5200803;1.2500;2;1;1;0;0;0;
EBT;UF;5201108;2485.3750;249;28;90;111;13;7;
EBT;UF;5201405;505.4375;216;45;141;30;0;0;
EBT;UF;5202502;1.0000;1;0;1;0;0;0;
EBT;UF;5202601;0.2500;1;1;0;0;0;0;
EBT;UF;5203203;1.0000;1;0;1;0;0;0;
EBT;UF;5204003;0.2500;1;1;0;0;0;0;
EBT;UF;5204508;27.0000;7;2;3;2;0;0;
EBT;UF;5204706;6.0000;6;3;3;0;0;0;
EBT;UF;5204805;0.2500;1;1;0;0;0;0;
EBT;UF;5205109;285.3750;42;6;21;9;5;1;
EBT;UF;5205406;0.0625;1;1;0;0;0;0;
EBT;UF;5205455;0.2500;1;1;0;0;0;0;
EBT;UF;5205497;0.5000;1;1;0;0;0;0;
EBT;UF;5205513;0.7500;2;2;0;0;0;0;
EBT;UF;5205802;0.2500;1;1;0;0;0;0;
EBT;UF;5205901;1.0000;1;0;1;0;0;0;
EBT;UF;5206206;146.7500;16;2;5;6;3;0;
EBT;UF;5206800;0.2500;1;1;0;0;0;0;
EBT;UF;5207808;0.2500;1;1;0;0;0;0;
EBT;UF;5208004;3.0000;2;0;2;0;0;0;
EBT;UF;5208103;0.2500;1;1;0;0;0;0;
EBT;UF;5208608;0.0625;1;1;0;0;0;0;
EBT;UF;5208707;8300.5625;807;109;486;152;35;25;
EBT;UF;5208806;6.0000;2;0;1;1;0;0;
EBT;UF;5209101;0.7500;2;2;0;0;0;0;
EBT;UF;5209804;0.2500;1;1;0;0;0;0;
EBT;UF;5209937;2.0000;1;0;1;0;0;0;
EBT;UF;5210000;8.0000;4;0;4;0;0;0;
EBT;UF;5210802;0.2500;1;1;0;0;0;0;
EBT;UF;5210901;1.0000;1;0;1;0;0;0;
EBT;UF;5211206;0.5000;1;1;0;0;0;0;
EBT;UF;5211503;96.8125;35;3;25;7;0;0;
EBT;UF;5211909;113.5000;8;1;5;1;0;1;
EBT;UF;5212105;0.2500;1;1;0;0;0;0;
EBT;UF;5212303;0.2500;1;1;0;0;0;0;
EBT;UF;5212501;72.3750;43;16;23;4;0;0;
EBT;UF;5213004;0.2500;1;1;0;0;0;0;
EBT;UF;5213509;0.2500;1;1;0;0;0;0;
EBT;UF;5213756;0.2500;1;1;0;0;0;0;
EBT;UF;5213806;9.1250;12;7;5;0;0;0;
EBT;UF;5213905;0.2500;1;1;0;0;0;0;
EBT;UF;5214002;0.2500;1;1;0;0;0;0;
EBT;UF;5214408;1.0000;1;0;1;0;0;0;
EBT;UF;5214838;1.0000;1;0;1;0;0;0;
EBT;UF;5215231;9.5625;11;6;5;0;0;0;
EBT;UF;5215306;1.2500;2;1;1;0;0;0;
EBT;UF;5215504;0.2500;1;1;0;0;0;0;
EBT;UF;5216304;0.2500;1;1;0;0;0;0;
EBT;UF;5216809;1.0000;1;0;1;0;0;0;
EBT;UF;5217203;0.2500;1;1;0;0;0;0;
EBT;UF;5217401;1.0000;1;0;1;0;0;0;
EBT;UF;5217609;3.5000;3;1;2;0;0;0;
EBT;UF;5218003;72.5000;6;1;1;1;3;0;
EBT;UF;5218789;0.2500;1;1;0;0;0;0;
EBT;UF;5218805;369.4375;68;8;34;22;3;1;
EBT;UF;5219100;0.2500;1;1;0;0;0;0;
EBT;UF;5219308;2.0000;1;0;1;0;0;0;
EBT;UF;5219605;2.0000;1;0;1;0;0;0;
EBT;UF;5219753;7.0000;4;0;4;0;0;0;
EBT;UF;5219902;0.2500;1;1;0;0;0;0;
EBT;UF;5220108;0.5000;1;1;0;0;0;0;
EBT;UF;5220454;40.0000;18;2;15;1;0;0;
EBT;UF;5221403;92.8125;12;5;3;2;1;1;
EBT;UF;5221601;12.5625;11;7;2;2;0;0;
EBT;UF;5221700;0.2500;1;1;0;0;0;0;
EBT;UF;5221809;0.2500;1;1;0;0;0;0;
EBT;UF;5221858;41.3750;31;12;17;2;0;0;
EBT;UF;5300108;165304.371;3411;496;1443;935;245;292;
09;1198;
