01;CLA;IPL4;201309;
EBT;UF;1100023;170.0625;36;3;28;2;3;0;
EBT;UF;1100049;332.0625;78;15;47;14;1;1;
EBT;UF;1100106;8.0000;3;0;2;1;0;0;
EBT;UF;1100114;28.0000;10;0;9;1;0;0;
EBT;UF;1100122;949.1875;119;13;78;17;8;3;
EBT;UF;1100155;230.0000;12;0;4;1;7;0;
EBT;UF;1100189;129.8125;44;8;30;5;1;0;
EBT;UF;1100205;9527.2500;526;82;347;58;16;23;
EBT;UF;1100288;2.0000;1;0;1;0;0;0;
EBT;UF;1100296;1.0000;1;0;1;0;0;0;
EBT;UF;1100304;522.6875;111;15;80;11;4;1;
EBT;UF;1100452;1.0000;1;0;1;0;0;0;
EBT;UF;1100924;2.0000;1;0;1;0;0;0;
EBT;UF;1101468;0.5000;1;1;0;0;0;0;
EBT;UF;1200138;11.0000;3;0;2;1;0;0;
EBT;UF;1200203;1.0000;1;0;1;0;0;0;
EBT;UF;1200252;0.5625;4;4;0;0;0;0;
EBT;UF;1200344;1.0000;1;0;1;0;0;0;
EBT;UF;1200401;4675.7500;260;40;164;37;8;11;
EBT;UF;1200450;4.0000;2;0;2;0;0;0;
EBT;UF;1301100;1.0000;1;0;1;0;0;0;
EBT;UF;1301704;4.2500;3;1;2;0;0;0;
EBT;UF;1301852;2.0000;1;0;1;0;0;0;
EBT;UF;1302603;7420.0625;667;93;453;69;34;18;
EBT;UF;1303403;2.2500;2;1;1;0;0;0;
EBT;UF;1400100;301.2500;69;6;40;20;3;0;
EBT;UF;1500800;7719.0000;116;6;73;26;5;6;
EBT;UF;1501303;22.0000;3;0;1;2;0;0;
EBT;UF;1501402;42236.2266;643;26;296;193;55;73;
EBT;UF;1501501;15.2500;10;4;5;1;0;0;
EBT;UF;1502202;136.0000;9;0;1;4;4;0;
EBT;UF;1502400;123.0000;31;3;21;5;2;0;
EBT;UF;1503606;6.0000;3;0;3;0;0;0;
EBT;UF;1503903;2.0000;1;0;1;0;0;0;
EBT;UF;1504208;237.9375;85;26;46;10;3;0;
EBT;UF;1504422;175.1875;48;7;28;11;2;0;
EBT;UF;1505304;1.0000;1;0;1;0;0;0;
EBT;UF;1505502;288.0000;19;0;13;2;2;2;
EBT;UF;1506807;137.9375;27;9;13;3;0;2;
EBT;UF;1600303;234.0000;67;9;48;7;3;0;
EBT;UF;1700350;4.0000;3;0;3;0;0;0;
EBT;UF;1700707;35.2500;11;1;8;2;0;0;
EBT;UF;1702109;343.6250;64;13;28;20;3;0;
EBT;UF;1705508;208.0000;6;0;4;0;0;2;
EBT;UF;1709302;58.6875;8;4;2;1;0;1;
EBT;UF;1709500;189.3750;21;4;8;8;0;1;
EBT;UF;1713205;8.5625;8;3;5;0;0;0;
EBT;UF;1713304;4.2500;4;1;3;0;0;0;
EBT;UF;1714880;5.3125;5;2;3;0;0;0;
EBT;UF;1716109;29.0000;7;2;2;3;0;0;
EBT;UF;1717503;1.0000;1;0;1;0;0;0;
EBT;UF;1718204;91.7500;18;4;8;4;2;0;
EBT;UF;1718402;4.0000;1;0;0;1;0;0;
EBT;UF;1721000;1435.2500;173;41;85;39;6;2;
EBT;UF;1722081;4.0000;1;0;0;1;0;0;
EBT;UF;2100204;32.0000;1;0;0;0;1;0;
EBT;UF;2101202;90.0000;3;0;0;0;3;0;
EBT;UF;2101608;0.3750;2;2;0;0;0;0;
EBT;UF;2101707;2.0000;1;0;1;0;0;0;
EBT;UF;2103000;568.0000;12;0;5;2;1;4;
EBT;UF;2103307;155.0000;1;0;0;0;0;1;
EBT;UF;2103604;0.5000;1;1;0;0;0;0;
EBT;UF;2105302;231.2500;9;2;3;1;2;1;
EBT;UF;2105427;20.0000;3;0;1;2;0;0;
EBT;UF;2108603;4.0000;1;0;0;1;0;0;
EBT;UF;2109106;1.7500;3;2;1;0;0;0;
EBT;UF;2109908;33.0000;3;2;0;0;1;0;
EBT;UF;2110302;52.0000;6;0;1;5;0;0;
EBT;UF;2111201;10.5000;4;1;1;2;0;0;
EBT;UF;2111300;2286.2500;131;17;31;59;19;5;
EBT;UF;2112209;72.0000;3;0;0;1;2;0;
EBT;UF;2112902;0.3750;2;2;0;0;0;0;
EBT;UF;2200400;32.0000;1;0;0;0;1;0;
EBT;UF;2202208;64.0000;2;0;0;0;2;0;
EBT;UF;2202406;64.0000;2;0;0;0;2;0;
EBT;UF;2202703;32.0000;1;0;0;0;1;0;
EBT;UF;2203701;10.0000;1;0;0;1;0;0;
EBT;UF;2207702;112.0000;6;0;0;3;3;0;
EBT;UF;2208403;120.0000;5;0;0;1;4;0;
EBT;UF;2211001;4449.0625;208;4;53;80;66;5;
EBT;UF;2300309;6.0000;1;0;0;1;0;0;
EBT;UF;2301000;29.0000;7;0;5;2;0;0;
EBT;UF;2301109;42.0000;4;0;0;3;1;0;
EBT;UF;2301901;28.6250;7;3;0;4;0;0;
EBT;UF;2302503;20.0000;2;0;0;2;0;0;
EBT;UF;2303709;13.7500;9;2;7;0;0;0;
EBT;UF;2303808;12.0000;2;0;1;1;0;0;
EBT;UF;2304103;0.2500;1;1;0;0;0;0;
EBT;UF;2304202;35.0000;2;0;1;0;1;0;
EBT;UF;2304285;193.5000;22;1;12;5;3;1;
EBT;UF;2304400;7340.5625;205;14;59;77;29;26;
EBT;UF;2305233;56.0625;6;1;2;2;1;0;
EBT;UF;2305407;20.0000;1;0;0;0;1;0;
EBT;UF;2305506;32.0000;2;0;0;1;1;0;
EBT;UF;2306256;0.5000;1;1;0;0;0;0;
EBT;UF;2306405;54.0000;3;0;0;2;1;0;
EBT;UF;2307007;1.0000;1;0;1;0;0;0;
EBT;UF;2307304;67.0000;10;0;6;3;1;0;
EBT;UF;2307601;70.0000;4;0;0;2;2;0;
EBT;UF;2307650;69.2500;22;1;15;6;0;0;
EBT;UF;2308104;8.0000;1;0;0;1;0;0;
EBT;UF;2308302;16.0000;1;0;0;0;1;0;
EBT;UF;2309607;90.0000;2;0;0;0;1;1;
EBT;UF;2310704;1.0000;1;0;1;0;0;0;
EBT;UF;2311306;49.0000;4;0;1;1;2;0;
EBT;UF;2311801;14.3750;11;4;7;0;0;0;
EBT;UF;2312403;3.0000;2;0;2;0;0;0;
EBT;UF;2312908;321.3750;24;5;5;9;3;2;
EBT;UF;2313302;0.6875;3;3;0;0;0;0;
EBT;UF;2313401;312.0000;8;0;1;2;3;2;
EBT;UF;2400109;172.0000;7;0;0;3;3;1;
EBT;UF;2400802;20.5000;3;1;0;2;0;0;
EBT;UF;2403251;124.2500;31;3;18;10;0;0;
EBT;UF;2406700;10.0000;1;0;0;1;0;0;
EBT;UF;2407104;38.0000;12;0;10;2;0;0;
EBT;UF;2407401;26.0000;2;0;0;1;1;0;
EBT;UF;2408003;710.5625;37;5;18;6;4;4;
EBT;UF;2408102;3994.5000;111;15;21;48;11;16;
EBT;UF;2409332;4.0000;1;0;0;1;0;0;
EBT;UF;2412005;18.0000;5;0;3;2;0;0;
EBT;UF;2501807;25.0000;3;0;1;2;0;0;
EBT;UF;2503209;202.2500;22;1;13;6;1;1;
EBT;UF;2504009;921.5000;44;5;9;21;5;4;
EBT;UF;2506301;42.0000;2;0;0;1;1;0;
EBT;UF;2506905;48.0000;2;0;0;0;2;0;
EBT;UF;2507507;4206.5625;154;5;61;54;23;11;
EBT;UF;2510808;197.0000;3;0;0;1;1;1;
EBT;UF;2516201;2.0000;1;0;1;0;0;0;
EBT;UF;2600054;182.1250;18;4;12;1;0;1;
EBT;UF;2601102;18.0000;1;0;0;0;1;0;
EBT;UF;2601201;48.0000;3;0;0;1;2;0;
EBT;UF;2601706;120.0000;4;0;0;0;4;0;
EBT;UF;2601904;22.0000;1;0;0;0;1;0;
EBT;UF;2602902;443.2500;36;4;25;3;2;2;
EBT;UF;2603454;1.0000;1;0;1;0;0;0;
EBT;UF;2604007;1.0000;1;0;1;0;0;0;
EBT;UF;2604106;192.3750;32;6;15;8;3;0;
EBT;UF;2605103;22.0000;1;0;0;0;1;0;
EBT;UF;2606002;20.0000;2;0;0;2;0;0;
EBT;UF;2606408;129.8750;6;3;2;0;0;1;
EBT;UF;2606804;4.0000;3;0;3;0;0;0;
EBT;UF;2607208;29.7500;10;2;4;4;0;0;
EBT;UF;2607901;452.2500;64;5;33;22;3;1;
EBT;UF;2608909;2.5000;5;4;1;0;0;0;
EBT;UF;2609600;297.2500;32;4;17;7;3;1;
EBT;UF;2610707;278.1250;47;7;33;5;1;1;
EBT;UF;2610905;168.0000;3;0;0;0;2;1;
EBT;UF;2611101;1.0000;1;0;1;0;0;0;
EBT;UF;2611606;13615.6875;360;18;130;109;52;51;
EBT;UF;2612208;18.0000;2;0;0;2;0;0;
EBT;UF;2613701;20.0000;1;0;0;0;1;0;
EBT;UF;2613909;56.5000;22;16;3;1;2;0;
EBT;UF;2700300;265.5625;32;2;17;12;0;1;
EBT;UF;2704302;2784.8750;207;32;60;91;13;11;
EBT;UF;2704708;2.0000;1;0;1;0;0;0;
EBT;UF;2706307;2.0000;1;0;1;0;0;0;
EBT;UF;2707701;165.5000;8;1;6;0;0;1;
EBT;UF;2800308;5394.6875;234;32;90;81;12;19;
EBT;UF;2800670;2.5000;5;3;2;0;0;0;
EBT;UF;2802106;10.0000;1;0;0;1;0;0;
EBT;UF;2804805;522.0000;50;5;26;15;1;3;
EBT;UF;2806701;72.5625;13;3;6;3;1;0;
EBT;UF;2900702;87.0000;11;0;5;4;2;0;
EBT;UF;2903201;7.0000;3;0;2;1;0;0;
EBT;UF;2904605;47.0000;4;0;2;1;0;1;
EBT;UF;2904704;2.0000;1;0;1;0;0;0;
EBT;UF;2905602;130.0000;5;0;2;1;1;1;
EBT;UF;2905701;380.8750;64;3;39;19;2;1;
EBT;UF;2906501;708.0000;14;0;6;2;2;4;
EBT;UF;2906709;2.0000;1;0;1;0;0;0;
EBT;UF;2909802;48.0000;4;0;0;3;1;0;
EBT;UF;2910727;334.8125;21;3;12;3;1;2;
EBT;UF;2910800;2711.6875;119;16;51;32;8;12;
EBT;UF;2911709;2.0000;1;0;1;0;0;0;
EBT;UF;2912103;4.0000;1;0;0;1;0;0;
EBT;UF;2913606;466.0000;43;0;20;17;4;2;
EBT;UF;2914653;12.0000;2;0;1;1;0;0;
EBT;UF;2914802;1195.8750;50;8;24;12;2;4;
EBT;UF;2914901;72.0000;2;0;0;1;0;1;
EBT;UF;2915304;2.0000;1;0;1;0;0;0;
EBT;UF;2915601;6.0000;3;0;3;0;0;0;
EBT;UF;2915809;12.0000;2;0;1;1;0;0;
EBT;UF;2916302;2.0000;1;0;1;0;0;0;
EBT;UF;2916401;152.1875;7;2;1;1;2;1;
EBT;UF;2917102;2.0000;1;0;1;0;0;0;
EBT;UF;2917508;100.0000;1;0;0;0;0;1;
EBT;UF;2917607;100.0000;1;0;0;0;0;1;
EBT;UF;2918001;163.7500;18;3;8;6;0;1;
EBT;UF;2918407;4.0000;2;0;2;0;0;0;
EBT;UF;2919207;676.0000;41;0;21;15;2;3;
EBT;UF;2919553;2.0000;1;0;1;0;0;0;
EBT;UF;2920601;18.0000;2;0;0;2;0;0;
EBT;UF;2921005;20.2500;3;1;0;2;0;0;
EBT;UF;2921302;10.0000;2;0;0;2;0;0;
EBT;UF;2924009;57.1250;9;1;4;3;1;0;
EBT;UF;2925006;4.0000;2;0;2;0;0;0;
EBT;UF;2925105;10.0000;1;0;0;1;0;0;
EBT;UF;2925303;368.0000;17;0;8;3;4;2;
EBT;UF;2927408;31514.9883;726;95;263;257;48;63;
EBT;UF;2928703;176.0000;5;0;1;1;2;1;
EBT;UF;2929206;0.0625;1;1;0;0;0;0;
EBT;UF;2930105;14.5000;4;1;2;1;0;0;
EBT;UF;2930709;121.0000;29;2;16;11;0;0;
EBT;UF;2931350;2024.0625;24;4;10;1;4;5;
EBT;UF;2932507;32.0000;1;0;0;0;1;0;
EBT;UF;2932903;5.0000;9;6;3;0;0;0;
EBT;UF;2933307;868.0625;54;7;23;17;3;4;
EBT;UF;3100302;2.0000;1;0;1;0;0;0;
EBT;UF;3101508;258.0000;9;0;1;0;8;0;
EBT;UF;3101607;42.8125;28;10;16;2;0;0;
EBT;UF;3101904;2.0000;1;0;1;0;0;0;
EBT;UF;3103504;29.6250;15;2;11;2;0;0;
EBT;UF;3104007;36.7500;27;8;19;0;0;0;
EBT;UF;3104205;11.0000;6;0;6;0;0;0;
EBT;UF;3104601;32.0000;1;0;0;0;1;0;
EBT;UF;3104908;4.0000;2;0;2;0;0;0;
EBT;UF;3105608;197.5000;15;1;6;2;6;0;
EBT;UF;3106200;63703.4922;1890;255;1096;255;165;119;
EBT;UF;3106309;42.0625;4;1;1;1;1;0;
EBT;UF;3106705;2072.4492;217;44;126;17;26;4;
EBT;UF;3107109;4.0000;2;0;2;0;0;0;
EBT;UF;3107406;4.0000;2;0;2;0;0;0;
EBT;UF;3108404;2.0000;1;0;1;0;0;0;
EBT;UF;3108909;2.2500;2;1;1;0;0;0;
EBT;UF;3109303;2.0000;1;0;1;0;0;0;
EBT;UF;3109501;2.0000;1;0;1;0;0;0;
EBT;UF;3109709;2.0000;1;0;1;0;0;0;
EBT;UF;3110004;2.0000;1;0;1;0;0;0;
EBT;UF;3110301;2.0000;1;0;1;0;0;0;
EBT;UF;3110509;5.0000;3;0;3;0;0;0;
EBT;UF;3110608;3.0000;2;0;2;0;0;0;
EBT;UF;3110707;4.0000;2;0;2;0;0;0;
EBT;UF;3111606;2.0000;1;0;1;0;0;0;
EBT;UF;3112307;2.0000;1;0;1;0;0;0;
EBT;UF;3113206;64.0000;2;0;0;0;2;0;
EBT;UF;3113404;24.0000;4;0;2;2;0;0;
EBT;UF;3114303;2.0000;1;0;1;0;0;0;
EBT;UF;3114501;2.0000;1;0;1;0;0;0;
EBT;UF;3115300;557.0000;9;0;1;3;2;3;
EBT;UF;3115508;10.1250;6;1;5;0;0;0;
EBT;UF;3117876;10.0000;1;0;0;1;0;0;
EBT;UF;3118007;19.8125;9;3;5;1;0;0;
EBT;UF;3118304;53.3750;18;5;12;0;1;0;
EBT;UF;3118601;2744.4375;309;46;174;44;37;8;
EBT;UF;3119401;68.5000;6;1;3;0;2;0;
EBT;UF;3120904;33.0000;17;0;17;0;0;0;
EBT;UF;3122306;908.6250;41;5;25;4;2;5;
EBT;UF;3122454;0.2500;1;1;0;0;0;0;
EBT;UF;3123601;4.0000;2;0;2;0;0;0;
EBT;UF;3123908;2.0000;1;0;1;0;0;0;
EBT;UF;3124203;32.0000;1;0;0;0;1;0;
EBT;UF;3125101;16.0000;9;0;9;0;0;0;
EBT;UF;3126109;4.0000;2;0;2;0;0;0;
EBT;UF;3127008;4.0000;2;0;2;0;0;0;
EBT;UF;3127107;12.0000;6;0;6;0;0;0;
EBT;UF;3127701;1518.3750;56;4;32;5;10;5;
EBT;UF;3128709;8.0000;1;0;0;1;0;0;
EBT;UF;3129509;2.0000;1;0;1;0;0;0;
EBT;UF;3129806;45.5000;10;3;6;0;1;0;
EBT;UF;3130101;2.0000;1;0;1;0;0;0;
EBT;UF;3130309;4.0000;2;0;2;0;0;0;
EBT;UF;3131307;649.8750;62;12;31;5;12;2;
EBT;UF;3131703;395.9375;37;13;18;3;1;2;
EBT;UF;3131901;7.6250;8;3;5;0;0;0;
EBT;UF;3132206;6.0000;3;0;3;0;0;0;
EBT;UF;3132404;299.6250;60;19;30;4;7;0;
EBT;UF;3133006;7.0000;4;0;4;0;0;0;
EBT;UF;3133600;1.0000;1;0;1;0;0;0;
EBT;UF;3133808;125.7500;21;2;11;7;1;0;
EBT;UF;3134202;18.5000;10;1;9;0;0;0;
EBT;UF;3135209;2.0000;1;0;1;0;0;0;
EBT;UF;3135407;16.1250;5;1;3;1;0;0;
EBT;UF;3135506;2.0000;1;0;1;0;0;0;
EBT;UF;3136207;25.5000;23;9;14;0;0;0;
EBT;UF;3136306;40.0000;5;0;4;0;1;0;
EBT;UF;3136702;4590.1875;118;8;48;24;21;17;
EBT;UF;3137205;86.0000;8;0;3;3;2;0;
EBT;UF;3137601;67.5000;21;6;13;1;1;0;
EBT;UF;3138203;321.7500;52;16;26;7;1;2;
EBT;UF;3138401;189.0000;3;0;1;0;1;1;
EBT;UF;3138609;198.0000;5;0;1;0;3;1;
EBT;UF;3138807;2.0000;1;0;1;0;0;0;
EBT;UF;3139003;32.0000;1;0;0;0;1;0;
EBT;UF;3140001;64.0000;2;0;0;0;2;0;
EBT;UF;3140803;95.0000;10;0;5;3;2;0;
EBT;UF;3141405;38.0000;4;0;3;0;1;0;
EBT;UF;3143302;2320.4375;100;8;38;12;34;8;
EBT;UF;3143906;374.0000;5;0;0;1;2;2;
EBT;UF;3144805;780.8125;69;6;37;14;10;2;
EBT;UF;3145208;2.0000;1;0;1;0;0;0;
EBT;UF;3145604;10.2500;5;1;3;1;0;0;
EBT;UF;3145901;5.0000;3;0;3;0;0;0;
EBT;UF;3146107;6.5625;5;2;3;0;0;0;
EBT;UF;3146305;4.0000;2;0;2;0;0;0;
EBT;UF;3147006;33.2500;9;1;7;0;1;0;
EBT;UF;3147105;19.0625;10;1;8;1;0;0;
EBT;UF;3147402;200.0000;2;0;0;0;0;2;
EBT;UF;3147600;2.0000;1;0;1;0;0;0;
EBT;UF;3147907;195.2500;29;8;14;4;2;1;
EBT;UF;3148004;12.1250;8;2;6;0;0;0;
EBT;UF;3148103;2.0000;1;0;1;0;0;0;
EBT;UF;3149101;2.0000;1;0;1;0;0;0;
EBT;UF;3149309;72.6250;25;8;14;2;1;0;
EBT;UF;3149903;267.0000;7;0;4;1;0;2;
EBT;UF;3151206;462.5000;17;1;0;2;14;0;
EBT;UF;3151404;4.0000;2;0;2;0;0;0;
EBT;UF;3151800;115.9375;53;12;36;4;1;0;
EBT;UF;3152105;20.0000;2;0;0;2;0;0;
EBT;UF;3152501;229.3125;70;21;34;12;3;0;
EBT;UF;3154200;32.0000;1;0;0;0;1;0;
EBT;UF;3154606;121.1875;44;15;26;1;2;0;
EBT;UF;3155504;2.0000;1;0;1;0;0;0;
EBT;UF;3156700;13.7500;9;2;7;0;0;0;
EBT;UF;3157807;177.1250;46;14;25;4;3;0;
EBT;UF;3160405;2.0000;1;0;1;0;0;0;
EBT;UF;3160702;14.0000;3;0;2;1;0;0;
EBT;UF;3162104;18.0000;5;0;4;1;0;0;
EBT;UF;3162401;2.0000;1;0;1;0;0;0;
EBT;UF;3162500;399.1875;47;15;21;2;8;1;
EBT;UF;3162708;2.0000;1;0;1;0;0;0;
EBT;UF;3162955;0.5000;2;2;0;0;0;0;
EBT;UF;3163706;66.5000;17;4;11;0;2;0;
EBT;UF;3164704;46.3750;39;16;23;0;0;0;
EBT;UF;3165701;64.0000;2;0;0;0;2;0;
EBT;UF;3166907;8.0000;1;0;0;1;0;0;
EBT;UF;3167202;198.1875;50;5;37;5;3;0;
EBT;UF;3168606;317.2500;22;3;9;1;9;0;
EBT;UF;3168705;490.5625;32;5;8;5;14;0;
EBT;UF;3169307;137.7500;40;18;17;2;3;0;
EBT;UF;3169356;2.0000;1;0;1;0;0;0;
EBT;UF;3169406;2.2500;2;1;1;0;0;0;
EBT;UF;3169901;174.0000;4;0;0;1;2;1;
EBT;UF;3170107;228.1875;85;22;54;7;2;0;
EBT;UF;3170206;4242.1523;284;75;133;37;19;20;
EBT;UF;3170404;101.5000;33;1;29;2;1;0;
EBT;UF;3170701;2561.9375;68;8;33;8;6;13;
EBT;UF;3170800;192.0000;6;0;0;0;6;0;
EBT;UF;3171204;82.7500;33;5;23;4;1;0;
EBT;UF;3171303;71.2500;7;1;4;0;2;0;
EBT;UF;3172004;128.0000;4;0;0;0;4;0;
EBT;UF;3200102;1.0000;1;0;1;0;0;0;
EBT;UF;3200169;2.0000;1;0;1;0;0;0;
EBT;UF;3200201;34.0000;3;0;1;1;1;0;
EBT;UF;3200409;44.0000;2;0;0;1;1;0;
EBT;UF;3200508;1.0000;1;0;1;0;0;0;
EBT;UF;3200607;23.5000;6;1;4;0;1;0;
EBT;UF;3200706;1.0000;1;0;1;0;0;0;
EBT;UF;3200805;90.0000;6;0;0;3;3;0;
EBT;UF;3200904;16.0000;3;0;1;2;0;0;
EBT;UF;3201209;377.5000;25;2;15;1;5;2;
EBT;UF;3201308;502.2500;59;6;37;11;2;3;
EBT;UF;3201506;541.4375;39;5;26;5;1;2;
EBT;UF;3201902;5.3125;7;4;3;0;0;0;
EBT;UF;3202108;2.0000;1;0;1;0;0;0;
EBT;UF;3202306;6.5000;10;7;3;0;0;0;
EBT;UF;3202405;429.0000;15;2;6;3;1;3;
EBT;UF;3202504;172.1250;7;2;2;0;2;1;
EBT;UF;3202553;2.0000;1;0;1;0;0;0;
EBT;UF;3202603;2.0000;1;0;1;0;0;0;
EBT;UF;3202702;2.0000;2;0;2;0;0;0;
EBT;UF;3202801;101.7500;8;7;0;0;0;1;
EBT;UF;3202900;36.0000;2;0;1;0;1;0;
EBT;UF;3203106;2.0000;1;0;1;0;0;0;
EBT;UF;3203163;1.1250;2;1;1;0;0;0;
EBT;UF;3203205;328.1250;29;7;12;6;2;2;
EBT;UF;3203304;2.0000;1;0;1;0;0;0;
EBT;UF;3203320;1.6875;5;4;1;0;0;0;
EBT;UF;3203346;20.0000;2;0;0;2;0;0;
EBT;UF;3203353;2.0000;1;0;1;0;0;0;
EBT;UF;3203502;10.0000;1;0;0;1;0;0;
EBT;UF;3203809;2.0000;1;0;1;0;0;0;
EBT;UF;3203908;2.0000;1;0;1;0;0;0;
EBT;UF;3204054;8.0000;3;0;2;1;0;0;
EBT;UF;3204104;96.0000;3;0;1;0;1;1;
EBT;UF;3204203;128.1250;3;2;0;0;0;1;
EBT;UF;3204302;2.0000;1;0;1;0;0;0;
EBT;UF;3204351;4.0000;2;0;2;0;0;0;
EBT;UF;3204401;30.0000;2;0;0;1;1;0;
EBT;UF;3204500;1.2500;2;1;1;0;0;0;
EBT;UF;3204559;2.5625;3;2;1;0;0;0;
EBT;UF;3204609;46.0000;4;0;2;1;1;0;
EBT;UF;3204708;4.0000;2;0;2;0;0;0;
EBT;UF;3204906;684.5000;18;2;5;2;5;4;
EBT;UF;3205002;2051.5000;144;23;58;41;12;10;
EBT;UF;3205069;10.1875;12;7;5;0;0;0;
EBT;UF;3205101;154.0625;14;1;8;4;0;1;
EBT;UF;3205200;2550.2500;82;10;31;26;6;9;
EBT;UF;3205309;49444.0625;181;21;31;53;24;52;
EBT;UF;3300100;116.7500;16;3;7;4;2;0;
EBT;UF;3300209;17.0000;7;0;5;2;0;0;
EBT;UF;3300233;1.0000;1;0;1;0;0;0;
EBT;UF;3300258;2.0000;1;0;1;0;0;0;
EBT;UF;3300308;17.5000;8;4;3;1;0;0;
EBT;UF;3300407;37.2500;11;1;8;2;0;0;
EBT;UF;3300456;211.1250;30;5;21;2;0;2;
EBT;UF;3300704;34.5000;12;1;9;2;0;0;
EBT;UF;3300803;5.0000;3;0;3;0;0;0;
EBT;UF;3301009;769.6250;44;15;19;4;4;2;
EBT;UF;3301108;5.0000;3;0;3;0;0;0;
EBT;UF;3301306;2.5000;3;2;1;0;0;0;
EBT;UF;3301702;3367.5625;79;13;41;8;2;15;
EBT;UF;3301900;2594.5000;11;1;6;3;0;1;
EBT;UF;3302007;30.5000;15;4;10;1;0;0;
EBT;UF;3302056;1.0000;1;0;1;0;0;0;
EBT;UF;3302205;23.5000;13;1;12;0;0;0;
EBT;UF;3302254;225.0000;18;0;10;4;3;1;
EBT;UF;3302403;5594.8750;207;10;88;75;23;11;
EBT;UF;3302502;8.2500;6;1;5;0;0;0;
EBT;UF;3302700;3.0000;2;0;2;0;0;0;
EBT;UF;3302858;51.6250;9;2;6;0;0;1;
EBT;UF;3303005;1.0000;1;0;1;0;0;0;
EBT;UF;3303203;26.5000;19;6;13;0;0;0;
EBT;UF;3303302;3624.6250;230;15;172;22;12;9;
EBT;UF;3303401;17.5000;8;1;6;1;0;0;
EBT;UF;3303500;260.0781;46;7;32;6;0;1;
EBT;UF;3303609;1.2500;2;1;1;0;0;0;
EBT;UF;3303807;13.2500;4;1;2;1;0;0;
EBT;UF;3303906;731.4883;52;6;37;3;4;2;
EBT;UF;3304003;3.5000;3;1;2;0;0;0;
EBT;UF;3304102;1.0000;1;0;1;0;0;0;
EBT;UF;3304110;1040.8750;34;6;11;8;1;8;
EBT;UF;3304144;9.0000;5;0;5;0;0;0;
EBT;UF;3304151;1.0000;1;0;1;0;0;0;
EBT;UF;3304201;482.2500;34;1;18;9;4;2;
EBT;UF;3304300;3.7500;4;2;2;0;0;0;
EBT;UF;3304524;192.7500;41;6;22;12;1;0;
EBT;UF;3304557;335300.098;5786;329;3160;1397;326;574;
EBT;UF;3304706;1.0000;1;0;1;0;0;0;
EBT;UF;3304904;471.6250;83;15;52;13;0;3;
EBT;UF;3305000;34.2500;11;1;9;0;1;0;
EBT;UF;3305109;180.0625;46;5;33;7;0;1;
EBT;UF;3305208;22.5000;14;3;11;0;0;0;
EBT;UF;3305505;1.5000;2;1;1;0;0;0;
EBT;UF;3305554;499.7500;6;2;0;0;1;3;
EBT;UF;3305802;52.3750;13;2;10;0;1;0;
EBT;UF;3306008;132.5000;19;1;9;7;2;0;
EBT;UF;3306107;4.0000;2;0;2;0;0;0;
EBT;UF;3306206;1.0000;1;0;1;0;0;0;
EBT;UF;3306305;645.5000;35;3;17;5;7;3;
EBT;UF;3500105;155.0000;1;0;0;0;0;1;
EBT;UF;3501004;0.2500;1;1;0;0;0;0;
EBT;UF;3501152;2.0000;1;0;1;0;0;0;
EBT;UF;3501608;3336.7500;126;21;76;7;2;20;
EBT;UF;3501707;310.0000;2;0;0;0;0;2;
EBT;UF;3502101;1648.0000;3;0;1;0;0;2;
EBT;UF;3502804;328.5000;8;1;4;1;0;2;
EBT;UF;3503000;2.5000;2;1;1;0;0;0;
EBT;UF;3503208;3838.0000;81;10;34;10;4;23;
EBT;UF;3503307;25.0625;17;4;13;0;0;0;
EBT;UF;3503901;8.7500;7;2;5;0;0;0;
EBT;UF;3504008;477.3750;8;2;2;1;0;3;
EBT;UF;3504107;18.5000;12;3;9;0;0;0;
EBT;UF;3505302;4.0000;2;0;2;0;0;0;
EBT;UF;3505500;320.0000;3;0;0;1;0;2;
EBT;UF;3505708;35889.9453;404;36;147;64;38;119;
EBT;UF;3505906;1.5098;4;3;1;0;0;0;
EBT;UF;3506003;13174.9453;180;9;60;28;9;74;
EBT;UF;3506102;1479.1250;38;10;14;4;1;9;
EBT;UF;3506359;3.5000;6;5;1;0;0;0;
EBT;UF;3506508;155.0000;1;0;0;0;0;1;
EBT;UF;3507506;1297.0000;21;0;11;1;1;8;
EBT;UF;3507605;1515.5000;28;9;3;5;2;9;
EBT;UF;3507803;2.2500;2;1;1;0;0;0;
EBT;UF;3508207;2.5000;2;1;1;0;0;0;
EBT;UF;3508405;4.5000;4;1;3;0;0;0;
EBT;UF;3508504;129.2500;4;1;2;0;0;1;
EBT;UF;3508603;1342.0000;4;0;0;1;0;3;
EBT;UF;3509205;619.0039;47;10;24;9;1;3;
EBT;UF;3509254;155.2500;2;1;0;0;0;1;
EBT;UF;3509403;1.2500;2;1;1;0;0;0;
EBT;UF;3509502;38886.0742;438;48;181;49;23;137;
EBT;UF;3509700;13.6250;14;7;7;0;0;0;
EBT;UF;3510005;0.7500;2;2;0;0;0;0;
EBT;UF;3510500;342.0000;3;0;0;0;1;2;
EBT;UF;3511102;359.0000;9;0;3;4;0;2;
EBT;UF;3512803;6.0625;3;1;1;1;0;0;
EBT;UF;3513009;302.3750;39;8;24;4;1;2;
EBT;UF;3513504;1101.1250;27;3;11;4;2;7;
EBT;UF;3513702;1.5625;6;6;0;0;0;0;
EBT;UF;3513801;3422.0313;241;37;163;19;3;19;
EBT;UF;3515186;2.2500;2;1;1;0;0;0;
EBT;UF;3516200;2535.6973;51;16;16;1;2;16;
EBT;UF;3516705;7.2500;5;1;4;0;0;0;
EBT;UF;3517406;1.2646;4;3;1;0;0;0;
EBT;UF;3517703;3.7686;5;3;2;0;0;0;
EBT;UF;3518305;155.0000;1;0;0;0;0;1;
EBT;UF;3518404;24.7500;17;4;13;0;0;0;
EBT;UF;3518701;474.0000;67;14;45;5;1;2;
EBT;UF;3518800;1540.1875;343;73;243;16;3;8;
EBT;UF;3519071;6603.1250;57;5;16;3;5;28;
EBT;UF;3520103;0.5000;1;1;0;0;0;0;
EBT;UF;3520509;2182.3125;51;10;19;7;2;13;
EBT;UF;3521002;4.0000;2;0;2;0;0;0;
EBT;UF;3521309;0.7686;3;3;0;0;0;0;
EBT;UF;3522307;754.5000;7;1;0;0;1;5;
EBT;UF;3522505;8.0000;1;0;0;1;0;0;
EBT;UF;3522604;2.5625;4;3;1;0;0;0;
EBT;UF;3523107;195.0000;17;8;5;2;1;1;
EBT;UF;3523909;3225.5000;55;8;23;5;4;15;
EBT;UF;3524006;0.1250;1;1;0;0;0;0;
EBT;UF;3524105;5.3750;7;4;3;0;0;0;
EBT;UF;3524303;10.0000;1;0;0;1;0;0;
EBT;UF;3524402;234.1875;65;11;48;5;0;1;
EBT;UF;3524709;658.2500;11;4;2;0;1;4;
EBT;UF;3525003;161.0000;3;0;1;1;0;1;
EBT;UF;3525102;5.2500;7;3;4;0;0;0;
EBT;UF;3525300;2827.2500;61;1;33;8;2;17;
EBT;UF;3525904;8767.5625;187;24;105;16;6;36;
EBT;UF;3526803;1294.0000;13;0;3;0;2;8;
EBT;UF;3526902;2462.1250;63;9;33;5;1;15;
EBT;UF;3527108;2553.5000;37;9;6;6;0;16;
EBT;UF;3527306;348.5000;8;2;3;0;1;2;
EBT;UF;3527405;155.0000;1;0;0;0;0;1;
EBT;UF;3528007;2048.0000;2;0;0;0;0;2;
EBT;UF;3528403;12.7500;8;2;6;0;0;0;
EBT;UF;3528502;4.7500;4;2;2;0;0;0;
EBT;UF;3529005;3290.6250;92;14;41;13;4;20;
EBT;UF;3529302;163.0000;2;0;0;1;0;1;
EBT;UF;3529401;1808.0000;137;28;85;11;2;11;
EBT;UF;3529708;3.7500;4;2;2;0;0;0;
EBT;UF;3530300;312.0000;3;0;1;0;0;2;
EBT;UF;3530508;3.0000;4;3;1;0;0;0;
EBT;UF;3530607;6138.5000;197;48;125;9;5;10;
EBT;UF;3530706;56.7500;34;4;30;0;0;0;
EBT;UF;3530805;172.0000;10;0;9;0;0;1;
EBT;UF;3531100;5.3750;5;2;3;0;0;0;
EBT;UF;3531902;3.2500;5;3;2;0;0;0;
EBT;UF;3533403;7.0000;6;2;4;0;0;0;
EBT;UF;3534401;6284.8223;86;9;34;16;4;23;
EBT;UF;3534609;155.0000;1;0;0;0;0;1;
EBT;UF;3534708;1607.5000;26;1;7;5;2;11;
EBT;UF;3536505;2.0000;1;0;1;0;0;0;
EBT;UF;3536703;1.0000;1;0;1;0;0;0;
EBT;UF;3537404;3.3125;6;5;1;0;0;0;
EBT;UF;3537602;2.0000;1;0;1;0;0;0;
EBT;UF;3538006;144.0000;16;2;10;3;0;1;
EBT;UF;3538709;4387.7344;84;19;42;6;1;16;
EBT;UF;3539301;165.8125;9;3;5;0;0;1;
EBT;UF;3539806;1246.2500;41;1;0;1;32;7;
EBT;UF;3540705;10.0000;1;0;0;1;0;0;
EBT;UF;3541000;17.3750;17;6;11;0;0;0;
EBT;UF;3541406;2778.5625;68;8;33;6;4;17;
EBT;UF;3541505;16.0000;1;0;0;0;1;0;
EBT;UF;3542404;2.0000;1;0;1;0;0;0;
EBT;UF;3543303;10.7500;8;2;6;0;0;0;
EBT;UF;3543402;15302.9609;299;13;129;65;6;86;
EBT;UF;3543907;1331.8125;58;9;38;3;0;8;
EBT;UF;3544004;2.2500;4;3;1;0;0;0;
EBT;UF;3544103;7.0000;4;0;4;0;0;0;
EBT;UF;3544202;2.0000;1;0;1;0;0;0;
EBT;UF;3545209;483.0000;10;0;6;1;0;3;
EBT;UF;3545803;44.2500;21;1;19;1;0;0;
EBT;UF;3546306;2.0000;1;0;1;0;0;0;
EBT;UF;3546405;11.0000;3;2;0;1;0;0;
EBT;UF;3547304;7952.3750;41;2;15;8;3;13;
EBT;UF;3547809;15129.0898;328;76;171;27;2;52;
EBT;UF;3548500;9672.3750;243;20;122;52;6;43;
EBT;UF;3548708;13735.6250;484;112;244;37;27;64;
EBT;UF;3548807;6830.3125;109;19;63;11;3;13;
EBT;UF;3548906;3795.4375;40;3;14;11;0;12;
EBT;UF;3549409;4.1250;7;5;2;0;0;0;
EBT;UF;3549706;4.3125;4;2;2;0;0;0;
EBT;UF;3549805;5176.0000;72;0;13;27;3;29;
EBT;UF;3549904;8018.0469;269;49;150;42;3;25;
EBT;UF;3550100;2.2500;4;3;1;0;0;0;
EBT;UF;3550308;410809.379;8549;941;4199;1628;354;1427;
EBT;UF;3550605;6.3750;8;5;3;0;0;0;
EBT;UF;3551009;1907.3750;85;26;44;9;0;6;
EBT;UF;3551702;577.0000;6;0;1;1;0;4;
EBT;UF;3552205;12788.7500;215;13;90;25;16;71;
EBT;UF;3552403;34.0000;12;3;7;2;0;0;
EBT;UF;3552502;34.5000;25;8;17;0;0;0;
EBT;UF;3552809;6073.7500;27;2;10;6;1;8;
EBT;UF;3554102;1864.0625;93;22;48;9;1;13;
EBT;UF;3554508;9.0000;4;0;3;1;0;0;
EBT;UF;3555000;2.0000;1;0;1;0;0;0;
EBT;UF;3555406;0.5000;1;1;0;0;0;0;
EBT;UF;3556206;534.2500;27;6;15;2;1;3;
EBT;UF;3556404;0.5000;1;1;0;0;0;0;
EBT;UF;3556701;187.0000;2;0;0;0;1;1;
EBT;UF;3557006;482.0000;8;0;4;1;0;3;
EBT;UF;3557105;4.1250;4;2;2;0;0;0;
EBT;UF;3557303;0.2500;1;1;0;0;0;0;
EBT;UF;4100400;10.2500;11;7;3;1;0;0;
EBT;UF;4100509;1.0000;1;0;1;0;0;0;
EBT;UF;4100608;1.0000;1;0;1;0;0;0;
EBT;UF;4100707;1.2500;2;1;1;0;0;0;
EBT;UF;4100806;1.2500;2;1;1;0;0;0;
EBT;UF;4100905;0.5000;2;2;0;0;0;0;
EBT;UF;4101101;11.7500;9;2;7;0;0;0;
EBT;UF;4101408;101.3125;22;4;13;4;1;0;
EBT;UF;4101507;62.7500;11;3;2;6;0;0;
EBT;UF;4101606;1.0000;1;0;1;0;0;0;
EBT;UF;4101705;1.0000;1;0;1;0;0;0;
EBT;UF;4101804;246.6875;105;37;56;11;1;0;
EBT;UF;4101903;1.0000;1;0;1;0;0;0;
EBT;UF;4102000;1.0000;1;0;1;0;0;0;
EBT;UF;4102109;1.0000;1;0;1;0;0;0;
EBT;UF;4102307;10.5000;7;1;6;0;0;0;
EBT;UF;4102406;1.1875;5;5;0;0;0;0;
EBT;UF;4102505;1.0000;1;0;1;0;0;0;
EBT;UF;4102802;3.2500;3;1;2;0;0;0;
EBT;UF;4102901;1.0000;1;0;1;0;0;0;
EBT;UF;4103057;0.2500;1;1;0;0;0;0;
EBT;UF;4103206;0.2500;1;1;0;0;0;0;
EBT;UF;4103354;0.2500;1;1;0;0;0;0;
EBT;UF;4103503;0.2500;1;1;0;0;0;0;
EBT;UF;4103602;2.0000;1;0;1;0;0;0;
EBT;UF;4103701;44.9375;40;17;22;1;0;0;
EBT;UF;4103800;0.5000;2;2;0;0;0;0;
EBT;UF;4104006;2.2500;3;1;2;0;0;0;
EBT;UF;4104204;65.7500;22;3;14;5;0;0;
EBT;UF;4104253;4.2500;4;1;3;0;0;0;
EBT;UF;4104428;9.2500;3;1;1;1;0;0;
EBT;UF;4104501;1.2500;2;1;1;0;0;0;
EBT;UF;4104659;1.3125;3;2;1;0;0;0;
EBT;UF;4104709;2.0000;1;0;1;0;0;0;
EBT;UF;4104808;297.6875;114;40;57;15;2;0;
EBT;UF;4104907;11.2500;25;21;4;0;0;0;
EBT;UF;4105003;0.2500;1;1;0;0;0;0;
EBT;UF;4105102;1.0000;1;0;1;0;0;0;
EBT;UF;4105409;13.1250;4;1;2;1;0;0;
EBT;UF;4105508;82.1250;30;10;15;5;0;0;
EBT;UF;4105607;0.2500;1;1;0;0;0;0;
EBT;UF;4105706;1.0000;1;0;1;0;0;0;
EBT;UF;4105805;211.5625;37;17;16;2;1;1;
EBT;UF;4106001;0.2500;1;1;0;0;0;0;
EBT;UF;4106209;1.0000;1;0;1;0;0;0;
EBT;UF;4106407;14.6250;6;4;0;2;0;0;
EBT;UF;4106506;1.5625;4;3;1;0;0;0;
EBT;UF;4106605;1.0000;1;0;1;0;0;0;
EBT;UF;4106704;0.2500;1;1;0;0;0;0;
EBT;UF;4106902;24834.1250;1475;267;734;307;112;55;
EBT;UF;4107009;1.0000;1;0;1;0;0;0;
EBT;UF;4107108;0.5000;2;2;0;0;0;0;
EBT;UF;4107207;14.2500;6;2;3;1;0;0;
EBT;UF;4107256;12.2500;2;1;0;1;0;0;
EBT;UF;4107306;0.5000;2;2;0;0;0;0;
EBT;UF;4107405;0.2500;1;1;0;0;0;0;
EBT;UF;4107538;1.0000;1;0;1;0;0;0;
EBT;UF;4107603;1.0000;1;0;1;0;0;0;
EBT;UF;4107652;318.9375;11;5;4;0;0;2;
EBT;UF;4107736;2.0000;1;0;1;0;0;0;
EBT;UF;4107801;2.5000;3;2;1;0;0;0;
EBT;UF;4107900;0.2500;1;1;0;0;0;0;
EBT;UF;4108007;1.2500;2;1;1;0;0;0;
EBT;UF;4108106;0.2500;1;1;0;0;0;0;
EBT;UF;4108205;1.0000;1;0;1;0;0;0;
EBT;UF;4108304;321.3125;116;52;59;2;2;1;
EBT;UF;4108320;0.2500;1;1;0;0;0;0;
EBT;UF;4108403;24.0625;16;8;7;1;0;0;
EBT;UF;4108601;5.5625;8;5;3;0;0;0;
EBT;UF;4108700;1.0000;1;0;1;0;0;0;
EBT;UF;4108809;6.0000;6;2;4;0;0;0;
EBT;UF;4109302;1.0000;1;0;1;0;0;0;
EBT;UF;4109401;17.7500;13;5;7;1;0;0;
EBT;UF;4109500;2.5000;3;2;1;0;0;0;
EBT;UF;4109609;9.0000;5;0;5;0;0;0;
EBT;UF;4109708;1.0000;1;0;1;0;0;0;
EBT;UF;4109807;11.8750;20;13;7;0;0;0;
EBT;UF;4110201;0.2500;1;1;0;0;0;0;
EBT;UF;4110607;1.0000;1;0;1;0;0;0;
EBT;UF;4110706;12.7500;26;22;4;0;0;0;
EBT;UF;4110904;0.2500;1;1;0;0;0;0;
EBT;UF;4110953;1.0000;1;0;1;0;0;0;
EBT;UF;4111506;1.2500;2;1;1;0;0;0;
EBT;UF;4111803;5.5000;6;4;2;0;0;0;
EBT;UF;4112009;1.0000;1;0;1;0;0;0;
EBT;UF;4112108;2.3750;4;3;1;0;0;0;
EBT;UF;4112504;1.0000;1;0;1;0;0;0;
EBT;UF;4112702;1.2500;2;1;1;0;0;0;
EBT;UF;4112801;1.0000;1;0;1;0;0;0;
EBT;UF;4113205;1.0625;2;1;1;0;0;0;
EBT;UF;4113304;1.7500;3;2;1;0;0;0;
EBT;UF;4113502;1.0000;1;0;1;0;0;0;
EBT;UF;4113601;14.0000;4;0;3;1;0;0;
EBT;UF;4113700;3724.2500;243;79;102;50;3;9;
EBT;UF;4113734;256.0000;1;0;0;0;0;1;
EBT;UF;4113809;1.0000;1;0;1;0;0;0;
EBT;UF;4114005;1.0000;1;0;1;0;0;0;
EBT;UF;4114104;2.2500;4;3;1;0;0;0;
EBT;UF;4114203;19.5000;8;4;3;1;0;0;
EBT;UF;4114302;0.2500;1;1;0;0;0;0;
EBT;UF;4114351;0.2500;1;1;0;0;0;0;
EBT;UF;4114401;1.0000;1;0;1;0;0;0;
EBT;UF;4114500;1.2500;2;1;1;0;0;0;
EBT;UF;4114609;0.5000;1;1;0;0;0;0;
EBT;UF;4114807;12.2500;8;3;4;1;0;0;
EBT;UF;4114906;1.0000;1;0;1;0;0;0;
EBT;UF;4115101;0.2500;1;1;0;0;0;0;
EBT;UF;4115200;1971.2500;222;66;108;45;0;3;
EBT;UF;4115309;0.2500;1;1;0;0;0;0;
EBT;UF;4115358;1.0000;1;0;1;0;0;0;
EBT;UF;4115606;3.2500;3;1;2;0;0;0;
EBT;UF;4115705;5.0000;3;0;3;0;0;0;
EBT;UF;4115804;0.5000;1;1;0;0;0;0;
EBT;UF;4116208;1.0000;1;0;1;0;0;0;
EBT;UF;4116703;1.0000;1;0;1;0;0;0;
EBT;UF;4116901;2.3750;5;4;1;0;0;0;
EBT;UF;4117008;0.2500;1;1;0;0;0;0;
EBT;UF;4117107;1.0000;1;0;1;0;0;0;
EBT;UF;4117271;0.2500;1;1;0;0;0;0;
EBT;UF;4117503;5.3750;5;2;3;0;0;0;
EBT;UF;4117602;3.5000;3;1;2;0;0;0;
EBT;UF;4117701;1.0000;1;0;1;0;0;0;
EBT;UF;4117909;5.5625;6;3;3;0;0;0;
EBT;UF;4118204;311.7500;76;18;49;8;0;1;
EBT;UF;4118402;65.7500;35;18;16;0;1;0;
EBT;UF;4118451;0.2500;1;1;0;0;0;0;
EBT;UF;4118501;40.8750;23;7;15;1;0;0;
EBT;UF;4118600;0.2500;1;1;0;0;0;0;
EBT;UF;4118907;1.0000;1;0;1;0;0;0;
EBT;UF;4119152;188.2500;34;3;20;8;3;0;
EBT;UF;4119202;0.2500;1;1;0;0;0;0;
EBT;UF;4119301;3.5625;5;3;2;0;0;0;
EBT;UF;4119400;2.0000;1;0;1;0;0;0;
EBT;UF;4119509;10.8125;8;2;6;0;0;0;
EBT;UF;4119608;1.0000;1;0;1;0;0;0;
EBT;UF;4119707;0.2500;1;1;0;0;0;0;
EBT;UF;4119806;1.0000;1;0;1;0;0;0;
EBT;UF;4119905;375.8125;107;43;48;14;1;1;
EBT;UF;4119954;41.0000;7;0;5;0;2;0;
EBT;UF;4120002;1.0000;1;0;1;0;0;0;
EBT;UF;4120101;0.5000;2;2;0;0;0;0;
EBT;UF;4120309;0.2500;1;1;0;0;0;0;
EBT;UF;4120606;3.2500;3;1;2;0;0;0;
EBT;UF;4120705;0.5000;2;2;0;0;0;0;
EBT;UF;4120804;408.7500;22;5;9;4;2;2;
EBT;UF;4120853;1.0000;1;0;1;0;0;0;
EBT;UF;4120903;1.0000;1;0;1;0;0;0;
EBT;UF;4121307;0.2500;1;1;0;0;0;0;
EBT;UF;4121406;1.2500;2;1;1;0;0;0;
EBT;UF;4121505;1.0000;1;0;1;0;0;0;
EBT;UF;4121604;0.2500;1;1;0;0;0;0;
EBT;UF;4121703;1.0000;1;0;1;0;0;0;
EBT;UF;4121901;1.0000;1;0;1;0;0;0;
EBT;UF;4122008;0.5000;1;1;0;0;0;0;
EBT;UF;4122206;1.7500;3;2;1;0;0;0;
EBT;UF;4122305;8.6250;16;12;4;0;0;0;
EBT;UF;4122404;57.5000;23;2;19;2;0;0;
EBT;UF;4122701;0.2500;1;1;0;0;0;0;
EBT;UF;4122800;0.2500;1;1;0;0;0;0;
EBT;UF;4123204;1.0000;1;0;1;0;0;0;
EBT;UF;4123501;1.0000;1;0;1;0;0;0;
EBT;UF;4123709;1.0000;1;0;1;0;0;0;
EBT;UF;4123808;1.0000;1;0;1;0;0;0;
EBT;UF;4123907;1.2500;2;1;1;0;0;0;
EBT;UF;4124053;1.0625;2;1;1;0;0;0;
EBT;UF;4124103;5.0625;4;1;3;0;0;0;
EBT;UF;4124301;0.2500;1;1;0;0;0;0;
EBT;UF;4124400;1.0000;1;0;1;0;0;0;
EBT;UF;4124509;1.7500;3;2;1;0;0;0;
EBT;UF;4124608;0.2500;1;1;0;0;0;0;
EBT;UF;4124707;1.0000;1;0;1;0;0;0;
EBT;UF;4125001;2.0000;2;0;2;0;0;0;
EBT;UF;4125357;0.2500;1;1;0;0;0;0;
EBT;UF;4125456;0.2500;1;1;0;0;0;0;
EBT;UF;4125506;23710.0000;247;57;136;40;2;12;
EBT;UF;4125605;1.0000;1;0;1;0;0;0;
EBT;UF;4125704;2.0000;1;0;1;0;0;0;
EBT;UF;4126009;0.5000;2;2;0;0;0;0;
EBT;UF;4126256;14.5000;15;8;7;0;0;0;
EBT;UF;4126306;1.0000;1;0;1;0;0;0;
EBT;UF;4126504;1.0000;1;0;1;0;0;0;
EBT;UF;4126603;1.0000;1;0;1;0;0;0;
EBT;UF;4126678;1.2500;2;1;1;0;0;0;
EBT;UF;4126801;1.0000;1;0;1;0;0;0;
EBT;UF;4126900;0.2500;1;1;0;0;0;0;
EBT;UF;4127106;10.0000;5;0;5;0;0;0;
EBT;UF;4127403;1.0000;1;0;1;0;0;0;
EBT;UF;4127502;1.0000;1;0;1;0;0;0;
EBT;UF;4127700;43.6875;23;11;8;4;0;0;
EBT;UF;4127809;1.0000;1;0;1;0;0;0;
EBT;UF;4128005;1.0000;1;0;1;0;0;0;
EBT;UF;4128104;106.8750;28;7;13;7;1;0;
EBT;UF;4128203;16.2500;9;1;8;0;0;0;
EBT;UF;4128401;1.0000;1;0;1;0;0;0;
EBT;UF;4128500;1.5000;2;1;1;0;0;0;
EBT;UF;4128708;2.5000;3;2;1;0;0;0;
EBT;UF;4128807;0.2500;1;1;0;0;0;0;
EBT;UF;4200101;1.3750;3;2;1;0;0;0;
EBT;UF;4201307;71.5625;20;3;10;7;0;0;
EBT;UF;4201703;0.2500;1;1;0;0;0;0;
EBT;UF;4202008;197.2500;29;1;13;14;0;1;
EBT;UF;4202073;1.0000;1;0;1;0;0;0;
EBT;UF;4202305;101.9375;41;22;13;4;2;0;
EBT;UF;4202404;2683.4375;193;45;81;51;9;7;
EBT;UF;4202602;5.3750;4;2;1;1;0;0;
EBT;UF;4202909;579.1250;54;8;20;20;2;4;
EBT;UF;4203006;132.8750;11;5;2;3;0;1;
EBT;UF;4203204;22.1250;17;8;8;1;0;0;
EBT;UF;4203956;16.7500;6;2;3;1;0;0;
EBT;UF;4204202;537.3125;56;20;19;13;1;3;
EBT;UF;4204251;46.0000;7;3;2;1;1;0;
EBT;UF;4204301;623.5000;14;1;1;6;2;4;
EBT;UF;4204350;0.6875;4;4;0;0;0;0;
EBT;UF;4204509;3.6250;5;3;2;0;0;0;
EBT;UF;4204558;4.5000;2;1;0;1;0;0;
EBT;UF;4204608;357.7500;54;17;13;23;0;1;
EBT;UF;4204806;20.0000;2;0;0;2;0;0;
EBT;UF;4205191;10.0000;1;0;0;1;0;0;
EBT;UF;4205407;6678.2266;271;45;88;107;18;13;
EBT;UF;4205506;4.9375;10;8;2;0;0;0;
EBT;UF;4205704;17.1250;11;5;5;1;0;0;
EBT;UF;4205803;8.0000;2;0;0;2;0;0;
EBT;UF;4205902;99.3750;24;11;5;6;2;0;
EBT;UF;4206504;90.2500;25;6;14;4;1;0;
EBT;UF;4206702;3.1250;4;3;1;0;0;0;
EBT;UF;4207007;39.3125;11;4;4;3;0;0;
EBT;UF;4207106;1.2500;2;1;1;0;0;0;
EBT;UF;4207304;2.0000;1;0;1;0;0;0;
EBT;UF;4207502;254.5625;36;2;19;14;0;1;
EBT;UF;4208203;1534.1250;211;19;109;74;3;6;
EBT;UF;4208302;0.5000;1;1;0;0;0;0;
EBT;UF;4208807;1.2500;2;1;1;0;0;0;
EBT;UF;4208906;390.0625;50;8;28;11;2;1;
EBT;UF;4209003;124.5000;19;1;9;7;2;0;
EBT;UF;4209102;1611.0508;283;67;123;83;6;4;
EBT;UF;4209300;190.7500;44;11;15;18;0;0;
EBT;UF;4209706;1.2500;2;1;1;0;0;0;
EBT;UF;4210035;4.2500;4;1;3;0;0;0;
EBT;UF;4210100;12.4375;19;14;5;0;0;0;
EBT;UF;4210209;3.2500;3;1;2;0;0;0;
EBT;UF;4210605;3.5625;5;3;2;0;0;0;
EBT;UF;4211306;126.8125;36;6;17;12;1;0;
EBT;UF;4211454;1.0000;1;0;1;0;0;0;
EBT;UF;4211603;4.2500;5;1;4;0;0;0;
EBT;UF;4211702;4.2500;5;3;2;0;0;0;
EBT;UF;4211900;483.0625;60;15;28;14;2;1;
EBT;UF;4213005;0.3125;3;3;0;0;0;0;
EBT;UF;4213203;25.5000;5;2;1;1;1;0;
EBT;UF;4214706;2.2500;2;1;1;0;0;0;
EBT;UF;4214805;312.2500;60;13;22;24;1;0;
EBT;UF;4215000;26.0000;3;0;2;0;1;0;
EBT;UF;4215109;102.7500;4;2;1;0;0;1;
EBT;UF;4215455;1.0000;1;0;1;0;0;0;
EBT;UF;4215802;199.5625;85;34;40;10;1;0;
EBT;UF;4216107;3.2500;3;1;2;0;0;0;
EBT;UF;4216206;246.4375;24;7;6;7;3;1;
EBT;UF;4216255;1.0000;1;0;1;0;0;0;
EBT;UF;4216602;379.0000;70;10;31;26;3;0;
EBT;UF;4216909;41.7500;7;3;2;1;1;0;
EBT;UF;4217006;2.0000;1;0;1;0;0;0;
EBT;UF;4217402;37.5000;5;2;2;0;1;0;
EBT;UF;4217709;216.0000;4;0;0;1;0;3;
EBT;UF;4218202;126.5000;12;1;8;2;0;1;
EBT;UF;4218707;66.0625;14;1;6;7;0;0;
EBT;UF;4218806;14.0000;3;0;2;1;0;0;
EBT;UF;4219176;1.0000;1;0;1;0;0;0;
EBT;UF;4219309;32.7500;16;11;2;2;1;0;
EBT;UF;4219507;7.7500;12;7;5;0;0;0;
EBT;UF;4219705;34.6250;8;4;2;1;1;0;
EBT;UF;4300406;54.8125;30;19;2;9;0;0;
EBT;UF;4300604;144.0000;27;7;10;8;2;0;
EBT;UF;4301008;0.5000;1;1;0;0;0;0;
EBT;UF;4301552;1.2500;2;1;1;0;0;0;
EBT;UF;4301602;478.3750;33;8;8;9;6;2;
EBT;UF;4302105;1177.0000;116;8;40;55;10;3;
EBT;UF;4302204;1.0000;1;0;1;0;0;0;
EBT;UF;4302352;2.0000;2;0;2;0;0;0;
EBT;UF;4302907;0.6250;2;2;0;0;0;0;
EBT;UF;4303004;18.9375;20;13;6;1;0;0;
EBT;UF;4303103;398.0000;53;7;15;25;6;0;
EBT;UF;4303509;267.0000;25;2;8;13;1;1;
EBT;UF;4303806;1.5000;3;2;1;0;0;0;
EBT;UF;4303905;816.6250;58;13;21;15;5;4;
EBT;UF;4304408;10.6875;14;10;3;1;0;0;
EBT;UF;4304606;1038.1250;129;36;32;49;10;2;
EBT;UF;4304630;380.0625;11;3;1;5;1;1;
EBT;UF;4304663;2.2500;4;3;1;0;0;0;
EBT;UF;4304705;44.5625;27;15;8;4;0;0;
EBT;UF;4304804;68.1875;12;5;4;1;2;0;
EBT;UF;4305108;3637.7500;337;63;136;112;22;4;
EBT;UF;4305207;1.0000;1;0;1;0;0;0;
EBT;UF;4305439;1.0000;1;0;1;0;0;0;
EBT;UF;4305975;2.0000;1;0;1;0;0;0;
EBT;UF;4306056;1.0000;1;0;1;0;0;0;
EBT;UF;4306106;1216.4375;41;20;14;4;1;2;
EBT;UF;4306205;2.5625;4;2;2;0;0;0;
EBT;UF;4306403;0.5000;2;2;0;0;0;0;
EBT;UF;4306601;6.0000;1;0;0;1;0;0;
EBT;UF;4306767;343.6250;29;3;12;9;3;2;
EBT;UF;4307005;663.3125;43;2;19;13;8;1;
EBT;UF;4307559;273.5000;5;1;1;0;1;2;
EBT;UF;4307609;43.7500;16;5;7;4;0;0;
EBT;UF;4307708;72.3125;27;13;6;8;0;0;
EBT;UF;4307807;16.2500;10;5;4;1;0;0;
EBT;UF;4307906;852.1133;62;2;23;29;7;1;
EBT;UF;4308102;2.0000;2;0;2;0;0;0;
EBT;UF;4308508;2.7500;5;3;2;0;0;0;
EBT;UF;4308607;196.1875;43;9;20;12;2;0;
EBT;UF;4308904;15.5000;8;4;2;2;0;0;
EBT;UF;4309001;2.6875;6;4;2;0;0;0;
EBT;UF;4309050;8.6250;3;2;0;1;0;0;
EBT;UF;4309100;57.5000;17;9;5;2;1;0;
EBT;UF;4309209;388.8750;97;35;22;37;3;0;
EBT;UF;4309308;95.6875;22;12;4;4;2;0;
EBT;UF;4309407;2.0000;4;3;1;0;0;0;
EBT;UF;4309605;4.8750;10;7;3;0;0;0;
EBT;UF;4310108;14.2500;13;9;1;3;0;0;
EBT;UF;4310207;144.1250;16;4;3;6;3;0;
EBT;UF;4310330;1.1250;3;2;1;0;0;0;
EBT;UF;4310801;3.8750;9;7;2;0;0;0;
EBT;UF;4311007;2.4375;5;3;2;0;0;0;
EBT;UF;4311205;1.2500;2;1;1;0;0;0;
EBT;UF;4311403;1068.3750;20;8;6;5;0;1;
EBT;UF;4311809;3.8125;9;7;2;0;0;0;
EBT;UF;4312401;28.0625;21;13;4;4;0;0;
EBT;UF;4312500;1.0000;1;0;1;0;0;0;
EBT;UF;4312906;6.2500;4;1;2;1;0;0;
EBT;UF;4313201;9.6875;8;6;1;1;0;0;
EBT;UF;4313300;3.0625;6;4;2;0;0;0;
EBT;UF;4313409;671.3750;107;17;35;46;9;0;
EBT;UF;4313508;41.8125;24;16;4;4;0;0;
EBT;UF;4313706;4.5625;7;5;2;0;0;0;
EBT;UF;4313904;45.0000;26;17;5;4;0;0;
EBT;UF;4314050;13.4375;17;11;6;0;0;0;
EBT;UF;4314100;964.8750;76;14;32;18;9;3;
EBT;UF;4314308;0.2500;1;1;0;0;0;0;
EBT;UF;4314407;2169.7500;73;22;25;17;5;4;
EBT;UF;4314506;4.0000;1;0;0;1;0;0;
EBT;UF;4314803;11.2500;7;4;2;1;0;0;
EBT;UF;4314902;40898.9883;784;82;186;339;114;63;
EBT;UF;4315602;386.6250;67;29;14;19;3;2;
EBT;UF;4315701;2.8750;5;3;2;0;0;0;
EBT;UF;4316006;1.0000;1;0;1;0;0;0;
EBT;UF;4316402;11.8750;10;6;3;1;0;0;
EBT;UF;4316501;0.3125;2;2;0;0;0;0;
EBT;UF;4316808;572.5625;35;11;3;14;5;2;
EBT;UF;4316907;1743.8750;108;52;29;22;1;4;
EBT;UF;4317103;60.3125;11;2;6;2;1;0;
EBT;UF;4317202;5.0000;4;0;4;0;0;0;
EBT;UF;4317400;12.4375;9;6;2;1;0;0;
EBT;UF;4317509;8.7500;3;2;0;1;0;0;
EBT;UF;4317608;11.2500;8;5;2;1;0;0;
EBT;UF;4317905;1.0000;1;0;1;0;0;0;
EBT;UF;4318002;2.0000;1;0;1;0;0;0;
EBT;UF;4318101;1.5000;3;2;1;0;0;0;
EBT;UF;4318200;1.7500;3;2;1;0;0;0;
EBT;UF;4318507;0.2500;1;1;0;0;0;0;
EBT;UF;4318705;383.3125;66;23;21;16;5;1;
EBT;UF;4318804;1.4375;4;3;1;0;0;0;
EBT;UF;4319406;2.5000;4;2;2;0;0;0;
EBT;UF;4319505;21.0625;9;4;2;3;0;0;
EBT;UF;4319802;1.5000;3;2;1;0;0;0;
EBT;UF;4319901;80.0000;15;2;7;5;1;0;
EBT;UF;4320008;128.7500;34;13;10;10;1;0;
EBT;UF;4320107;36.5625;10;8;1;0;1;0;
EBT;UF;4320206;0.2500;1;1;0;0;0;0;
EBT;UF;4320404;3.0625;3;1;2;0;0;0;
EBT;UF;4320701;1.0000;1;0;1;0;0;0;
EBT;UF;4320800;2.0000;2;0;2;0;0;0;
EBT;UF;4321204;17.5000;13;6;6;1;0;0;
EBT;UF;4321451;504.6875;18;11;2;1;1;3;
EBT;UF;4321501;37.9375;21;16;2;2;1;0;
EBT;UF;4321600;25.4375;20;13;4;3;0;0;
EBT;UF;4321709;2.7500;4;2;2;0;0;0;
EBT;UF;4321808;1.0000;1;0;1;0;0;0;
EBT;UF;4322004;34.0000;2;0;1;0;1;0;
EBT;UF;4322400;312.1250;26;6;9;7;3;1;
EBT;UF;4322509;258.3750;23;2;7;12;1;1;
EBT;UF;4322608;10.0000;2;0;1;1;0;0;
EBT;UF;4322806;1.0000;1;0;1;0;0;0;
EBT;UF;4323002;60.3750;21;11;6;3;1;0;
EBT;UF;4323408;1.2500;2;1;1;0;0;0;
EBT;UF;4323804;0.6250;6;6;0;0;0;0;
EBT;UF;5000203;66.0000;11;0;3;8;0;0;
EBT;UF;5002704;4912.9375;379;93;124;129;17;16;
EBT;UF;5002951;0.0625;1;1;0;0;0;0;
EBT;UF;5003207;3.0000;2;0;2;0;0;0;
EBT;UF;5003702;1045.7500;37;6;10;16;2;3;
EBT;UF;5004502;1.2500;3;3;0;0;0;0;
EBT;UF;5005400;62.0000;7;0;1;4;2;0;
EBT;UF;5006002;1.0000;1;0;1;0;0;0;
EBT;UF;5006309;4.0000;2;0;2;0;0;0;
EBT;UF;5007109;31.0000;6;0;1;5;0;0;
EBT;UF;5007208;2.0000;1;0;1;0;0;0;
EBT;UF;5007554;1.0000;1;0;1;0;0;0;
EBT;UF;5007901;46.5000;4;1;1;1;1;0;
EBT;UF;5008305;254.0000;36;0;12;22;2;0;
EBT;UF;5100250;4.5000;3;1;2;0;0;0;
EBT;UF;5102504;138.6875;50;15;27;7;1;0;
EBT;UF;5103403;14934.4375;847;155;487;118;50;37;
EBT;UF;5103502;2.0000;1;0;1;0;0;0;
EBT;UF;5104104;0.5000;1;1;0;0;0;0;
EBT;UF;5105002;22.2500;5;1;2;2;0;0;
EBT;UF;5105150;2.0000;1;0;1;0;0;0;
EBT;UF;5105259;979.8750;152;36;82;25;4;5;
EBT;UF;5105622;93.5000;18;3;13;0;2;0;
EBT;UF;5105903;0.5000;1;1;0;0;0;0;
EBT;UF;5106224;450.5000;83;17;44;16;5;1;
EBT;UF;5106752;295.1250;59;21;30;3;4;1;
EBT;UF;5107198;0.5625;2;2;0;0;0;0;
EBT;UF;5107602;1819.1250;209;28;119;42;9;11;
EBT;UF;5107909;7009.1250;192;21;123;29;7;12;
EBT;UF;5107925;872.6875;129;21;69;31;4;4;
EBT;UF;5107958;3.3750;5;4;1;0;0;0;
EBT;UF;5108402;674.0625;138;24;79;28;6;1;
EBT;UF;5200050;2.0000;1;0;1;0;0;0;
EBT;UF;5200258;6.7500;7;2;5;0;0;0;
EBT;UF;5200308;5.2500;7;4;3;0;0;0;
EBT;UF;5201108;2135.7500;179;23;80;60;9;7;
EBT;UF;5201405;406.7500;184;39;124;21;0;0;
EBT;UF;5204508;25.0000;6;2;2;2;0;0;
EBT;UF;5204706;6.0000;6;3;3;0;0;0;
EBT;UF;5205109;276.3750;36;6;18;8;3;1;
EBT;UF;5205513;0.2500;1;1;0;0;0;0;
EBT;UF;5205802;0.2500;1;1;0;0;0;0;
EBT;UF;5205901;1.0000;1;0;1;0;0;0;
EBT;UF;5206206;58.7500;7;2;2;2;1;0;
EBT;UF;5208004;2.0000;1;0;1;0;0;0;
EBT;UF;5208707;3658.0000;541;102;306;105;15;13;
EBT;UF;5209101;0.2500;1;1;0;0;0;0;
EBT;UF;5209804;0.2500;1;1;0;0;0;0;
EBT;UF;5209937;2.0000;1;0;1;0;0;0;
EBT;UF;5210000;8.0000;4;0;4;0;0;0;
EBT;UF;5210802;0.2500;1;1;0;0;0;0;
EBT;UF;5211503;87.8125;30;3;20;7;0;0;
EBT;UF;5211909;107.0000;4;0;2;1;0;1;
EBT;UF;5212303;0.2500;1;1;0;0;0;0;
EBT;UF;5212501;49.8750;33;15;16;2;0;0;
EBT;UF;5213806;7.1250;11;7;4;0;0;0;
EBT;UF;5214002;0.2500;1;1;0;0;0;0;
EBT;UF;5215231;4.0625;7;5;2;0;0;0;
EBT;UF;5216809;1.0000;1;0;1;0;0;0;
EBT;UF;5217203;0.2500;1;1;0;0;0;0;
EBT;UF;5217401;1.0000;1;0;1;0;0;0;
EBT;UF;5218003;52.5000;5;1;1;1;2;0;
EBT;UF;5218508;0.2500;1;1;0;0;0;0;
EBT;UF;5218805;185.0625;44;6;24;13;1;0;
EBT;UF;5219605;2.0000;1;0;1;0;0;0;
EBT;UF;5219753;7.0000;4;0;4;0;0;0;
EBT;UF;5220454;33.5000;14;1;12;1;0;0;
EBT;UF;5221403;39.3125;8;4;1;2;1;0;
EBT;UF;5221601;46.0625;12;8;1;2;1;0;
EBT;UF;5221809;0.2500;1;1;0;0;0;0;
EBT;UF;5221858;28.3750;22;9;12;1;0;0;
EBT;UF;5300108;138761.125;2646;442;1161;622;176;245;
09;1038;
