01;CLA;IPL4;201306;
EBT;UF;1501402;2.0000;2;0;2;0;0;0;
EBT;UF;2111300;0.2500;1;1;0;0;0;0;
EBT;UF;2211001;151.1562;7;4;0;0;0;3;
EBT;UF;2408102;53.4375;7;5;1;0;0;1;
EBT;UF;2507507;1.7813;2;0;2;0;0;0;
EBT;UF;2609600;1.0000;1;0;1;0;0;0;
EBT;UF;2610707;1.0000;1;0;1;0;0;0;
EBT;UF;2704302;3.6250;7;5;2;0;0;0;
EBT;UF;2927408;53.3906;12;10;1;0;0;1;
EBT;UF;3106200;333.7891;151;42;104;1;0;4;
EBT;UF;3202454;0.2500;1;1;0;0;0;0;
EBT;UF;3205200;1.0000;1;0;1;0;0;0;
EBT;UF;3205309;5.7813;6;2;4;0;0;0;
EBT;UF;3300308;0.0625;1;1;0;0;0;0;
EBT;UF;3300407;2.0000;1;0;1;0;0;0;
EBT;UF;3300456;0.6250;3;3;0;0;0;0;
EBT;UF;3301702;12.0000;4;0;2;2;0;0;
EBT;UF;3302858;4.8125;9;8;1;0;0;0;
EBT;UF;3303203;3.2500;4;3;1;0;0;0;
EBT;UF;3303500;17.7031;12;3;9;0;0;0;
EBT;UF;3303708;0.2500;1;1;0;0;0;0;
EBT;UF;3304557;230.6875;174;49;125;0;0;0;
EBT;UF;3305802;0.2500;1;1;0;0;0;0;
EBT;UF;3501608;8.1875;15;11;4;0;0;0;
EBT;UF;3502507;2.7500;5;3;2;0;0;0;
EBT;UF;3503208;8.8125;16;13;3;0;0;0;
EBT;UF;3503307;2.3125;6;5;1;0;0;0;
EBT;UF;3503901;2.0000;1;0;1;0;0;0;
EBT;UF;3504107;13.2813;17;10;7;0;0;0;
EBT;UF;3505708;155.2930;77;50;26;0;0;1;
EBT;UF;3506003;6.9141;11;6;5;0;0;0;
EBT;UF;3507605;11.9375;17;11;6;0;0;0;
EBT;UF;3509007;6.0000;3;0;3;0;0;0;
EBT;UF;3509205;4.0000;2;0;2;0;0;0;
EBT;UF;3509502;52.5469;55;29;25;1;0;0;
EBT;UF;3510401;1.5000;3;2;1;0;0;0;
EBT;UF;3510609;11.2500;14;8;6;0;0;0;
EBT;UF;3513009;20.5508;21;11;10;0;0;0;
EBT;UF;3513405;0.5000;1;1;0;0;0;0;
EBT;UF;3513504;0.5625;2;2;0;0;0;0;
EBT;UF;3513801;3.7500;6;3;3;0;0;0;
EBT;UF;3514908;1.2500;2;1;1;0;0;0;
EBT;UF;3515004;4.2500;5;3;2;0;0;0;
EBT;UF;3515707;0.5000;1;1;0;0;0;0;
EBT;UF;3516309;0.5000;1;1;0;0;0;0;
EBT;UF;3516408;0.2500;1;1;0;0;0;0;
EBT;UF;3518404;5.5625;12;11;1;0;0;0;
EBT;UF;3518701;131.8438;13;11;1;0;0;1;
EBT;UF;3518800;3.3125;11;10;1;0;0;0;
EBT;UF;3520509;3.5625;4;2;2;0;0;0;
EBT;UF;3522208;3.2500;4;3;1;0;0;0;
EBT;UF;3522307;10.5273;14;8;6;0;0;0;
EBT;UF;3522505;12.6875;9;3;6;0;0;0;
EBT;UF;3524402;0.6875;4;4;0;0;0;0;
EBT;UF;3525003;1.6250;5;5;0;0;0;0;
EBT;UF;3525300;1.0000;1;0;1;0;0;0;
EBT;UF;3525904;18.4336;18;9;8;1;0;0;
EBT;UF;3526902;0.2500;1;1;0;0;0;0;
EBT;UF;3527207;1.5625;3;2;1;0;0;0;
EBT;UF;3529401;3.2500;8;6;2;0;0;0;
EBT;UF;3530607;0.5000;1;1;0;0;0;0;
EBT;UF;3530706;1.5625;4;3;1;0;0;0;
EBT;UF;3530805;4.7500;7;4;3;0;0;0;
EBT;UF;3531803;1.2500;2;1;1;0;0;0;
EBT;UF;3534401;46.8789;51;30;20;1;0;0;
EBT;UF;3538006;1.0000;1;0;1;0;0;0;
EBT;UF;3538709;1.7500;3;2;1;0;0;0;
EBT;UF;3539806;2.0000;1;0;1;0;0;0;
EBT;UF;3541000;1.6250;6;6;0;0;0;0;
EBT;UF;3543303;2.5000;2;1;1;0;0;0;
EBT;UF;3543402;187.5449;44;17;24;0;0;3;
EBT;UF;3543907;5.0625;9;7;2;0;0;0;
EBT;UF;3545209;0.7500;2;2;0;0;0;0;
EBT;UF;3545803;5.9648;10;7;3;0;0;0;
EBT;UF;3547304;6.5625;7;4;3;0;0;0;
EBT;UF;3547809;15.3125;25;17;8;0;0;0;
EBT;UF;3548500;13.3828;28;22;6;0;0;0;
EBT;UF;3548708;16.9375;26;19;7;0;0;0;
EBT;UF;3548807;3.5625;9;8;1;0;0;0;
EBT;UF;3548906;53.9453;11;9;1;0;0;1;
EBT;UF;3549805;9.3594;10;2;8;0;0;0;
EBT;UF;3549904;11.0469;20;14;6;0;0;0;
EBT;UF;3550308;305.0020;459;346;112;0;0;1;
EBT;UF;3551009;132.8125;11;7;3;0;0;1;
EBT;UF;3551702;0.7813;1;0;1;0;0;0;
EBT;UF;3552205;6.4355;7;3;4;0;0;0;
EBT;UF;3552403;1.5000;3;3;0;0;0;0;
EBT;UF;3552502;0.2500;1;1;0;0;0;0;
EBT;UF;3552809;7.2500;10;8;2;0;0;0;
EBT;UF;3554102;0.7813;1;0;1;0;0;0;
EBT;UF;3556206;1.3906;2;1;1;0;0;0;
EBT;UF;3556453;1.7148;2;1;1;0;0;0;
EBT;UF;4106902;180.8203;118;105;10;0;0;3;
EBT;UF;4113700;4.8750;7;4;3;0;0;0;
EBT;UF;4115200;4.2500;8;4;4;0;0;0;
EBT;UF;4119905;2.2500;5;4;1;0;0;0;
EBT;UF;4202404;6.7500;18;15;3;0;0;0;
EBT;UF;4205407;5.0938;19;16;3;0;0;0;
EBT;UF;4305108;2.7500;3;2;1;0;0;0;
EBT;UF;4314100;0.5000;1;1;0;0;0;0;
EBT;UF;4314902;24.0391;53;41;12;0;0;0;
EBT;UF;4316907;0.5000;1;1;0;0;0;0;
EBT;UF;5103403;3.7578;7;4;3;0;0;0;
EBT;UF;5108402;1.5000;2;1;1;0;0;0;
EBT;UF;5208707;1.3906;2;1;1;0;0;0;
EBT;UF;5300108;7.5000;34;30;4;0;0;0;
09;106;
