01;CLA;IPL4;201603;
EBT;UF;1100023;212.3750;50;5;38;4;2;1;
EBT;UF;1100031;0.5000;1;1;0;0;0;0;
EBT;UF;1100049;331.6875;85;19;51;13;1;1;
EBT;UF;1100056;0.2500;1;1;0;0;0;0;
EBT;UF;1100064;1.0000;1;0;1;0;0;0;
EBT;UF;1100080;0.3750;2;2;0;0;0;0;
EBT;UF;1100098;0.5000;1;1;0;0;0;0;
EBT;UF;1100106;39.0000;9;0;6;2;1;0;
EBT;UF;1100114;108.0000;15;0;11;2;2;0;
EBT;UF;1100122;1205.1875;191;15;143;18;11;4;
EBT;UF;1100155;80.0000;7;0;4;0;3;0;
EBT;UF;1100189;182.3125;39;9;22;5;2;1;
EBT;UF;1100205;18683.1211;937;103;578;167;41;48;
EBT;UF;1100288;5.0000;3;0;3;0;0;0;
EBT;UF;1100296;1.0000;1;0;1;0;0;0;
EBT;UF;1100304;696.3750;142;17;99;18;6;2;
EBT;UF;1100346;1.0000;1;0;1;0;0;0;
EBT;UF;1100452;1.0000;1;0;1;0;0;0;
EBT;UF;1100601;0.5000;1;1;0;0;0;0;
EBT;UF;1100924;2.0000;1;0;1;0;0;0;
EBT;UF;1101005;3.0000;2;0;2;0;0;0;
EBT;UF;1101468;0.5000;1;1;0;0;0;0;
EBT;UF;1101492;0.5000;1;1;0;0;0;0;
EBT;UF;1101500;0.6250;2;2;0;0;0;0;
EBT;UF;1200054;4.5000;4;1;3;0;0;0;
EBT;UF;1200138;21.0000;8;0;6;2;0;0;
EBT;UF;1200203;17.0000;9;0;9;0;0;0;
EBT;UF;1200252;0.6875;3;3;0;0;0;0;
EBT;UF;1200401;20846.2266;485;55;284;101;20;25;
EBT;UF;1200450;5.0000;3;0;3;0;0;0;
EBT;UF;1301100;6.0000;4;0;4;0;0;0;
EBT;UF;1301704;338.3125;16;4;7;1;1;3;
EBT;UF;1301852;2.0000;1;0;1;0;0;0;
EBT;UF;1302603;55920.7500;1224;151;673;265;83;52;
EBT;UF;1303403;2.5000;3;2;1;0;0;0;
EBT;UF;1400100;1029.0625;176;9;97;60;9;1;
EBT;UF;1500107;1.0000;1;0;1;0;0;0;
EBT;UF;1500602;2.0000;1;0;1;0;0;0;
EBT;UF;1500800;50573.6465;205;13;100;67;8;17;
EBT;UF;1501303;24.0000;4;0;2;2;0;0;
EBT;UF;1501402;106287.621;1176;58;500;388;117;113;
EBT;UF;1501501;93.8750;41;6;30;5;0;0;
EBT;UF;1501709;2.2500;2;1;1;0;0;0;
EBT;UF;1501956;0.5000;1;1;0;0;0;0;
EBT;UF;1502202;241.0000;10;0;1;4;4;1;
EBT;UF;1502400;158.5156;37;3;24;8;2;0;
EBT;UF;1502939;1.0000;1;0;1;0;0;0;
EBT;UF;1503309;1.0000;1;0;1;0;0;0;
EBT;UF;1503606;6.0000;3;0;3;0;0;0;
EBT;UF;1503903;2.0000;1;0;1;0;0;0;
EBT;UF;1504208;616.5078;155;36;83;25;10;1;
EBT;UF;1504422;332.2773;89;17;47;22;2;1;
EBT;UF;1505304;1.0000;1;0;1;0;0;0;
EBT;UF;1505502;392.0000;22;0;15;2;2;3;
EBT;UF;1506138;1.0000;1;0;1;0;0;0;
EBT;UF;1506203;1.2500;3;3;0;0;0;0;
EBT;UF;1506500;2.2148;3;2;1;0;0;0;
EBT;UF;1506807;238.0938;71;14;48;6;1;2;
EBT;UF;1507607;5.0000;3;0;3;0;0;0;
EBT;UF;1507904;1.0000;1;0;1;0;0;0;
EBT;UF;1508209;0.2500;1;1;0;0;0;0;
EBT;UF;1600303;678.9141;150;16;95;28;8;3;
EBT;UF;1600600;25.6250;17;5;11;1;0;0;
EBT;UF;1700301;1024.0000;1;0;0;0;0;1;
EBT;UF;1700350;4.0000;3;0;3;0;0;0;
EBT;UF;1700400;0.5000;1;1;0;0;0;0;
EBT;UF;1700707;206.7500;9;2;4;1;1;1;
EBT;UF;1702000;0.2500;1;1;0;0;0;0;
EBT;UF;1702109;1631.3750;88;12;35;26;8;7;
EBT;UF;1702208;1.0000;1;0;1;0;0;0;
EBT;UF;1705508;387.5000;11;1;6;0;1;3;
EBT;UF;1706506;14.0000;1;0;0;0;1;0;
EBT;UF;1707009;5.0000;3;0;3;0;0;0;
EBT;UF;1709302;175.6875;11;4;4;2;0;1;
EBT;UF;1709500;480.3125;26;3;12;7;1;3;
EBT;UF;1713205;11.5625;10;3;7;0;0;0;
EBT;UF;1713304;6.2500;8;4;4;0;0;0;
EBT;UF;1714203;1.0000;1;0;1;0;0;0;
EBT;UF;1714880;160.8125;7;3;3;0;0;1;
EBT;UF;1716109;368.7500;18;2;8;3;3;2;
EBT;UF;1716505;1.0000;1;0;1;0;0;0;
EBT;UF;1716604;8.0000;4;0;4;0;0;0;
EBT;UF;1718204;718.2500;38;3;18;8;4;5;
EBT;UF;1718402;4.0000;1;0;0;1;0;0;
EBT;UF;1721000;8557.1875;290;50;127;61;22;30;
EBT;UF;1721208;1.0000;1;0;1;0;0;0;
EBT;UF;1722081;4.0000;1;0;0;1;0;0;
EBT;UF;2100204;32.0000;1;0;0;0;1;0;
EBT;UF;2101202;98.0000;7;0;4;0;3;0;
EBT;UF;2101251;155.0000;1;0;0;0;0;1;
EBT;UF;2101400;223.0000;19;0;3;12;3;1;
EBT;UF;2101608;0.1250;1;1;0;0;0;0;
EBT;UF;2102804;1.0000;1;0;1;0;0;0;
EBT;UF;2103000;1134.0000;31;0;8;10;7;6;
EBT;UF;2103307;157.0000;2;0;1;0;0;1;
EBT;UF;2103406;0.2500;1;1;0;0;0;0;
EBT;UF;2103604;1.0000;1;0;1;0;0;0;
EBT;UF;2104057;6.0000;3;0;3;0;0;0;
EBT;UF;2105302;538.2500;65;4;29;27;4;1;
EBT;UF;2105427;20.0000;3;0;1;2;0;0;
EBT;UF;2108603;4.0000;1;0;0;1;0;0;
EBT;UF;2109106;2.5000;5;4;1;0;0;0;
EBT;UF;2109601;2.0000;1;0;1;0;0;0;
EBT;UF;2109908;297.0000;13;2;7;0;1;3;
EBT;UF;2110203;0.2500;1;1;0;0;0;0;
EBT;UF;2110302;52.0000;6;0;1;5;0;0;
EBT;UF;2111201;48.1445;21;8;8;5;0;0;
EBT;UF;2111300;29474.1875;408;39;115;171;50;33;
EBT;UF;2112209;164.0000;7;0;1;2;3;1;
EBT;UF;2112902;0.8750;3;3;0;0;0;0;
EBT;UF;2114007;6.0000;3;0;3;0;0;0;
EBT;UF;2200400;33.0000;2;0;1;0;1;0;
EBT;UF;2201507;42.0000;2;0;0;1;1;0;
EBT;UF;2202000;32.0000;1;0;0;0;1;0;
EBT;UF;2202208;180.0000;5;0;0;2;2;1;
EBT;UF;2202406;64.0000;2;0;0;0;2;0;
EBT;UF;2202703;64.0000;2;0;0;0;2;0;
EBT;UF;2203701;107.0000;5;0;1;1;3;0;
EBT;UF;2203909;54.0625;6;1;1;3;1;0;
EBT;UF;2207702;146.0000;9;0;2;3;4;0;
EBT;UF;2208403;625.0000;15;0;2;2;8;3;
EBT;UF;2211001;19227.3867;361;11;81;136;118;15;
EBT;UF;2301000;133.7500;13;2;8;2;0;1;
EBT;UF;2301109;50.0000;5;0;0;4;1;0;
EBT;UF;2301901;41.6250;10;3;2;5;0;0;
EBT;UF;2302503;20.0000;2;0;0;2;0;0;
EBT;UF;2303709;49.0391;25;8;12;5;0;0;
EBT;UF;2303956;0.2500;1;1;0;0;0;0;
EBT;UF;2304103;8.2500;2;1;0;1;0;0;
EBT;UF;2304202;95.0000;7;0;2;3;2;0;
EBT;UF;2304285;262.5000;31;1;15;10;4;1;
EBT;UF;2304400;13433.6953;542;36;182;225;55;44;
EBT;UF;2305233;89.9922;15;1;8;4;2;0;
EBT;UF;2305407;104.0000;4;0;0;0;3;1;
EBT;UF;2305506;42.0000;3;0;0;2;1;0;
EBT;UF;2306256;0.5000;1;1;0;0;0;0;
EBT;UF;2306405;38.0000;5;0;0;5;0;0;
EBT;UF;2307007;1.0000;1;0;1;0;0;0;
EBT;UF;2307304;350.5000;32;1;14;14;1;2;
EBT;UF;2307601;110.0000;4;0;0;2;1;1;
EBT;UF;2307650;265.2148;46;2;21;20;3;0;
EBT;UF;2307700;30.0000;3;0;0;3;0;0;
EBT;UF;2308302;18.0000;2;0;1;0;1;0;
EBT;UF;2309201;10.0000;1;0;0;1;0;0;
EBT;UF;2309607;106.0000;3;0;0;0;2;1;
EBT;UF;2310704;1.0000;1;0;1;0;0;0;
EBT;UF;2311306;53.0000;5;0;1;3;1;0;
EBT;UF;2311801;72.9375;20;8;8;3;1;0;
EBT;UF;2312403;4.0000;2;0;2;0;0;0;
EBT;UF;2312908;434.3125;46;6;16;17;5;2;
EBT;UF;2313302;3.1875;4;2;2;0;0;0;
EBT;UF;2313401;722.0000;13;0;2;4;3;4;
EBT;UF;2400109;90.0000;4;0;0;3;0;1;
EBT;UF;2400802;0.5000;1;1;0;0;0;0;
EBT;UF;2403251;176.8750;47;6;26;15;0;0;
EBT;UF;2404507;1.0000;1;0;1;0;0;0;
EBT;UF;2406700;10.0000;1;0;0;1;0;0;
EBT;UF;2407104;33.0000;13;0;11;2;0;0;
EBT;UF;2407203;10.0000;1;0;0;1;0;0;
EBT;UF;2408003;713.3125;58;7;30;14;4;3;
EBT;UF;2408102;6230.2930;166;20;38;65;18;25;
EBT;UF;2412005;434.5000;22;1;10;7;1;3;
EBT;UF;2501807;91.5000;15;1;9;4;1;0;
EBT;UF;2503209;552.2500;36;1;20;11;1;3;
EBT;UF;2504009;2072.7500;65;6;14;29;6;10;
EBT;UF;2506301;42.0000;2;0;0;1;1;0;
EBT;UF;2506905;48.0000;2;0;0;0;2;0;
EBT;UF;2507507;6204.4922;264;20;107;79;32;26;
EBT;UF;2510808;207.0000;4;0;0;2;1;1;
EBT;UF;2516201;6.0000;3;0;3;0;0;0;
EBT;UF;2600054;252.3398;42;8;28;4;1;1;
EBT;UF;2601102;18.0000;1;0;0;0;1;0;
EBT;UF;2601201;90.0000;7;0;1;2;4;0;
EBT;UF;2601706;178.5000;6;1;0;1;3;1;
EBT;UF;2601904;22.0000;1;0;0;0;1;0;
EBT;UF;2602902;1355.6719;117;7;78;22;4;6;
EBT;UF;2603454;20.5000;12;1;10;1;0;0;
EBT;UF;2604007;51.0000;5;0;1;3;1;0;
EBT;UF;2604106;1683.4727;73;7;36;23;4;3;
EBT;UF;2605103;24.7891;3;0;2;0;1;0;
EBT;UF;2606002;20.5000;3;1;0;2;0;0;
EBT;UF;2606200;4.0000;2;0;2;0;0;0;
EBT;UF;2606408;146.2500;11;3;6;1;0;1;
EBT;UF;2606804;47.5000;18;1;11;6;0;0;
EBT;UF;2607208;616.2500;44;6;19;16;0;3;
EBT;UF;2607752;2.0000;1;0;1;0;0;0;
EBT;UF;2607901;1230.7461;198;18;106;63;9;2;
EBT;UF;2608909;9.5000;12;6;6;0;0;0;
EBT;UF;2609600;582.2148;67;9;31;18;7;2;
EBT;UF;2610707;486.3047;79;12;55;9;1;2;
EBT;UF;2610905;168.0000;3;0;0;0;2;1;
EBT;UF;2611101;108.5000;16;1;9;4;2;0;
EBT;UF;2611606;20149.0430;811;59;318;271;87;76;
EBT;UF;2612000;50.0000;1;0;0;0;0;1;
EBT;UF;2612208;22.0000;3;0;0;3;0;0;
EBT;UF;2613701;46.5000;10;1;5;3;1;0;
EBT;UF;2613909;165.6250;33;18;6;3;6;0;
EBT;UF;2700300;349.5625;49;2;27;18;1;1;
EBT;UF;2704302;25740.2539;360;40;122;149;24;25;
EBT;UF;2704708;2.0000;1;0;1;0;0;0;
EBT;UF;2706307;3.0000;2;0;2;0;0;0;
EBT;UF;2706703;12.0000;2;0;1;1;0;0;
EBT;UF;2707701;178.0000;16;2;13;0;0;1;
EBT;UF;2708600;2.0000;1;0;1;0;0;0;
EBT;UF;2709301;2.0000;1;0;1;0;0;0;
EBT;UF;2800308;6926.8047;295;37;101;116;19;22;
EBT;UF;2800670;2.8750;5;3;2;0;0;0;
EBT;UF;2803203;1.0000;1;0;1;0;0;0;
EBT;UF;2804805;456.2500;62;7;33;19;1;2;
EBT;UF;2805703;22.0000;3;0;1;2;0;0;
EBT;UF;2806701;170.5625;13;3;5;3;1;1;
EBT;UF;2900702;137.0000;17;0;6;9;2;0;
EBT;UF;2901007;1.5000;2;1;1;0;0;0;
EBT;UF;2901106;1.0000;1;0;1;0;0;0;
EBT;UF;2903201;20.0000;6;0;4;2;0;0;
EBT;UF;2904605;70.0000;6;0;3;1;1;1;
EBT;UF;2904704;2.0000;1;0;1;0;0;0;
EBT;UF;2905602;130.0000;5;0;2;1;1;1;
EBT;UF;2905701;558.1250;92;6;51;31;2;2;
EBT;UF;2906501;744.0000;18;0;6;6;2;4;
EBT;UF;2906709;2.0000;1;0;1;0;0;0;
EBT;UF;2908408;2.0000;3;2;1;0;0;0;
EBT;UF;2908507;3.0000;2;0;2;0;0;0;
EBT;UF;2909802;50.0000;5;0;1;3;1;0;
EBT;UF;2910727;372.9375;27;4;13;7;1;2;
EBT;UF;2910800;3353.4648;183;23;76;61;8;15;
EBT;UF;2912103;4.0000;1;0;0;1;0;0;
EBT;UF;2913606;1040.5000;93;1;28;53;8;3;
EBT;UF;2913705;1.0000;1;0;1;0;0;0;
EBT;UF;2914653;18.0000;3;0;1;2;0;0;
EBT;UF;2914802;1849.1250;83;9;34;28;3;9;
EBT;UF;2914901;72.0000;2;0;0;1;0;1;
EBT;UF;2915304;2.0000;1;0;1;0;0;0;
EBT;UF;2915601;62.0000;9;0;7;0;2;0;
EBT;UF;2915809;12.0000;2;0;1;1;0;0;
EBT;UF;2916302;2.0000;1;0;1;0;0;0;
EBT;UF;2916401;156.1875;9;2;3;1;2;1;
EBT;UF;2917102;2.0000;1;0;1;0;0;0;
EBT;UF;2917607;100.0000;1;0;0;0;0;1;
EBT;UF;2918001;415.0000;28;3;14;6;2;3;
EBT;UF;2918407;7.5156;4;0;4;0;0;0;
EBT;UF;2919207;1612.9648;71;1;34;28;3;5;
EBT;UF;2919553;2.0000;1;0;1;0;0;0;
EBT;UF;2920601;18.0000;2;0;0;2;0;0;
EBT;UF;2921005;20.2500;3;1;0;2;0;0;
EBT;UF;2921302;12.0000;3;0;1;2;0;0;
EBT;UF;2922003;14.0000;2;0;0;2;0;0;
EBT;UF;2924009;84.1250;12;1;5;4;2;0;
EBT;UF;2925006;4.0000;2;0;2;0;0;0;
EBT;UF;2925105;21.0000;3;0;1;2;0;0;
EBT;UF;2925303;324.0000;24;0;13;6;3;2;
EBT;UF;2927002;0.5000;1;1;0;0;0;0;
EBT;UF;2927408;57738.0391;1091;111;400;414;82;84;
EBT;UF;2928703;188.0000;7;0;2;2;2;1;
EBT;UF;2929206;4.0625;2;1;0;1;0;0;
EBT;UF;2929305;50.0000;1;0;0;0;0;1;
EBT;UF;2929354;4.0000;1;0;0;1;0;0;
EBT;UF;2930105;17.0000;5;0;4;1;0;0;
EBT;UF;2930709;243.0000;59;4;34;21;0;0;
EBT;UF;2931350;3370.3125;42;4;18;6;5;9;
EBT;UF;2932507;32.0000;1;0;0;0;1;0;
EBT;UF;2932903;6.2500;10;6;4;0;0;0;
EBT;UF;2933307;1290.0625;109;7;50;40;7;5;
EBT;UF;3100302;2.0000;1;0;1;0;0;0;
EBT;UF;3101508;259.5000;12;3;1;0;8;0;
EBT;UF;3101607;73.6250;34;8;23;3;0;0;
EBT;UF;3101904;19.0000;3;0;2;0;1;0;
EBT;UF;3103504;48.8945;24;1;20;3;0;0;
EBT;UF;3104007;89.7148;33;6;25;1;1;0;
EBT;UF;3104205;13.2500;8;1;7;0;0;0;
EBT;UF;3104601;32.0000;1;0;0;0;1;0;
EBT;UF;3104908;4.0000;2;0;2;0;0;0;
EBT;UF;3105608;232.3945;32;2;20;4;6;0;
EBT;UF;3106200;134018.842;3173;339;1784;654;229;167;
EBT;UF;3106309;74.0625;5;1;1;1;2;0;
EBT;UF;3106705;5044.1523;302;54;176;39;26;7;
EBT;UF;3107109;4.0000;2;0;2;0;0;0;
EBT;UF;3107406;10.0000;5;0;5;0;0;0;
EBT;UF;3107703;0.2500;1;1;0;0;0;0;
EBT;UF;3108404;2.0000;1;0;1;0;0;0;
EBT;UF;3108909;2.2500;2;1;1;0;0;0;
EBT;UF;3109303;2.0000;1;0;1;0;0;0;
EBT;UF;3109501;2.0000;1;0;1;0;0;0;
EBT;UF;3109709;2.0000;1;0;1;0;0;0;
EBT;UF;3110004;2.0000;1;0;1;0;0;0;
EBT;UF;3110301;2.0000;1;0;1;0;0;0;
EBT;UF;3110509;7.0000;4;0;4;0;0;0;
EBT;UF;3110608;5.0000;3;0;3;0;0;0;
EBT;UF;3110707;4.0000;2;0;2;0;0;0;
EBT;UF;3111606;2.0000;1;0;1;0;0;0;
EBT;UF;3112307;2.0000;1;0;1;0;0;0;
EBT;UF;3113206;64.0000;2;0;0;0;2;0;
EBT;UF;3113404;14.0000;3;0;2;1;0;0;
EBT;UF;3114303;2.0000;1;0;1;0;0;0;
EBT;UF;3114501;2.0000;1;0;1;0;0;0;
EBT;UF;3115300;561.0000;11;0;3;3;2;3;
EBT;UF;3115508;13.6250;10;3;7;0;0;0;
EBT;UF;3117876;24.0000;3;0;0;3;0;0;
EBT;UF;3118007;18.3125;13;4;9;0;0;0;
EBT;UF;3118304;96.8437;35;9;19;6;1;0;
EBT;UF;3118403;32.0000;1;0;0;0;1;0;
EBT;UF;3118601;3863.0234;522;64;294;111;41;12;
EBT;UF;3119401;59.0000;18;2;14;1;1;0;
EBT;UF;3120904;64.0000;29;0;27;2;0;0;
EBT;UF;3122306;1193.2617;98;8;66;13;5;6;
EBT;UF;3122454;0.2500;1;1;0;0;0;0;
EBT;UF;3123601;4.0000;2;0;2;0;0;0;
EBT;UF;3123908;36.0000;2;0;1;0;1;0;
EBT;UF;3124203;32.0000;1;0;0;0;1;0;
EBT;UF;3125101;21.0000;12;0;12;0;0;0;
EBT;UF;3126109;4.0000;2;0;2;0;0;0;
EBT;UF;3127008;2.0000;1;0;1;0;0;0;
EBT;UF;3127107;17.0000;9;0;9;0;0;0;
EBT;UF;3127701;1843.5430;109;10;66;13;13;7;
EBT;UF;3128709;8.0000;1;0;0;1;0;0;
EBT;UF;3129509;2.0000;1;0;1;0;0;0;
EBT;UF;3129806;213.4297;21;3;13;1;3;1;
EBT;UF;3130101;24.0000;5;0;3;2;0;0;
EBT;UF;3130309;5.0000;3;0;3;0;0;0;
EBT;UF;3131307;1934.9570;91;14;52;8;13;4;
EBT;UF;3131703;265.2031;47;14;28;3;1;1;
EBT;UF;3131901;25.8750;15;4;10;1;0;0;
EBT;UF;3132206;8.0000;4;0;4;0;0;0;
EBT;UF;3132404;442.6719;78;17;41;12;8;0;
EBT;UF;3133006;9.0000;5;0;5;0;0;0;
EBT;UF;3133808;135.7500;28;4;16;7;1;0;
EBT;UF;3134103;0.2500;1;1;0;0;0;0;
EBT;UF;3134202;35.3945;21;2;19;0;0;0;
EBT;UF;3135209;2.0000;1;0;1;0;0;0;
EBT;UF;3135407;28.1250;7;1;4;2;0;0;
EBT;UF;3135506;2.0000;1;0;1;0;0;0;
EBT;UF;3136207;41.0000;33;13;19;1;0;0;
EBT;UF;3136306;64.0000;9;0;6;2;1;0;
EBT;UF;3136603;0.2500;1;1;0;0;0;0;
EBT;UF;3136702;4824.8515;232;17;124;49;24;18;
EBT;UF;3137205;99.0000;11;0;5;4;2;0;
EBT;UF;3137601;113.6797;34;11;17;4;2;0;
EBT;UF;3138203;448.2500;68;15;36;12;3;2;
EBT;UF;3138401;189.0000;3;0;1;0;1;1;
EBT;UF;3138609;202.0000;7;0;3;0;3;1;
EBT;UF;3138807;36.0000;2;0;1;0;1;0;
EBT;UF;3139003;32.0000;1;0;0;0;1;0;
EBT;UF;3139607;34.0000;2;0;1;0;1;0;
EBT;UF;3140001;64.0000;2;0;0;0;2;0;
EBT;UF;3140803;83.0000;11;0;5;5;1;0;
EBT;UF;3140902;0.2500;1;1;0;0;0;0;
EBT;UF;3141405;40.0000;5;0;4;0;1;0;
EBT;UF;3143302;3452.5742;152;17;74;19;33;9;
EBT;UF;3143906;356.0000;6;0;2;1;1;2;
EBT;UF;3144805;1175.5703;111;7;63;22;15;4;
EBT;UF;3145208;2.0000;1;0;1;0;0;0;
EBT;UF;3145604;12.2500;7;1;5;1;0;0;
EBT;UF;3145901;4.0000;2;0;2;0;0;0;
EBT;UF;3146107;10.5625;7;2;5;0;0;0;
EBT;UF;3146305;6.0000;3;0;3;0;0;0;
EBT;UF;3147006;123.1445;31;2;23;4;2;0;
EBT;UF;3147105;215.5625;17;2;12;1;1;1;
EBT;UF;3147402;266.0000;4;0;0;0;2;2;
EBT;UF;3147600;2.0000;1;0;1;0;0;0;
EBT;UF;3147907;229.6094;49;9;31;6;2;1;
EBT;UF;3148004;109.3750;24;3;18;1;2;0;
EBT;UF;3148103;9.5000;6;1;5;0;0;0;
EBT;UF;3149101;2.0000;1;0;1;0;0;0;
EBT;UF;3149309;100.3398;32;9;18;3;2;0;
EBT;UF;3149903;221.0000;9;0;6;1;0;2;
EBT;UF;3151206;475.5000;20;1;2;3;14;0;
EBT;UF;3151404;4.0000;2;0;2;0;0;0;
EBT;UF;3151800;345.2305;110;16;74;16;4;0;
EBT;UF;3152105;20.0000;2;0;0;2;0;0;
EBT;UF;3152501;849.7930;144;27;78;28;8;3;
EBT;UF;3154200;32.0000;1;0;0;0;1;0;
EBT;UF;3154606;227.1172;70;17;41;9;3;0;
EBT;UF;3155504;2.0000;1;0;1;0;0;0;
EBT;UF;3156007;0.2500;1;1;0;0;0;0;
EBT;UF;3156502;0.2500;1;1;0;0;0;0;
EBT;UF;3156700;25.8125;16;3;13;0;0;0;
EBT;UF;3157807;209.5234;67;14;38;13;2;0;
EBT;UF;3159605;1.0000;1;0;1;0;0;0;
EBT;UF;3160405;2.0000;1;0;1;0;0;0;
EBT;UF;3160702;127.5000;8;1;4;2;0;1;
EBT;UF;3162104;20.0000;6;0;5;1;0;0;
EBT;UF;3162401;2.0000;1;0;1;0;0;0;
EBT;UF;3162500;371.1875;47;14;23;2;7;1;
EBT;UF;3162559;2.0000;1;0;1;0;0;0;
EBT;UF;3162708;2.0000;1;0;1;0;0;0;
EBT;UF;3162955;2.4648;4;3;1;0;0;0;
EBT;UF;3163706;45.5000;24;6;17;0;1;0;
EBT;UF;3164704;76.3906;50;15;34;1;0;0;
EBT;UF;3165701;64.0000;2;0;0;0;2;0;
EBT;UF;3166907;8.0000;1;0;0;1;0;0;
EBT;UF;3167202;460.8789;104;13;70;16;4;1;
EBT;UF;3168606;335.0625;45;6;21;11;7;0;
EBT;UF;3168705;599.3125;38;4;11;5;18;0;
EBT;UF;3169307;177.8125;46;18;21;3;4;0;
EBT;UF;3169356;4.0000;2;0;2;0;0;0;
EBT;UF;3169406;2.7500;3;2;1;0;0;0;
EBT;UF;3169901;179.0000;9;0;2;5;1;1;
EBT;UF;3170107;2594.4023;162;30;110;16;2;4;
EBT;UF;3170206;6127.0000;499;92;262;87;28;30;
EBT;UF;3170404;174.7500;43;2;36;3;1;1;
EBT;UF;3170701;2620.5820;115;10;65;18;9;13;
EBT;UF;3170800;193.0000;7;0;1;0;6;0;
EBT;UF;3171006;2.0000;1;0;1;0;0;0;
EBT;UF;3171204;151.5000;51;5;36;8;2;0;
EBT;UF;3171303;60.2500;13;1;10;1;1;0;
EBT;UF;3171501;1.0000;1;0;1;0;0;0;
EBT;UF;3172004;128.0000;4;0;0;0;4;0;
EBT;UF;3200102;6.0000;2;0;1;1;0;0;
EBT;UF;3200136;2.0000;1;0;1;0;0;0;
EBT;UF;3200169;4.0000;2;0;2;0;0;0;
EBT;UF;3200201;22.0000;2;0;1;0;1;0;
EBT;UF;3200300;5.0000;3;0;3;0;0;0;
EBT;UF;3200409;244.0000;4;0;0;1;1;2;
EBT;UF;3200508;1.0000;1;0;1;0;0;0;
EBT;UF;3200607;86.5000;14;3;5;4;2;0;
EBT;UF;3200706;3.0000;2;0;2;0;0;0;
EBT;UF;3200805;46.0000;4;0;0;2;2;0;
EBT;UF;3200904;18.0000;4;0;2;2;0;0;
EBT;UF;3201159;4.0000;2;0;2;0;0;0;
EBT;UF;3201209;1471.0625;55;4;35;9;4;3;
EBT;UF;3201308;539.0000;74;10;45;14;2;3;
EBT;UF;3201506;1187.9375;44;4;30;5;2;3;
EBT;UF;3201902;6.5625;8;5;3;0;0;0;
EBT;UF;3202009;1.0000;1;0;1;0;0;0;
EBT;UF;3202207;4.7500;4;2;2;0;0;0;
EBT;UF;3202306;7.9375;9;5;4;0;0;0;
EBT;UF;3202405;727.0000;22;4;10;2;1;5;
EBT;UF;3202454;5.0000;3;0;3;0;0;0;
EBT;UF;3202504;75.1250;8;2;4;0;2;0;
EBT;UF;3202553;4.0000;2;0;2;0;0;0;
EBT;UF;3202603;2.0000;1;0;1;0;0;0;
EBT;UF;3202652;2.0000;1;0;1;0;0;0;
EBT;UF;3202702;5.1250;5;1;4;0;0;0;
EBT;UF;3202801;108.6875;10;6;2;1;0;1;
EBT;UF;3202900;38.0000;3;0;2;0;1;0;
EBT;UF;3203007;2.0000;1;0;1;0;0;0;
EBT;UF;3203106;6.0000;3;0;3;0;0;0;
EBT;UF;3203130;2.0000;1;0;1;0;0;0;
EBT;UF;3203163;3.1875;4;2;2;0;0;0;
EBT;UF;3203205;271.8750;35;7;18;5;4;1;
EBT;UF;3203304;8.0000;3;0;2;1;0;0;
EBT;UF;3203320;5.1875;9;5;4;0;0;0;
EBT;UF;3203346;20.0000;2;0;0;2;0;0;
EBT;UF;3203353;3.2500;3;1;2;0;0;0;
EBT;UF;3203502;10.0000;1;0;0;1;0;0;
EBT;UF;3203601;5.2500;4;1;3;0;0;0;
EBT;UF;3203809;3.0000;2;0;2;0;0;0;
EBT;UF;3203908;4.0000;2;0;2;0;0;0;
EBT;UF;3204054;24.0000;7;0;5;2;0;0;
EBT;UF;3204104;64.0000;3;0;2;0;0;1;
EBT;UF;3204203;129.6250;5;3;1;0;0;1;
EBT;UF;3204252;1.2500;2;1;1;0;0;0;
EBT;UF;3204302;10.0000;5;0;5;0;0;0;
EBT;UF;3204401;30.0000;2;0;0;1;1;0;
EBT;UF;3204500;1.2500;2;1;1;0;0;0;
EBT;UF;3204559;4.5000;3;1;2;0;0;0;
EBT;UF;3204609;49.0000;6;0;4;1;1;0;
EBT;UF;3204658;3.0000;3;0;3;0;0;0;
EBT;UF;3204708;4.0000;2;0;2;0;0;0;
EBT;UF;3204807;2.0000;1;0;1;0;0;0;
EBT;UF;3204906;1810.7500;27;3;10;3;5;6;
EBT;UF;3205002;4728.7500;203;29;92;53;14;15;
EBT;UF;3205010;2.0000;1;0;1;0;0;0;
EBT;UF;3205036;5.0000;2;0;1;1;0;0;
EBT;UF;3205069;109.9375;12;6;5;0;0;1;
EBT;UF;3205101;234.0625;28;1;15;10;1;1;
EBT;UF;3205200;2589.3125;109;11;44;38;8;8;
EBT;UF;3205309;51276.8984;263;31;50;89;30;63;
EBT;UF;3300100;1159.4648;29;5;17;4;2;1;
EBT;UF;3300209;27.0000;9;2;4;3;0;0;
EBT;UF;3300233;6.7148;7;4;3;0;0;0;
EBT;UF;3300258;2.2500;2;1;1;0;0;0;
EBT;UF;3300308;22.2148;13;2;11;0;0;0;
EBT;UF;3300407;108.5000;26;4;15;5;2;0;
EBT;UF;3300456;331.7344;58;7;41;7;1;2;
EBT;UF;3300506;1.4648;1;0;1;0;0;0;
EBT;UF;3300605;0.2500;1;1;0;0;0;0;
EBT;UF;3300704;65.0000;27;4;20;3;0;0;
EBT;UF;3300803;4.0000;2;0;2;0;0;0;
EBT;UF;3301009;5605.3555;107;23;56;13;5;10;
EBT;UF;3301108;4.5000;4;2;2;0;0;0;
EBT;UF;3301306;3.0000;2;0;2;0;0;0;
EBT;UF;3301504;2.0000;1;0;1;0;0;0;
EBT;UF;3301702;4675.3789;185;20;106;24;10;25;
EBT;UF;3301850;3.0000;2;0;2;0;0;0;
EBT;UF;3301876;0.5000;1;1;0;0;0;0;
EBT;UF;3301900;2731.0898;35;5;24;4;0;2;
EBT;UF;3302007;144.9297;35;3;24;5;3;0;
EBT;UF;3302205;32.9648;20;4;16;0;0;0;
EBT;UF;3302254;299.7500;32;2;17;7;5;1;
EBT;UF;3302270;3.9648;3;1;2;0;0;0;
EBT;UF;3302403;15161.0078;335;16;130;134;32;23;
EBT;UF;3302502;15.2148;10;2;8;0;0;0;
EBT;UF;3302601;10.5000;2;1;0;1;0;0;
EBT;UF;3302700;13.9648;8;1;7;0;0;0;
EBT;UF;3302858;2120.3047;20;4;12;1;0;3;
EBT;UF;3303203;44.8945;31;6;25;0;0;0;
EBT;UF;3303302;4461.1250;392;30;276;50;24;12;
EBT;UF;3303401;26.9297;17;6;10;1;0;0;
EBT;UF;3303500;565.1055;109;13;73;19;2;2;
EBT;UF;3303609;5.7500;5;2;3;0;0;0;
EBT;UF;3303708;2.0000;1;0;1;0;0;0;
EBT;UF;3303807;39.7500;10;2;5;3;0;0;
EBT;UF;3303906;13639.9687;96;11;57;15;6;7;
EBT;UF;3303955;2.9297;2;0;2;0;0;0;
EBT;UF;3304003;4.5000;4;1;3;0;0;0;
EBT;UF;3304110;1304.5898;49;7;16;15;1;10;
EBT;UF;3304144;28.7500;13;2;10;1;0;0;
EBT;UF;3304201;978.5000;77;2;44;16;10;5;
EBT;UF;3304300;12.2500;10;3;7;0;0;0;
EBT;UF;3304524;266.2500;51;7;25;17;2;0;
EBT;UF;3304557;936182.356;9901;672;4748;2978;617;886;
EBT;UF;3304706;1.0000;1;0;1;0;0;0;
EBT;UF;3304805;0.5000;1;1;0;0;0;0;
EBT;UF;3304904;687.8516;141;24;92;21;0;4;
EBT;UF;3305000;82.2500;17;3;11;1;2;0;
EBT;UF;3305109;211.5273;62;8;44;9;0;1;
EBT;UF;3305208;41.2148;21;4;16;1;0;0;
EBT;UF;3305505;3.5000;3;1;2;0;0;0;
EBT;UF;3305554;507.0000;12;5;3;0;1;3;
EBT;UF;3305752;2.0000;1;0;1;0;0;0;
EBT;UF;3305802;20386.4063;27;2;13;1;1;10;
EBT;UF;3306008;258.5000;33;1;20;10;1;1;
EBT;UF;3306107;6.4648;5;2;3;0;0;0;
EBT;UF;3306206;0.5000;1;1;0;0;0;0;
EBT;UF;3306305;2978.2500;66;5;37;10;7;7;
EBT;UF;3500105;155.0000;1;0;0;0;0;1;
EBT;UF;3500709;108.0000;3;0;1;1;0;1;
EBT;UF;3501004;0.2500;1;1;0;0;0;0;
EBT;UF;3501152;52.0000;2;0;1;0;0;1;
EBT;UF;3501608;3505.6484;165;22;95;21;7;20;
EBT;UF;3501707;310.0000;2;0;0;0;0;2;
EBT;UF;3502101;1823.0000;10;0;6;1;0;3;
EBT;UF;3502507;21.2500;6;1;2;3;0;0;
EBT;UF;3502804;550.7148;24;3;11;7;0;3;
EBT;UF;3503000;2.5000;2;1;1;0;0;0;
EBT;UF;3503208;4185.2148;122;16;62;14;5;25;
EBT;UF;3503307;82.4180;45;8;36;1;0;0;
EBT;UF;3503901;132.7500;19;4;13;1;0;1;
EBT;UF;3504008;1026.6250;23;3;8;5;1;6;
EBT;UF;3504107;32.9648;17;3;13;1;0;0;
EBT;UF;3504503;2.0000;1;0;1;0;0;0;
EBT;UF;3505302;8.0000;4;0;4;0;0;0;
EBT;UF;3505500;669.5156;13;0;3;5;0;5;
EBT;UF;3505708;110610.727;736;60;245;194;79;158;
EBT;UF;3505906;1.2598;3;2;1;0;0;0;
EBT;UF;3506003;14061.0391;289;15;111;71;15;77;
EBT;UF;3506102;2062.9141;56;10;22;9;3;12;
EBT;UF;3506359;8.5000;11;7;4;0;0;0;
EBT;UF;3506508;235.5000;3;1;0;0;0;2;
EBT;UF;3507001;299.5000;10;1;3;4;0;2;
EBT;UF;3507506;1734.2187;57;1;35;9;2;10;
EBT;UF;3507605;1590.0625;35;10;7;5;4;9;
EBT;UF;3507803;2.2500;2;1;1;0;0;0;
EBT;UF;3508207;2.5000;2;1;1;0;0;0;
EBT;UF;3508405;24.5000;8;1;5;2;0;0;
EBT;UF;3508504;135.2500;7;1;5;0;0;1;
EBT;UF;3508603;1375.0000;6;0;1;0;2;3;
EBT;UF;3509007;1.0000;1;0;1;0;0;0;
EBT;UF;3509205;2159.3555;109;13;46;33;9;8;
EBT;UF;3509254;155.2500;2;1;0;0;0;1;
EBT;UF;3509403;1.2500;2;1;1;0;0;0;
EBT;UF;3509502;70092.5078;920;74;438;178;53;177;
EBT;UF;3509700;28.3750;16;6;9;1;0;0;
EBT;UF;3510005;0.7500;2;2;0;0;0;0;
EBT;UF;3510401;2.0000;1;0;1;0;0;0;
EBT;UF;3510500;184.2500;10;1;6;2;0;1;
EBT;UF;3510609;2.4648;2;0;2;0;0;0;
EBT;UF;3511102;485.2109;29;1;13;12;1;2;
EBT;UF;3511508;0.5000;1;1;0;0;0;0;
EBT;UF;3512803;10.5625;6;2;3;1;0;0;
EBT;UF;3513009;3073.9570;49;10;24;9;2;4;
EBT;UF;3513504;1120.6250;35;4;13;7;4;7;
EBT;UF;3513702;1.5625;6;6;0;0;0;0;
EBT;UF;3513801;4035.9297;331;45;201;57;6;22;
EBT;UF;3514403;4.0000;2;0;2;0;0;0;
EBT;UF;3515186;4.2500;3;1;2;0;0;0;
EBT;UF;3515707;7.7500;6;2;4;0;0;0;
EBT;UF;3516200;3345.4941;105;13;66;4;2;20;
EBT;UF;3516408;2.0000;1;0;1;0;0;0;
EBT;UF;3516705;28.2500;7;1;5;0;1;0;
EBT;UF;3516903;2.0000;1;0;1;0;0;0;
EBT;UF;3517000;2.0000;1;0;1;0;0;0;
EBT;UF;3517406;1.2646;4;3;1;0;0;0;
EBT;UF;3517703;13.2686;9;2;7;0;0;0;
EBT;UF;3518305;155.0000;1;0;0;0;0;1;
EBT;UF;3518404;80.9922;52;9;43;0;0;0;
EBT;UF;3518701;1679.5312;98;14;64;14;2;4;
EBT;UF;3518800;3024.8164;619;96;413;85;12;13;
EBT;UF;3519071;12794.0000;76;2;20;8;10;36;
EBT;UF;3520103;0.5000;1;1;0;0;0;0;
EBT;UF;3520509;2459.4922;91;14;46;12;4;15;
EBT;UF;3521002;4.0000;2;0;2;0;0;0;
EBT;UF;3521309;4.7686;5;3;2;0;0;0;
EBT;UF;3521408;2.0000;1;0;1;0;0;0;
EBT;UF;3522208;11.4648;2;0;1;1;0;0;
EBT;UF;3522307;619.7500;9;2;0;2;1;4;
EBT;UF;3522505;17.5391;5;0;2;3;0;0;
EBT;UF;3522604;2.5625;5;3;2;0;0;0;
EBT;UF;3523107;224.6797;33;12;14;5;1;1;
EBT;UF;3523909;3855.7187;102;10;48;18;8;18;
EBT;UF;3524006;0.1250;1;1;0;0;0;0;
EBT;UF;3524105;1.2500;2;1;1;0;0;0;
EBT;UF;3524303;231.2500;10;1;1;6;1;1;
EBT;UF;3524402;687.2383;124;12;89;17;3;3;
EBT;UF;3524709;806.5000;17;5;4;1;2;5;
EBT;UF;3525003;198.4648;15;3;7;4;0;1;
EBT;UF;3525102;2.7500;4;2;2;0;0;0;
EBT;UF;3525201;20.0000;1;0;0;0;1;0;
EBT;UF;3525300;2401.5156;66;0;38;11;3;14;
EBT;UF;3525904;10891.0156;342;42;167;76;15;42;
EBT;UF;3526704;9.9648;7;1;6;0;0;0;
EBT;UF;3526803;1732.0000;29;0;11;4;3;11;
EBT;UF;3526902;2777.5586;121;9;79;13;4;16;
EBT;UF;3527108;2487.2031;46;8;13;8;2;15;
EBT;UF;3527207;10.0000;5;0;5;0;0;0;
EBT;UF;3527306;437.2148;20;3;10;3;1;3;
EBT;UF;3528007;2048.0000;2;0;0;0;0;2;
EBT;UF;3528403;12.5000;7;1;6;0;0;0;
EBT;UF;3528502;4.7500;4;2;2;0;0;0;
EBT;UF;3529005;3539.5000;121;13;54;25;8;21;
EBT;UF;3529302;318.0000;3;0;0;1;0;2;
EBT;UF;3529401;1603.6719;168;30;108;19;3;8;
EBT;UF;3529708;5.7500;5;2;3;0;0;0;
EBT;UF;3530300;334.0000;6;0;2;2;0;2;
EBT;UF;3530508;6.0000;6;3;3;0;0;0;
EBT;UF;3530607;6530.8594;258;50;148;26;17;17;
EBT;UF;3530706;68.1367;42;6;36;0;0;0;
EBT;UF;3530805;568.9062;30;0;26;1;0;3;
EBT;UF;3531100;10.8750;9;3;6;0;0;0;
EBT;UF;3531902;3.2500;5;3;2;0;0;0;
EBT;UF;3532009;7.0000;4;0;4;0;0;0;
EBT;UF;3533007;1.0000;1;0;1;0;0;0;
EBT;UF;3533403;19.5000;14;3;11;0;0;0;
EBT;UF;3534401;7305.4121;204;19;91;56;12;26;
EBT;UF;3534609;166.2500;4;1;1;1;0;1;
EBT;UF;3534708;1636.5000;33;1;11;8;2;11;
EBT;UF;3535309;1.0000;1;0;1;0;0;0;
EBT;UF;3535507;10.0000;1;0;0;1;0;0;
EBT;UF;3536505;6.3125;5;2;3;0;0;0;
EBT;UF;3536703;35.0000;2;0;1;0;1;0;
EBT;UF;3537107;3.5156;2;0;2;0;0;0;
EBT;UF;3537305;1.0000;1;0;1;0;0;0;
EBT;UF;3537404;3.3125;6;5;1;0;0;0;
EBT;UF;3537602;2.0000;1;0;1;0;0;0;
EBT;UF;3538006;5301.0898;41;3;28;4;0;6;
EBT;UF;3538709;7207.1406;151;23;84;21;5;18;
EBT;UF;3539004;2.0000;1;0;1;0;0;0;
EBT;UF;3539301;18.2773;12;3;9;0;0;0;
EBT;UF;3539806;1196.2891;55;2;9;6;32;6;
EBT;UF;3541000;79.0195;43;13;27;2;1;0;
EBT;UF;3541307;0.2500;1;1;0;0;0;0;
EBT;UF;3541406;3387.3281;110;9;53;20;8;20;
EBT;UF;3541505;20.5000;5;1;3;0;1;0;
EBT;UF;3542206;13.0000;3;0;2;1;0;0;
EBT;UF;3542404;2.0000;1;0;1;0;0;0;
EBT;UF;3543303;28.5625;14;4;9;1;0;0;
EBT;UF;3543402;18239.4648;531;38;252;128;16;97;
EBT;UF;3543907;2066.3984;124;17;76;17;2;12;
EBT;UF;3544004;156.7500;4;2;1;0;0;1;
EBT;UF;3544103;7.2500;5;1;4;0;0;0;
EBT;UF;3544202;2.0000;1;0;1;0;0;0;
EBT;UF;3545209;649.4648;14;0;7;3;0;4;
EBT;UF;3545803;305.5742;58;3;44;10;0;1;
EBT;UF;3546306;2.0000;1;0;1;0;0;0;
EBT;UF;3546405;23.0000;5;2;1;2;0;0;
EBT;UF;3547304;8755.3633;66;4;25;15;4;18;
EBT;UF;3547809;17590.1992;475;83;245;68;14;65;
EBT;UF;3548500;16592.1484;433;34;221;107;19;52;
EBT;UF;3548708;16585.5078;765;175;373;95;47;75;
EBT;UF;3548807;7871.4726;208;30;105;45;12;16;
EBT;UF;3548906;5897.8398;81;2;41;22;0;16;
EBT;UF;3549409;7.6250;10;6;4;0;0;0;
EBT;UF;3549706;22.8125;10;3;6;1;0;0;
EBT;UF;3549805;7949.4648;107;0;30;40;7;30;
EBT;UF;3549904;10369.7226;478;59;289;82;14;34;
EBT;UF;3550100;5.2500;6;3;3;0;0;0;
EBT;UF;3550308;512109.175;12835;1134;5704;3456;800;1741;
EBT;UF;3550605;12.3750;12;5;7;0;0;0;
EBT;UF;3550704;18.0000;4;0;2;2;0;0;
EBT;UF;3551009;3192.3867;104;25;59;12;0;8;
EBT;UF;3551702;656.5000;15;1;8;2;0;4;
EBT;UF;3552205;15722.0859;467;38;232;88;25;84;
EBT;UF;3552403;105.5000;18;2;12;1;3;0;
EBT;UF;3552502;232.6250;52;12;37;1;0;2;
EBT;UF;3552809;12525.7500;36;2;12;9;2;11;
EBT;UF;3553401;2.0000;1;0;1;0;0;0;
EBT;UF;3554102;2760.4492;182;31;105;19;12;15;
EBT;UF;3554508;11.0000;5;0;4;1;0;0;
EBT;UF;3555000;12.0000;2;0;1;1;0;0;
EBT;UF;3555406;0.5000;1;1;0;0;0;0;
EBT;UF;3556206;1075.7148;45;9;22;6;1;7;
EBT;UF;3556404;0.5000;1;1;0;0;0;0;
EBT;UF;3556503;0.2500;1;1;0;0;0;0;
EBT;UF;3556701;212.4063;11;2;5;2;1;1;
EBT;UF;3557006;1029.2148;53;8;34;5;0;6;
EBT;UF;3557105;26.1250;11;2;8;1;0;0;
EBT;UF;3557303;0.2500;1;1;0;0;0;0;
EBT;UF;4100202;0.2500;1;1;0;0;0;0;
EBT;UF;4100301;0.2500;1;1;0;0;0;0;
EBT;UF;4100400;27.2656;16;6;8;2;0;0;
EBT;UF;4100509;1.0000;1;0;1;0;0;0;
EBT;UF;4100608;1.0000;1;0;1;0;0;0;
EBT;UF;4100707;1.2500;2;1;1;0;0;0;
EBT;UF;4100806;1.2500;2;1;1;0;0;0;
EBT;UF;4100905;1.0000;3;3;0;0;0;0;
EBT;UF;4101002;0.5000;1;1;0;0;0;0;
EBT;UF;4101101;12.7500;9;2;7;0;0;0;
EBT;UF;4101408;167.9063;40;4;27;8;1;0;
EBT;UF;4101507;2126.0781;23;2;12;7;0;2;
EBT;UF;4101606;3.0000;2;0;2;0;0;0;
EBT;UF;4101705;1.0000;1;0;1;0;0;0;
EBT;UF;4101804;839.1719;128;31;72;17;5;3;
EBT;UF;4101903;3.0000;2;0;2;0;0;0;
EBT;UF;4102000;3.0000;2;0;2;0;0;0;
EBT;UF;4102109;1.0000;1;0;1;0;0;0;
EBT;UF;4102307;15.5000;10;1;9;0;0;0;
EBT;UF;4102406;20.1875;11;5;5;1;0;0;
EBT;UF;4102505;3.0000;2;0;2;0;0;0;
EBT;UF;4102802;7.2500;5;1;4;0;0;0;
EBT;UF;4102901;1.0000;1;0;1;0;0;0;
EBT;UF;4103057;0.2500;1;1;0;0;0;0;
EBT;UF;4103206;0.2500;1;1;0;0;0;0;
EBT;UF;4103354;0.2500;1;1;0;0;0;0;
EBT;UF;4103503;0.2500;1;1;0;0;0;0;
EBT;UF;4103602;4.2500;3;1;2;0;0;0;
EBT;UF;4103701;66.5781;49;15;32;2;0;0;
EBT;UF;4103800;1.0000;3;3;0;0;0;0;
EBT;UF;4104006;6.2813;6;1;5;0;0;0;
EBT;UF;4104105;0.2500;1;1;0;0;0;0;
EBT;UF;4104204;139.0000;27;4;14;8;0;1;
EBT;UF;4104253;4.2500;4;1;3;0;0;0;
EBT;UF;4104303;19.9297;12;0;12;0;0;0;
EBT;UF;4104428;10.0000;5;3;1;1;0;0;
EBT;UF;4104501;1.2500;2;1;1;0;0;0;
EBT;UF;4104659;27.4375;7;3;2;1;1;0;
EBT;UF;4104709;2.0000;1;0;1;0;0;0;
EBT;UF;4104808;2554.2031;172;43;97;26;4;2;
EBT;UF;4104907;27.2031;33;21;11;1;0;0;
EBT;UF;4105003;0.2500;1;1;0;0;0;0;
EBT;UF;4105102;3.0000;2;0;2;0;0;0;
EBT;UF;4105409;3.1250;3;1;2;0;0;0;
EBT;UF;4105508;88.6563;40;11;25;4;0;0;
EBT;UF;4105607;0.2500;1;1;0;0;0;0;
EBT;UF;4105706;3.0000;2;0;2;0;0;0;
EBT;UF;4105805;263.6172;60;16;37;5;1;1;
EBT;UF;4106001;0.7500;2;2;0;0;0;0;
EBT;UF;4106209;1.0000;1;0;1;0;0;0;
EBT;UF;4106308;1.0000;1;0;1;0;0;0;
EBT;UF;4106407;55.2500;9;1;5;2;1;0;
EBT;UF;4106506;1.5625;4;3;1;0;0;0;
EBT;UF;4106605;1.0000;1;0;1;0;0;0;
EBT;UF;4106704;0.2500;1;1;0;0;0;0;
EBT;UF;4106902;49425.5234;2036;357;984;426;152;117;
EBT;UF;4107009;2.0000;2;0;2;0;0;0;
EBT;UF;4107108;0.5000;2;2;0;0;0;0;
EBT;UF;4107207;12.5547;10;2;8;0;0;0;
EBT;UF;4107256;12.8750;4;3;0;1;0;0;
EBT;UF;4107306;0.7500;2;2;0;0;0;0;
EBT;UF;4107405;0.2500;1;1;0;0;0;0;
EBT;UF;4107504;0.2500;1;1;0;0;0;0;
EBT;UF;4107538;1.0000;1;0;1;0;0;0;
EBT;UF;4107603;1.0000;1;0;1;0;0;0;
EBT;UF;4107652;365.8047;23;6;13;1;1;2;
EBT;UF;4107702;0.2500;1;1;0;0;0;0;
EBT;UF;4107736;6.0000;2;0;1;1;0;0;
EBT;UF;4107801;3.0000;4;3;1;0;0;0;
EBT;UF;4107900;2.2500;2;1;1;0;0;0;
EBT;UF;4108007;1.5000;3;2;1;0;0;0;
EBT;UF;4108106;0.2500;1;1;0;0;0;0;
EBT;UF;4108205;1.2500;2;1;1;0;0;0;
EBT;UF;4108304;428.3906;169;62;94;11;1;1;
EBT;UF;4108320;0.5000;1;1;0;0;0;0;
EBT;UF;4108403;62.0781;23;7;15;0;1;0;
EBT;UF;4108452;0.0625;1;1;0;0;0;0;
EBT;UF;4108502;2.0000;1;0;1;0;0;0;
EBT;UF;4108551;0.2500;1;1;0;0;0;0;
EBT;UF;4108601;6.3125;9;5;4;0;0;0;
EBT;UF;4108700;1.0000;1;0;1;0;0;0;
EBT;UF;4108809;17.5000;10;1;9;0;0;0;
EBT;UF;4109302;1.0000;1;0;1;0;0;0;
EBT;UF;4109401;684.8281;35;7;24;3;0;1;
EBT;UF;4109500;2.5000;3;2;1;0;0;0;
EBT;UF;4109609;9.0000;5;0;5;0;0;0;
EBT;UF;4109708;3.0000;2;0;2;0;0;0;
EBT;UF;4109807;17.3750;25;14;11;0;0;0;
EBT;UF;4110102;1.0000;1;0;1;0;0;0;
EBT;UF;4110201;0.2500;1;1;0;0;0;0;
EBT;UF;4110607;1.0000;1;0;1;0;0;0;
EBT;UF;4110706;15.5625;24;18;6;0;0;0;
EBT;UF;4110904;0.2500;1;1;0;0;0;0;
EBT;UF;4110953;1.0000;1;0;1;0;0;0;
EBT;UF;4111407;0.2500;1;1;0;0;0;0;
EBT;UF;4111506;5.2500;4;1;3;0;0;0;
EBT;UF;4111803;12.7500;10;4;6;0;0;0;
EBT;UF;4112009;2.2500;4;3;1;0;0;0;
EBT;UF;4112108;5.6250;7;4;3;0;0;0;
EBT;UF;4112504;1.0000;1;0;1;0;0;0;
EBT;UF;4112702;1.7500;3;2;1;0;0;0;
EBT;UF;4112801;1.0000;1;0;1;0;0;0;
EBT;UF;4113205;3.0625;3;1;2;0;0;0;
EBT;UF;4113304;2.7500;4;2;2;0;0;0;
EBT;UF;4113502;3.0000;2;0;2;0;0;0;
EBT;UF;4113601;14.0000;4;0;3;1;0;0;
EBT;UF;4113700;8999.2070;352;91;153;73;15;20;
EBT;UF;4113734;0.2500;1;1;0;0;0;0;
EBT;UF;4113809;1.0000;1;0;1;0;0;0;
EBT;UF;4114005;1.0000;1;0;1;0;0;0;
EBT;UF;4114104;6.2500;6;3;3;0;0;0;
EBT;UF;4114203;45.0000;14;6;6;1;1;0;
EBT;UF;4114351;0.2500;1;1;0;0;0;0;
EBT;UF;4114401;4.2500;4;1;3;0;0;0;
EBT;UF;4114500;1.2500;2;1;1;0;0;0;
EBT;UF;4114609;0.5000;1;1;0;0;0;0;
EBT;UF;4114807;13.7500;8;2;5;1;0;0;
EBT;UF;4114906;3.0000;2;0;2;0;0;0;
EBT;UF;4115101;0.2500;1;1;0;0;0;0;
EBT;UF;4115200;6670.3867;331;76;170;71;5;9;
EBT;UF;4115309;0.2500;1;1;0;0;0;0;
EBT;UF;4115358;1.0000;1;0;1;0;0;0;
EBT;UF;4115606;5.2500;4;1;3;0;0;0;
EBT;UF;4115705;5.0000;3;0;3;0;0;0;
EBT;UF;4115804;3.2500;3;1;2;0;0;0;
EBT;UF;4116059;0.5000;1;1;0;0;0;0;
EBT;UF;4116208;1.0000;1;0;1;0;0;0;
EBT;UF;4116703;1.0000;1;0;1;0;0;0;
EBT;UF;4116901;2.3750;5;4;1;0;0;0;
EBT;UF;4117008;0.2500;1;1;0;0;0;0;
EBT;UF;4117107;1.0000;1;0;1;0;0;0;
EBT;UF;4117206;0.2500;1;1;0;0;0;0;
EBT;UF;4117271;0.7500;2;2;0;0;0;0;
EBT;UF;4117453;0.5000;1;1;0;0;0;0;
EBT;UF;4117503;11.3750;8;2;6;0;0;0;
EBT;UF;4117602;40.5000;6;1;4;0;1;0;
EBT;UF;4117701;3.0000;2;0;2;0;0;0;
EBT;UF;4117909;8.5000;7;2;5;0;0;0;
EBT;UF;4118105;1.0000;1;0;1;0;0;0;
EBT;UF;4118204;501.4063;127;22;84;18;2;1;
EBT;UF;4118402;115.7969;51;15;33;2;1;0;
EBT;UF;4118451;1.7500;3;2;1;0;0;0;
EBT;UF;4118501;80.5625;36;8;26;1;1;0;
EBT;UF;4118600;0.2500;1;1;0;0;0;0;
EBT;UF;4118709;0.2500;1;1;0;0;0;0;
EBT;UF;4118907;1.0000;1;0;1;0;0;0;
EBT;UF;4119152;285.7266;63;3;43;13;4;0;
EBT;UF;4119202;0.2500;1;1;0;0;0;0;
EBT;UF;4119301;38.0625;7;4;2;0;1;0;
EBT;UF;4119400;2.0000;1;0;1;0;0;0;
EBT;UF;4119509;13.5625;13;6;7;0;0;0;
EBT;UF;4119608;3.0000;2;0;2;0;0;0;
EBT;UF;4119707;0.2500;1;1;0;0;0;0;
EBT;UF;4119806;1.0000;1;0;1;0;0;0;
EBT;UF;4119905;566.5469;145;40;79;20;5;1;
EBT;UF;4119954;12.7500;9;2;7;0;0;0;
EBT;UF;4120002;3.0000;2;0;2;0;0;0;
EBT;UF;4120101;0.5000;2;2;0;0;0;0;
EBT;UF;4120309;0.2500;1;1;0;0;0;0;
EBT;UF;4120606;3.2500;3;1;2;0;0;0;
EBT;UF;4120705;1.0000;3;3;0;0;0;0;
EBT;UF;4120804;296.0000;26;5;13;4;3;1;
EBT;UF;4120853;1.0000;1;0;1;0;0;0;
EBT;UF;4120903;3.0000;2;0;2;0;0;0;
EBT;UF;4121307;0.2500;1;1;0;0;0;0;
EBT;UF;4121406;3.2500;3;1;2;0;0;0;
EBT;UF;4121505;1.0000;1;0;1;0;0;0;
EBT;UF;4121604;0.7500;2;2;0;0;0;0;
EBT;UF;4121703;3.0000;2;0;2;0;0;0;
EBT;UF;4121901;1.0000;1;0;1;0;0;0;
EBT;UF;4122008;1.0000;1;0;1;0;0;0;
EBT;UF;4122206;1.7500;3;2;1;0;0;0;
EBT;UF;4122305;47.7500;19;9;5;5;0;0;
EBT;UF;4122404;62.5156;27;3;22;2;0;0;
EBT;UF;4122701;0.2500;1;1;0;0;0;0;
EBT;UF;4122800;0.7500;2;2;0;0;0;0;
EBT;UF;4123204;1.0000;1;0;1;0;0;0;
EBT;UF;4123402;1.0000;1;0;1;0;0;0;
EBT;UF;4123501;4.0000;3;0;3;0;0;0;
EBT;UF;4123709;1.0000;1;0;1;0;0;0;
EBT;UF;4123808;1.0000;1;0;1;0;0;0;
EBT;UF;4123907;1.2500;2;1;1;0;0;0;
EBT;UF;4124020;1.0000;1;0;1;0;0;0;
EBT;UF;4124053;1.0625;2;1;1;0;0;0;
EBT;UF;4124103;13.0625;8;1;7;0;0;0;
EBT;UF;4124301;0.2500;1;1;0;0;0;0;
EBT;UF;4124400;1.0000;1;0;1;0;0;0;
EBT;UF;4124509;2.2500;3;1;2;0;0;0;
EBT;UF;4124608;0.2500;1;1;0;0;0;0;
EBT;UF;4124707;2.2500;3;1;2;0;0;0;
EBT;UF;4124905;0.2500;1;1;0;0;0;0;
EBT;UF;4125001;4.0000;3;0;3;0;0;0;
EBT;UF;4125357;0.2500;1;1;0;0;0;0;
EBT;UF;4125506;23587.0234;332;61;200;50;8;13;
EBT;UF;4125605;5.7500;6;2;4;0;0;0;
EBT;UF;4125704;20.0000;5;2;2;0;1;0;
EBT;UF;4126009;0.5000;2;2;0;0;0;0;
EBT;UF;4126207;0.2500;1;1;0;0;0;0;
EBT;UF;4126256;22.0156;22;9;13;0;0;0;
EBT;UF;4126306;1.0000;1;0;1;0;0;0;
EBT;UF;4126504;5.0000;3;0;3;0;0;0;
EBT;UF;4126603;3.0000;2;0;2;0;0;0;
EBT;UF;4126678;1.2500;2;1;1;0;0;0;
EBT;UF;4126801;3.0000;2;0;2;0;0;0;
EBT;UF;4126900;0.2500;1;1;0;0;0;0;
EBT;UF;4127007;1.5000;3;2;1;0;0;0;
EBT;UF;4127106;36.5313;13;1;11;0;1;0;
EBT;UF;4127403;3.0000;2;0;2;0;0;0;
EBT;UF;4127502;1.0000;1;0;1;0;0;0;
EBT;UF;4127700;228.5625;47;14;21;11;0;1;
EBT;UF;4127809;1.2500;2;1;1;0;0;0;
EBT;UF;4128005;1.0000;1;0;1;0;0;0;
EBT;UF;4128104;220.4219;49;5;31;11;1;1;
EBT;UF;4128203;120.5156;13;0;12;0;0;1;
EBT;UF;4128401;3.0000;2;0;2;0;0;0;
EBT;UF;4128500;2.0000;2;0;2;0;0;0;
EBT;UF;4128534;8.0000;4;0;4;0;0;0;
EBT;UF;4128708;4.5000;4;2;2;0;0;0;
EBT;UF;4128807;0.2500;1;1;0;0;0;0;
EBT;UF;4200101;3.3750;4;2;2;0;0;0;
EBT;UF;4201307;207.5625;36;5;16;12;3;0;
EBT;UF;4201703;0.2500;1;1;0;0;0;0;
EBT;UF;4202008;243.0703;45;3;27;13;1;1;
EBT;UF;4202073;1.0000;1;0;1;0;0;0;
EBT;UF;4202305;137.7031;60;24;29;5;2;0;
EBT;UF;4202404;3687.9219;315;55;146;79;23;12;
EBT;UF;4202602;5.3750;4;2;1;1;0;0;
EBT;UF;4202909;878.5664;86;9;45;22;4;6;
EBT;UF;4203006;87.8750;20;5;8;6;1;0;
EBT;UF;4203204;35.1250;23;8;13;2;0;0;
EBT;UF;4203600;2.0000;1;0;1;0;0;0;
EBT;UF;4203956;18.7500;5;2;1;2;0;0;
EBT;UF;4204202;760.0938;111;26;55;23;4;3;
EBT;UF;4204251;87.5000;14;4;7;1;2;0;
EBT;UF;4204301;657.5156;23;2;7;7;3;4;
EBT;UF;4204350;0.6875;4;4;0;0;0;0;
EBT;UF;4204509;5.6250;6;3;3;0;0;0;
EBT;UF;4204558;17.0000;5;2;1;2;0;0;
EBT;UF;4204608;495.5313;87;18;37;29;2;1;
EBT;UF;4204806;30.5000;4;1;0;3;0;0;
EBT;UF;4205191;10.0000;1;0;0;1;0;0;
EBT;UF;4205407;6917.7070;449;68;159;155;39;28;
EBT;UF;4205506;10.0000;15;9;6;0;0;0;
EBT;UF;4205704;21.3750;13;5;7;1;0;0;
EBT;UF;4205803;9.0000;3;0;1;2;0;0;
EBT;UF;4205902;152.3750;40;15;16;6;3;0;
EBT;UF;4206504;217.5391;34;7;19;6;1;1;
EBT;UF;4206702;6.6250;7;4;3;0;0;0;
EBT;UF;4207007;44.8125;15;5;7;3;0;0;
EBT;UF;4207106;1.2500;2;1;1;0;0;0;
EBT;UF;4207304;7.5156;4;0;4;0;0;0;
EBT;UF;4207502;272.0781;43;2;25;15;0;1;
EBT;UF;4208203;5403.8164;358;29;187;114;17;11;
EBT;UF;4208807;1.2500;2;1;1;0;0;0;
EBT;UF;4208906;560.1445;87;12;51;20;3;1;
EBT;UF;4209003;227.0000;36;2;21;9;4;0;
EBT;UF;4209102;3475.9531;501;89;226;155;21;10;
EBT;UF;4209300;493.5469;78;18;30;25;3;2;
EBT;UF;4209409;1.0000;1;0;1;0;0;0;
EBT;UF;4209706;1.2500;2;1;1;0;0;0;
EBT;UF;4210035;5.2500;5;1;4;0;0;0;
EBT;UF;4210100;29.9531;28;16;10;2;0;0;
EBT;UF;4210209;3.0000;2;0;2;0;0;0;
EBT;UF;4210605;17.0781;8;3;4;1;0;0;
EBT;UF;4211306;347.7188;64;5;30;23;6;0;
EBT;UF;4211454;1.0000;1;0;1;0;0;0;
EBT;UF;4211603;8.2500;7;1;6;0;0;0;
EBT;UF;4211702;4.2500;5;3;2;0;0;0;
EBT;UF;4211900;655.6523;103;16;61;21;4;1;
EBT;UF;4212205;1.0000;1;0;1;0;0;0;
EBT;UF;4213005;1.3125;4;3;1;0;0;0;
EBT;UF;4213203;55.5000;11;2;4;4;1;0;
EBT;UF;4214706;2.2500;2;1;1;0;0;0;
EBT;UF;4214805;622.2656;84;16;37;23;4;4;
EBT;UF;4215000;45.0000;7;0;5;0;2;0;
EBT;UF;4215109;104.7500;5;2;2;0;0;1;
EBT;UF;4215455;1.0000;1;0;1;0;0;0;
EBT;UF;4215802;402.6055;117;38;57;19;2;1;
EBT;UF;4215901;0.5000;1;1;0;0;0;0;
EBT;UF;4216107;3.5000;4;2;2;0;0;0;
EBT;UF;4216206;398.6875;42;10;11;15;4;2;
EBT;UF;4216255;1.0000;1;0;1;0;0;0;
EBT;UF;4216602;739.5000;121;18;49;47;6;1;
EBT;UF;4216909;50.2500;11;4;4;2;1;0;
EBT;UF;4217006;4.5000;3;1;2;0;0;0;
EBT;UF;4217402;195.5000;8;2;3;1;0;2;
EBT;UF;4217709;620.0000;8;0;2;1;0;5;
EBT;UF;4217907;1.0000;1;0;1;0;0;0;
EBT;UF;4217956;0.5000;1;1;0;0;0;0;
EBT;UF;4218202;164.0000;24;2;16;5;0;1;
EBT;UF;4218608;2.0000;1;0;1;0;0;0;
EBT;UF;4218707;87.6836;25;3;15;6;1;0;
EBT;UF;4218806;14.0000;3;0;2;1;0;0;
EBT;UF;4219309;53.2500;27;12;11;3;1;0;
EBT;UF;4219507;37.8125;20;8;11;0;1;0;
EBT;UF;4219705;208.2656;16;5;6;1;3;1;
EBT;UF;4300406;78.8750;45;24;11;10;0;0;
EBT;UF;4300604;171.5000;38;12;14;9;3;0;
EBT;UF;4301008;21.0000;9;2;5;2;0;0;
EBT;UF;4301206;1.0000;1;0;1;0;0;0;
EBT;UF;4301552;1.2500;2;1;1;0;0;0;
EBT;UF;4301602;481.8750;47;11;15;15;4;2;
EBT;UF;4302105;1234.2598;151;11;64;64;9;3;
EBT;UF;4302204;1.0000;1;0;1;0;0;0;
EBT;UF;4302352;6.5000;4;1;2;1;0;0;
EBT;UF;4302709;2.2500;3;1;2;0;0;0;
EBT;UF;4302808;1.0000;1;0;1;0;0;0;
EBT;UF;4302907;0.6250;2;2;0;0;0;0;
EBT;UF;4303004;25.9375;25;13;11;1;0;0;
EBT;UF;4303103;508.4375;93;11;39;38;5;0;
EBT;UF;4303509;320.2891;32;5;14;9;3;1;
EBT;UF;4303806;2.2500;3;1;2;0;0;0;
EBT;UF;4303905;1200.2500;90;20;37;21;5;7;
EBT;UF;4304408;45.2500;18;10;5;2;1;0;
EBT;UF;4304507;4.5000;4;1;3;0;0;0;
EBT;UF;4304606;1698.7988;204;44;77;63;12;8;
EBT;UF;4304630;10604.6250;13;5;2;3;1;2;
EBT;UF;4304663;35.0000;8;2;3;3;0;0;
EBT;UF;4304705;56.5625;33;15;13;5;0;0;
EBT;UF;4304804;101.6875;13;6;3;1;3;0;
EBT;UF;4304903;4.0000;7;4;3;0;0;0;
EBT;UF;4305108;2816.8828;517;87;233;167;24;6;
EBT;UF;4305207;2.0000;2;0;2;0;0;0;
EBT;UF;4305355;34.0000;1;0;0;0;1;0;
EBT;UF;4305439;1.0000;1;0;1;0;0;0;
EBT;UF;4305801;0.2500;1;1;0;0;0;0;
EBT;UF;4305975;2.0000;1;0;1;0;0;0;
EBT;UF;4306056;1.0000;1;0;1;0;0;0;
EBT;UF;4306106;2255.6875;53;26;18;5;1;3;
EBT;UF;4306205;2.5000;3;1;2;0;0;0;
EBT;UF;4306304;1.0000;1;0;1;0;0;0;
EBT;UF;4306403;0.5000;2;2;0;0;0;0;
EBT;UF;4306601;7.0000;2;0;1;1;0;0;
EBT;UF;4306767;1015.2500;46;4;15;17;5;5;
EBT;UF;4307005;10616.0703;63;3;33;20;6;1;
EBT;UF;4307559;118.5000;4;1;1;0;1;1;
EBT;UF;4307609;47.2500;21;6;10;5;0;0;
EBT;UF;4307708;162.3906;51;22;20;7;2;0;
EBT;UF;4307807;29.2500;14;7;5;2;0;0;
EBT;UF;4307906;969.9258;78;6;28;33;10;1;
EBT;UF;4308102;4.0000;4;0;4;0;0;0;
EBT;UF;4308508;5.0000;8;4;4;0;0;0;
EBT;UF;4308607;252.8125;62;13;30;17;2;0;
EBT;UF;4308904;13.5000;7;4;2;1;0;0;
EBT;UF;4309001;2.5625;5;3;2;0;0;0;
EBT;UF;4309050;10.1406;4;2;1;1;0;0;
EBT;UF;4309100;104.7813;37;12;20;4;1;0;
EBT;UF;4309209;604.0703;153;43;57;48;4;1;
EBT;UF;4309308;187.6875;35;16;10;5;4;0;
EBT;UF;4309407;5.0000;6;3;3;0;0;0;
EBT;UF;4309605;5.8750;11;7;4;0;0;0;
EBT;UF;4309803;1.0000;1;0;1;0;0;0;
EBT;UF;4310108;20.7500;19;10;6;3;0;0;
EBT;UF;4310207;83.0625;18;3;9;5;1;0;
EBT;UF;4310330;2.1250;5;4;1;0;0;0;
EBT;UF;4310603;2.0000;1;0;1;0;0;0;
EBT;UF;4310801;15.5000;12;8;3;1;0;0;
EBT;UF;4311007;8.9375;8;4;3;1;0;0;
EBT;UF;4311205;4.7500;5;2;3;0;0;0;
EBT;UF;4311403;1123.5625;36;7;20;8;0;1;
EBT;UF;4311809;97.1250;17;9;4;2;2;0;
EBT;UF;4312401;71.1250;34;18;11;4;1;0;
EBT;UF;4312500;1.0000;1;0;1;0;0;0;
EBT;UF;4312658;10.0000;1;0;0;1;0;0;
EBT;UF;4312708;0.3750;6;6;0;0;0;0;
EBT;UF;4312906;6.2500;4;1;2;1;0;0;
EBT;UF;4313060;14.5000;4;1;2;1;0;0;
EBT;UF;4313201;57.5625;12;5;1;5;1;0;
EBT;UF;4313300;22.5625;15;6;8;1;0;0;
EBT;UF;4313375;40.5469;5;0;4;0;1;0;
EBT;UF;4313409;1178.8164;178;35;74;61;7;1;
EBT;UF;4313508;50.3750;27;15;8;4;0;0;
EBT;UF;4313656;0.5000;1;1;0;0;0;0;
EBT;UF;4313706;7.5625;10;5;5;0;0;0;
EBT;UF;4313904;78.8125;31;17;10;3;1;0;
EBT;UF;4314050;36.6875;23;14;7;2;0;0;
EBT;UF;4314100;1144.2813;121;24;49;34;11;3;
EBT;UF;4314308;0.2500;1;1;0;0;0;0;
EBT;UF;4314407;2222.9531;100;23;48;20;5;4;
EBT;UF;4314506;4.0000;1;0;0;1;0;0;
EBT;UF;4314803;12.7656;8;4;3;1;0;0;
EBT;UF;4314902;52600.8242;1324;138;431;518;137;100;
EBT;UF;4315206;1.0000;1;0;1;0;0;0;
EBT;UF;4315305;1.0000;1;0;1;0;0;0;
EBT;UF;4315503;0.5000;1;1;0;0;0;0;
EBT;UF;4315602;2291.0156;123;36;43;30;8;6;
EBT;UF;4315701;3.3750;6;4;2;0;0;0;
EBT;UF;4315800;2.0000;2;0;2;0;0;0;
EBT;UF;4316402;169.2500;12;6;4;1;0;1;
EBT;UF;4316501;0.3125;2;2;0;0;0;0;
EBT;UF;4316709;1.0000;1;0;1;0;0;0;
EBT;UF;4316808;2768.6875;65;12;19;25;3;6;
EBT;UF;4316907;1874.0938;149;59;54;30;2;4;
EBT;UF;4317103;132.5625;18;3;8;5;1;1;
EBT;UF;4317202;11.0000;5;0;4;1;0;0;
EBT;UF;4317301;2.0000;1;0;1;0;0;0;
EBT;UF;4317400;6.9375;11;7;4;0;0;0;
EBT;UF;4317509;463.0313;18;0;10;6;0;2;
EBT;UF;4317608;12.7500;9;6;2;1;0;0;
EBT;UF;4317905;1.5000;2;1;1;0;0;0;
EBT;UF;4318002;2.5000;2;1;1;0;0;0;
EBT;UF;4318101;1.5000;3;2;1;0;0;0;
EBT;UF;4318200;1.7500;3;2;1;0;0;0;
EBT;UF;4318309;2.5000;3;1;2;0;0;0;
EBT;UF;4318507;0.2500;1;1;0;0;0;0;
EBT;UF;4318705;1348.3398;108;28;36;35;5;4;
EBT;UF;4318804;102.4375;6;3;2;0;0;1;
EBT;UF;4319000;10.0000;1;0;0;1;0;0;
EBT;UF;4319406;4.0000;6;3;3;0;0;0;
EBT;UF;4319505;24.0625;12;6;3;3;0;0;
EBT;UF;4319802;1.5000;3;2;1;0;0;0;
EBT;UF;4319901;98.5156;18;0;10;7;1;0;
EBT;UF;4320008;153.2188;48;17;18;12;1;0;
EBT;UF;4320107;128.8750;12;7;2;1;1;1;
EBT;UF;4320206;0.2500;1;1;0;0;0;0;
EBT;UF;4320404;4.5625;5;2;3;0;0;0;
EBT;UF;4320701;1.0000;1;0;1;0;0;0;
EBT;UF;4320800;2.0000;2;0;2;0;0;0;
EBT;UF;4320909;1.0000;1;0;1;0;0;0;
EBT;UF;4321204;224.0000;21;9;9;1;0;2;
EBT;UF;4321303;6.0000;3;0;3;0;0;0;
EBT;UF;4321451;1452.4531;25;12;5;1;2;5;
EBT;UF;4321501;17.7656;21;16;4;1;0;0;
EBT;UF;4321600;30.4531;24;17;5;2;0;0;
EBT;UF;4321709;2.7500;4;2;2;0;0;0;
EBT;UF;4321808;1.0000;1;0;1;0;0;0;
EBT;UF;4322004;32.0000;1;0;0;0;1;0;
EBT;UF;4322400;10865.3750;41;9;11;14;3;4;
EBT;UF;4322509;293.1016;43;3;22;17;0;1;
EBT;UF;4322608;75.7500;21;6;8;7;0;0;
EBT;UF;4322806;1.0000;1;0;1;0;0;0;
EBT;UF;4323002;128.8750;33;16;10;3;4;0;
EBT;UF;4323408;1.7500;3;2;1;0;0;0;
EBT;UF;4323804;3.0625;9;8;1;0;0;0;
EBT;UF;5000203;104.0000;16;0;5;10;1;0;
EBT;UF;5001003;3.0000;2;0;2;0;0;0;
EBT;UF;5001102;3.5000;3;1;2;0;0;0;
EBT;UF;5002407;4.0000;2;0;2;0;0;0;
EBT;UF;5002704;19488.0469;627;113;245;200;37;32;
EBT;UF;5002902;0.5000;1;1;0;0;0;0;
EBT;UF;5002951;4.0625;3;1;2;0;0;0;
EBT;UF;5003207;120.0000;18;0;10;6;2;0;
EBT;UF;5003256;2.0000;1;0;1;0;0;0;
EBT;UF;5003306;25.0000;4;0;3;0;1;0;
EBT;UF;5003504;0.5000;1;1;0;0;0;0;
EBT;UF;5003702;1365.8125;76;11;32;24;4;5;
EBT;UF;5003751;1.0000;1;0;1;0;0;0;
EBT;UF;5003801;2.0000;1;0;1;0;0;0;
EBT;UF;5004106;2.0000;1;0;1;0;0;0;
EBT;UF;5004502;30.2500;10;3;5;2;0;0;
EBT;UF;5004700;1.0000;1;0;1;0;0;0;
EBT;UF;5005004;2.0000;1;0;1;0;0;0;
EBT;UF;5005103;1.0000;1;0;1;0;0;0;
EBT;UF;5005202;4.0000;2;0;2;0;0;0;
EBT;UF;5005400;458.5000;17;1;5;5;3;3;
EBT;UF;5005608;2.0000;1;0;1;0;0;0;
EBT;UF;5005681;2.0000;1;0;1;0;0;0;
EBT;UF;5005707;8.0000;4;0;4;0;0;0;
EBT;UF;5006002;8.0000;5;2;2;1;0;0;
EBT;UF;5006200;2.0000;1;0;1;0;0;0;
EBT;UF;5006309;10.0000;4;0;3;1;0;0;
EBT;UF;5006358;0.5000;1;1;0;0;0;0;
EBT;UF;5006606;12.0000;7;0;7;0;0;0;
EBT;UF;5006903;2.0000;1;0;1;0;0;0;
EBT;UF;5007109;43.5000;7;1;1;4;1;0;
EBT;UF;5007208;8.0000;4;0;3;1;0;0;
EBT;UF;5007695;2.5000;2;1;1;0;0;0;
EBT;UF;5007703;1.0000;1;0;1;0;0;0;
EBT;UF;5007901;147.5000;13;1;4;4;4;0;
EBT;UF;5008008;2.0000;1;0;1;0;0;0;
EBT;UF;5008305;1744.5000;75;1;32;31;8;3;
EBT;UF;5100201;9.0000;5;0;5;0;0;0;
EBT;UF;5100250;15.5000;9;1;8;0;0;0;
EBT;UF;5100300;0.5000;1;1;0;0;0;0;
EBT;UF;5100409;2.0000;1;0;1;0;0;0;
EBT;UF;5100805;1.0000;1;0;1;0;0;0;
EBT;UF;5101704;2.0000;1;0;1;0;0;0;
EBT;UF;5101803;20.5000;12;1;11;0;0;0;
EBT;UF;5102504;265.0000;70;12;45;10;3;0;
EBT;UF;5102678;3.0000;2;0;2;0;0;0;
EBT;UF;5103056;1.0000;1;0;1;0;0;0;
EBT;UF;5103205;2.0000;1;0;1;0;0;0;
EBT;UF;5103403;32437.7734;1050;149;549;200;93;59;
EBT;UF;5103502;5.5000;4;1;3;0;0;0;
EBT;UF;5104104;0.5000;1;1;0;0;0;0;
EBT;UF;5104609;2.0000;1;0;1;0;0;0;
EBT;UF;5104807;2.0000;1;0;1;0;0;0;
EBT;UF;5105002;103.7500;11;2;4;3;1;1;
EBT;UF;5105101;2.0000;1;0;1;0;0;0;
EBT;UF;5105150;8.0000;4;0;4;0;0;0;
EBT;UF;5105259;2133.2930;198;39;97;41;11;10;
EBT;UF;5105580;0.5000;1;1;0;0;0;0;
EBT;UF;5105622;52.5000;20;3;14;3;0;0;
EBT;UF;5105903;0.5000;1;1;0;0;0;0;
EBT;UF;5106224;709.1875;107;18;59;21;6;3;
EBT;UF;5106257;2.0000;1;0;1;0;0;0;
EBT;UF;5106307;0.5000;1;1;0;0;0;0;
EBT;UF;5106372;2.0000;1;0;1;0;0;0;
EBT;UF;5106505;2.0000;1;0;1;0;0;0;
EBT;UF;5106752;542.3750;67;21;31;4;7;4;
EBT;UF;5107040;8.5625;7;2;5;0;0;0;
EBT;UF;5107065;0.5000;1;1;0;0;0;0;
EBT;UF;5107107;2.0000;1;0;1;0;0;0;
EBT;UF;5107180;0.5000;1;1;0;0;0;0;
EBT;UF;5107198;0.5625;2;2;0;0;0;0;
EBT;UF;5107602;2219.1133;278;28;169;56;13;12;
EBT;UF;5107800;1.0000;1;0;1;0;0;0;
EBT;UF;5107859;1.2500;2;1;1;0;0;0;
EBT;UF;5107875;2.0000;1;0;1;0;0;0;
EBT;UF;5107909;10047.5156;257;24;163;47;7;16;
EBT;UF;5107925;1705.9453;182;19;102;45;5;11;
EBT;UF;5107958;13.3750;12;6;6;0;0;0;
EBT;UF;5108402;2524.6523;196;29;88;65;7;7;
EBT;UF;5108600;1.0000;1;0;1;0;0;0;
EBT;UF;5200050;2.0000;1;0;1;0;0;0;
EBT;UF;5200258;162.2969;29;6;18;3;1;1;
EBT;UF;5200308;11.7500;14;8;6;0;0;0;
EBT;UF;5200605;0.2500;1;1;0;0;0;0;
EBT;UF;5200803;3.2500;3;1;2;0;0;0;
EBT;UF;5201108;14363.6250;280;32;96;121;13;18;
EBT;UF;5201306;2.0000;1;0;1;0;0;0;
EBT;UF;5201405;3256.5625;228;44;140;37;1;6;
EBT;UF;5201702;1.0000;1;0;1;0;0;0;
EBT;UF;5202502;1.0000;1;0;1;0;0;0;
EBT;UF;5202601;0.2500;1;1;0;0;0;0;
EBT;UF;5203203;1.0000;1;0;1;0;0;0;
EBT;UF;5203302;2.0000;1;0;1;0;0;0;
EBT;UF;5203500;2.0000;1;0;1;0;0;0;
EBT;UF;5203906;4.0000;2;0;2;0;0;0;
EBT;UF;5204003;0.2500;1;1;0;0;0;0;
EBT;UF;5204102;0.5000;1;1;0;0;0;0;
EBT;UF;5204300;2.0000;1;0;1;0;0;0;
EBT;UF;5204508;33.0000;9;2;4;3;0;0;
EBT;UF;5204706;7.7500;6;2;4;0;0;0;
EBT;UF;5204805;0.7500;2;2;0;0;0;0;
EBT;UF;5204904;2.0000;1;0;1;0;0;0;
EBT;UF;5205109;591.3750;48;6;22;10;6;4;
EBT;UF;5205307;1.0000;1;0;1;0;0;0;
EBT;UF;5205406;6.0625;4;1;3;0;0;0;
EBT;UF;5205455;0.2500;1;1;0;0;0;0;
EBT;UF;5205471;0.5000;1;1;0;0;0;0;
EBT;UF;5205497;7.0000;5;2;3;0;0;0;
EBT;UF;5205513;1.7500;3;2;1;0;0;0;
EBT;UF;5205802;0.2500;1;1;0;0;0;0;
EBT;UF;5205901;2.5000;3;1;2;0;0;0;
EBT;UF;5206206;403.3125;23;4;6;7;3;3;
EBT;UF;5206800;0.2500;1;1;0;0;0;0;
EBT;UF;5207402;2.0000;1;0;1;0;0;0;
EBT;UF;5207501;1.0000;1;0;1;0;0;0;
EBT;UF;5207600;0.5000;1;1;0;0;0;0;
EBT;UF;5207808;0.2500;1;1;0;0;0;0;
EBT;UF;5208004;11.0000;6;0;6;0;0;0;
EBT;UF;5208103;0.2500;1;1;0;0;0;0;
EBT;UF;5208608;3.0625;3;1;2;0;0;0;
EBT;UF;5208707;53106.7500;1006;130;573;176;44;83;
EBT;UF;5208806;9.0000;4;0;3;1;0;0;
EBT;UF;5208905;2.0000;1;0;1;0;0;0;
EBT;UF;5209101;11.0000;10;5;5;0;0;0;
EBT;UF;5209200;2.0000;1;0;1;0;0;0;
EBT;UF;5209705;2.0000;1;0;1;0;0;0;
EBT;UF;5209804;0.2500;1;1;0;0;0;0;
EBT;UF;5209937;2.0000;1;0;1;0;0;0;
EBT;UF;5210000;11.5000;7;1;6;0;0;0;
EBT;UF;5210208;6.0000;3;0;3;0;0;0;
EBT;UF;5210802;0.2500;1;1;0;0;0;0;
EBT;UF;5210901;1.0000;1;0;1;0;0;0;
EBT;UF;5211206;0.5000;1;1;0;0;0;0;
EBT;UF;5211503;144.0000;43;3;32;6;2;0;
EBT;UF;5211800;6.0000;5;2;3;0;0;0;
EBT;UF;5211909;132.0000;18;2;14;1;0;1;
EBT;UF;5212105;0.2500;1;1;0;0;0;0;
EBT;UF;5212204;2.0000;1;0;1;0;0;0;
EBT;UF;5212303;0.2500;1;1;0;0;0;0;
EBT;UF;5212501;121.3906;59;17;33;9;0;0;
EBT;UF;5213004;2.2500;2;1;1;0;0;0;
EBT;UF;5213103;3.0000;3;2;1;0;0;0;
EBT;UF;5213509;0.2500;1;1;0;0;0;0;
EBT;UF;5213756;1.2500;2;1;1;0;0;0;
EBT;UF;5213806;511.9375;19;7;8;0;1;3;
EBT;UF;5213905;0.2500;1;1;0;0;0;0;
EBT;UF;5214002;0.2500;1;1;0;0;0;0;
EBT;UF;5214408;1.0000;1;0;1;0;0;0;
EBT;UF;5214507;2.0000;1;0;1;0;0;0;
EBT;UF;5214606;2.0000;1;0;1;0;0;0;
EBT;UF;5214838;1.0000;1;0;1;0;0;0;
EBT;UF;5215231;24.0625;15;7;7;1;0;0;
EBT;UF;5215306;1.2500;2;1;1;0;0;0;
EBT;UF;5215504;0.2500;1;1;0;0;0;0;
EBT;UF;5215603;1.4648;1;0;1;0;0;0;
EBT;UF;5215702;2.0000;1;0;1;0;0;0;
EBT;UF;5216304;0.2500;1;1;0;0;0;0;
EBT;UF;5216403;1.0000;2;2;0;0;0;0;
EBT;UF;5216809;1.0000;1;0;1;0;0;0;
EBT;UF;5217104;2.0000;1;0;1;0;0;0;
EBT;UF;5217203;0.2500;1;1;0;0;0;0;
EBT;UF;5217401;37.0000;3;0;2;0;1;0;
EBT;UF;5217609;7.5000;5;1;4;0;0;0;
EBT;UF;5218003;105.5000;8;1;3;1;2;1;
EBT;UF;5218508;2.0000;1;0;1;0;0;0;
EBT;UF;5218789;0.2500;1;1;0;0;0;0;
EBT;UF;5218805;8350.5000;108;11;52;27;6;12;
EBT;UF;5218904;2.0000;1;0;1;0;0;0;
EBT;UF;5219100;0.2500;1;1;0;0;0;0;
EBT;UF;5219308;2.0000;1;0;1;0;0;0;
EBT;UF;5219605;2.0000;1;0;1;0;0;0;
EBT;UF;5219753;11.0000;8;2;6;0;0;0;
EBT;UF;5219902;0.2500;1;1;0;0;0;0;
EBT;UF;5220108;2.5000;2;1;1;0;0;0;
EBT;UF;5220405;2.0000;1;0;1;0;0;0;
EBT;UF;5220454;44.0000;20;2;17;1;0;0;
EBT;UF;5220603;2.0000;1;0;1;0;0;0;
EBT;UF;5221403;268.3125;22;6;10;3;1;2;
EBT;UF;5221601;16.0625;14;8;4;2;0;0;
EBT;UF;5221700;0.2500;1;1;0;0;0;0;
EBT;UF;5221809;4.2500;3;1;2;0;0;0;
EBT;UF;5221858;91.9219;42;14;21;6;1;0;
EBT;UF;5222005;2.0000;1;0;1;0;0;0;
EBT;UF;5300108;556853.199;4353;607;1744;1200;309;493;
TLB;UF;3106200;0.2500;1;1;0;0;0;0;
TLB;UF;3304557;1.0000;1;0;1;0;0;0;
TLB;UF;4205407;34.0000;1;0;0;0;1;0;
09;1319;
