01;CLA;IPL4;201507;
EBT;UF;1100015;0.0625;1;1;0;0;0;0;
EBT;UF;1100031;0.1875;2;2;0;0;0;0;
EBT;UF;1100049;0.6973;5;5;0;0;0;0;
EBT;UF;1100056;1.0000;1;0;1;0;0;0;
EBT;UF;1100064;1.3125;3;2;1;0;0;0;
EBT;UF;1100080;0.4375;3;3;0;0;0;0;
EBT;UF;1100098;1.3125;3;2;1;0;0;0;
EBT;UF;1100106;2.0000;1;0;1;0;0;0;
EBT;UF;1100130;1.5000;3;2;1;0;0;0;
EBT;UF;1100148;0.1250;1;1;0;0;0;0;
EBT;UF;1100189;0.0625;1;1;0;0;0;0;
EBT;UF;1100205;4.2500;3;1;2;0;0;0;
EBT;UF;1100254;1.0625;2;1;1;0;0;0;
EBT;UF;1100288;3.5625;5;2;3;0;0;0;
EBT;UF;1100296;1.2500;2;1;1;0;0;0;
EBT;UF;1100304;0.1250;2;2;0;0;0;0;
EBT;UF;1100320;2.0625;3;1;2;0;0;0;
EBT;UF;1100338;0.1250;1;1;0;0;0;0;
EBT;UF;1100346;0.1250;1;1;0;0;0;0;
EBT;UF;1100379;0.0625;1;1;0;0;0;0;
EBT;UF;1100452;1.2500;2;1;1;0;0;0;
EBT;UF;1100502;1.1250;2;1;1;0;0;0;
EBT;UF;1100601;0.2500;1;1;0;0;0;0;
EBT;UF;1101203;0.1250;1;1;0;0;0;0;
EBT;UF;1101302;0.2500;2;2;0;0;0;0;
EBT;UF;1101492;0.0625;1;1;0;0;0;0;
EBT;UF;1101500;0.0625;1;1;0;0;0;0;
EBT;UF;1101708;1.0000;1;0;1;0;0;0;
EBT;UF;1200013;1.0000;1;0;1;0;0;0;
EBT;UF;1200203;1.0000;1;0;1;0;0;0;
EBT;UF;1200302;1.0000;1;0;1;0;0;0;
EBT;UF;1200336;1.0000;1;0;1;0;0;0;
EBT;UF;1200385;2.2500;3;1;2;0;0;0;
EBT;UF;1200401;0.1250;1;1;0;0;0;0;
EBT;UF;1200450;0.0625;1;1;0;0;0;0;
EBT;UF;1200500;2.0000;1;0;1;0;0;0;
EBT;UF;1200609;1.0000;1;0;1;0;0;0;
EBT;UF;1200708;1.2500;2;1;1;0;0;0;
EBT;UF;1302603;15.0049;4;1;0;3;0;0;
EBT;UF;1400100;5.0000;1;0;0;1;0;0;
EBT;UF;1501303;2.0000;6;5;1;0;0;0;
EBT;UF;1501402;1.7881;10;10;0;0;0;0;
EBT;UF;1501709;0.8750;5;5;0;0;0;0;
EBT;UF;1501956;0.3125;2;2;0;0;0;0;
EBT;UF;1502202;0.2500;1;1;0;0;0;0;
EBT;UF;1502301;2.1250;2;1;1;0;0;0;
EBT;UF;1502400;0.2500;1;1;0;0;0;0;
EBT;UF;1502939;0.8125;3;3;0;0;0;0;
EBT;UF;1503309;0.3125;2;2;0;0;0;0;
EBT;UF;1505304;0.0625;1;1;0;0;0;0;
EBT;UF;1505536;5.0000;1;0;0;1;0;0;
EBT;UF;1506138;0.0625;1;1;0;0;0;0;
EBT;UF;1506203;0.2500;3;3;0;0;0;0;
EBT;UF;1506500;0.0625;1;1;0;0;0;0;
EBT;UF;1506609;0.1250;1;1;0;0;0;0;
EBT;UF;1506807;0.4375;3;3;0;0;0;0;
EBT;UF;1507607;2.7500;3;2;1;0;0;0;
EBT;UF;1507904;0.6250;2;2;0;0;0;0;
EBT;UF;1508100;0.3125;2;2;0;0;0;0;
EBT;UF;1508209;0.1250;1;1;0;0;0;0;
EBT;UF;1600303;5.0000;1;0;0;1;0;0;
EBT;UF;1700400;0.1250;1;1;0;0;0;0;
EBT;UF;1702000;1.0000;1;0;1;0;0;0;
EBT;UF;1702208;1.5000;2;1;1;0;0;0;
EBT;UF;1702307;1.0000;1;0;1;0;0;0;
EBT;UF;1702406;0.3750;2;2;0;0;0;0;
EBT;UF;1702554;1.2500;2;1;1;0;0;0;
EBT;UF;1703701;1.0000;1;0;1;0;0;0;
EBT;UF;1705557;0.2500;1;1;0;0;0;0;
EBT;UF;1706100;1.3750;3;2;1;0;0;0;
EBT;UF;1707009;0.7500;2;2;0;0;0;0;
EBT;UF;1707108;1.1250;2;1;1;0;0;0;
EBT;UF;1707553;1.2500;2;1;1;0;0;0;
EBT;UF;1707652;1.2500;2;1;1;0;0;0;
EBT;UF;1707702;1.0000;1;0;1;0;0;0;
EBT;UF;1708205;1.0000;1;0;1;0;0;0;
EBT;UF;1709500;0.3311;3;3;0;0;0;0;
EBT;UF;1713304;0.2500;1;1;0;0;0;0;
EBT;UF;1714203;0.5000;1;1;0;0;0;0;
EBT;UF;1715754;1.2500;2;1;1;0;0;0;
EBT;UF;1716109;0.1250;1;1;0;0;0;0;
EBT;UF;1716208;1.0000;1;0;1;0;0;0;
EBT;UF;1716505;0.8750;3;3;0;0;0;0;
EBT;UF;1716604;1.0000;1;0;1;0;0;0;
EBT;UF;1716703;1.0000;1;0;1;0;0;0;
EBT;UF;1717503;1.0000;1;0;1;0;0;0;
EBT;UF;1718204;0.4375;4;4;0;0;0;0;
EBT;UF;1718865;0.2500;1;1;0;0;0;0;
EBT;UF;1720499;0.0625;1;1;0;0;0;0;
EBT;UF;1720655;1.2500;2;1;1;0;0;0;
EBT;UF;1721000;0.8750;3;3;0;0;0;0;
EBT;UF;1721208;0.5000;2;2;0;0;0;0;
EBT;UF;1722107;1.0000;1;0;1;0;0;0;
EBT;UF;2100600;0.5000;1;1;0;0;0;0;
EBT;UF;2101400;0.2500;1;1;0;0;0;0;
EBT;UF;2101608;0.0625;1;1;0;0;0;0;
EBT;UF;2101707;0.3750;1;1;0;0;0;0;
EBT;UF;2103208;1.0000;1;0;1;0;0;0;
EBT;UF;2103604;0.2500;1;1;0;0;0;0;
EBT;UF;2105302;0.2500;2;2;0;0;0;0;
EBT;UF;2109106;0.9375;3;3;0;0;0;0;
EBT;UF;2110203;0.0625;1;1;0;0;0;0;
EBT;UF;2111102;0.1875;2;2;0;0;0;0;
EBT;UF;2111300;58.7402;18;13;4;0;0;1;
EBT;UF;2112605;0.5000;1;1;0;0;0;0;
EBT;UF;2112704;0.0625;1;1;0;0;0;0;
EBT;UF;2201200;0.5000;1;1;0;0;0;0;
EBT;UF;2201903;1.5000;2;1;1;0;0;0;
EBT;UF;2202901;4.6875;5;3;2;0;0;0;
EBT;UF;2203206;0.5000;1;1;0;0;0;0;
EBT;UF;2203909;0.3750;2;2;0;0;0;0;
EBT;UF;2205508;2.2500;2;1;1;0;0;0;
EBT;UF;2205805;0.5000;1;1;0;0;0;0;
EBT;UF;2207009;0.5000;1;1;0;0;0;0;
EBT;UF;2207702;6.0000;4;0;4;0;0;0;
EBT;UF;2208007;16.5000;12;4;8;0;0;0;
EBT;UF;2210003;0.5000;1;1;0;0;0;0;
EBT;UF;2210607;5.0000;4;2;2;0;0;0;
EBT;UF;2211001;50.3906;2;1;0;0;0;1;
EBT;UF;2211100;2.0000;1;0;1;0;0;0;
EBT;UF;2211308;0.5000;1;1;0;0;0;0;
EBT;UF;2300200;1.5000;2;1;1;0;0;0;
EBT;UF;2301000;1.0000;1;0;1;0;0;0;
EBT;UF;2301901;0.0625;1;1;0;0;0;0;
EBT;UF;2302107;1.0000;1;0;1;0;0;0;
EBT;UF;2302404;1.6250;3;2;1;0;0;0;
EBT;UF;2302503;2.0000;1;0;1;0;0;0;
EBT;UF;2302602;7.5000;5;1;4;0;0;0;
EBT;UF;2302701;0.5000;1;1;0;0;0;0;
EBT;UF;2303501;2.0000;1;0;1;0;0;0;
EBT;UF;2303709;0.5000;1;1;0;0;0;0;
EBT;UF;2304202;2.0000;1;0;1;0;0;0;
EBT;UF;2304400;19.7695;20;15;3;2;0;0;
EBT;UF;2305803;1.0000;1;0;1;0;0;0;
EBT;UF;2305902;0.0625;1;1;0;0;0;0;
EBT;UF;2307304;0.8750;5;5;0;0;0;0;
EBT;UF;2307650;0.3125;3;3;0;0;0;0;
EBT;UF;2308708;1.0000;1;0;1;0;0;0;
EBT;UF;2309300;0.0625;1;1;0;0;0;0;
EBT;UF;2310308;1.0000;1;0;1;0;0;0;
EBT;UF;2312205;1.5000;3;3;0;0;0;0;
EBT;UF;2312403;7.0000;6;2;4;0;0;0;
EBT;UF;2312700;1.7500;3;2;1;0;0;0;
EBT;UF;2312908;2.0000;1;0;1;0;0;0;
EBT;UF;2313500;0.1250;1;1;0;0;0;0;
EBT;UF;2313609;1.0000;1;0;1;0;0;0;
EBT;UF;2313807;2.0000;1;0;1;0;0;0;
EBT;UF;2400208;2.5000;2;1;1;0;0;0;
EBT;UF;2401107;0.5000;1;1;0;0;0;0;
EBT;UF;2402006;4.5000;3;1;2;0;0;0;
EBT;UF;2402600;0.5000;1;1;0;0;0;0;
EBT;UF;2403103;0.8125;3;3;0;0;0;0;
EBT;UF;2403251;1.0000;2;2;0;0;0;0;
EBT;UF;2403608;2.0000;1;0;1;0;0;0;
EBT;UF;2407104;2.1016;3;1;2;0;0;0;
EBT;UF;2408003;1.5625;6;6;0;0;0;0;
EBT;UF;2408102;1.5498;8;7;1;0;0;0;
EBT;UF;2408201;2.0000;1;0;1;0;0;0;
EBT;UF;2412005;0.1250;1;1;0;0;0;0;
EBT;UF;2412203;6.0000;3;0;3;0;0;0;
EBT;UF;2414506;0.5000;1;1;0;0;0;0;
EBT;UF;2500403;0.1250;1;1;0;0;0;0;
EBT;UF;2500601;0.3125;2;2;0;0;0;0;
EBT;UF;2500700;0.1250;1;1;0;0;0;0;
EBT;UF;2500908;0.1250;1;1;0;0;0;0;
EBT;UF;2501005;0.2500;1;1;0;0;0;0;
EBT;UF;2501302;0.3750;2;2;0;0;0;0;
EBT;UF;2501500;0.2500;1;1;0;0;0;0;
EBT;UF;2501609;0.1250;1;1;0;0;0;0;
EBT;UF;2501807;5.0000;1;0;0;1;0;0;
EBT;UF;2501906;0.1250;1;1;0;0;0;0;
EBT;UF;2502409;0.1250;1;1;0;0;0;0;
EBT;UF;2502508;0.2500;1;1;0;0;0;0;
EBT;UF;2502805;0.1250;1;1;0;0;0;0;
EBT;UF;2503001;0.3750;2;2;0;0;0;0;
EBT;UF;2503100;0.1250;1;1;0;0;0;0;
EBT;UF;2503605;0.1250;1;1;0;0;0;0;
EBT;UF;2503704;2.5283;5;3;2;0;0;0;
EBT;UF;2504009;10.0478;22;19;2;1;0;0;
EBT;UF;2504306;0.7500;2;2;0;0;0;0;
EBT;UF;2504405;0.5000;2;2;0;0;0;0;
EBT;UF;2504603;0.5000;2;2;0;0;0;0;
EBT;UF;2504801;0.1250;1;1;0;0;0;0;
EBT;UF;2505105;0.5000;2;2;0;0;0;0;
EBT;UF;2506004;2.7500;3;2;1;0;0;0;
EBT;UF;2506301;0.0098;1;1;0;0;0;0;
EBT;UF;2506400;0.1250;1;1;0;0;0;0;
EBT;UF;2506806;0.3750;2;2;0;0;0;0;
EBT;UF;2507002;0.7500;2;2;0;0;0;0;
EBT;UF;2507309;0.1250;1;1;0;0;0;0;
EBT;UF;2507507;46.3838;38;26;5;7;0;0;
EBT;UF;2507705;0.3750;2;2;0;0;0;0;
EBT;UF;2508802;0.2500;2;2;0;0;0;0;
EBT;UF;2508901;2.0000;1;0;1;0;0;0;
EBT;UF;2509107;0.3750;2;2;0;0;0;0;
EBT;UF;2509701;2.2500;4;3;1;0;0;0;
EBT;UF;2510808;5.1250;3;2;0;1;0;0;
EBT;UF;2510907;0.1250;1;1;0;0;0;0;
EBT;UF;2511301;0.3125;2;2;0;0;0;0;
EBT;UF;2511400;0.2500;1;1;0;0;0;0;
EBT;UF;2511509;0.1250;1;1;0;0;0;0;
EBT;UF;2512002;0.1250;1;1;0;0;0;0;
EBT;UF;2512101;2.0625;5;4;1;0;0;0;
EBT;UF;2512200;0.1250;1;1;0;0;0;0;
EBT;UF;2512309;1.0000;3;3;0;0;0;0;
EBT;UF;2512507;0.0625;1;1;0;0;0;0;
EBT;UF;2512705;0.1250;1;1;0;0;0;0;
EBT;UF;2512903;0.1250;1;1;0;0;0;0;
EBT;UF;2513604;0.1250;1;1;0;0;0;0;
EBT;UF;2513901;0.3750;2;2;0;0;0;0;
EBT;UF;2514008;0.2500;1;1;0;0;0;0;
EBT;UF;2514503;0.1250;1;1;0;0;0;0;
EBT;UF;2514909;0.1250;1;1;0;0;0;0;
EBT;UF;2515500;0.6250;3;3;0;0;0;0;
EBT;UF;2515906;0.1250;1;1;0;0;0;0;
EBT;UF;2516003;0.2500;1;1;0;0;0;0;
EBT;UF;2516102;0.1250;1;1;0;0;0;0;
EBT;UF;2516201;6.5811;6;3;3;0;0;0;
EBT;UF;2516300;0.1250;1;1;0;0;0;0;
EBT;UF;2516508;0.1250;1;1;0;0;0;0;
EBT;UF;2516706;0.6250;2;2;0;0;0;0;
EBT;UF;2516904;0.1250;1;1;0;0;0;0;
EBT;UF;2517001;0.1250;1;1;0;0;0;0;
EBT;UF;2600054;0.3311;3;3;0;0;0;0;
EBT;UF;2600500;0.7500;2;2;0;0;0;0;
EBT;UF;2601003;0.2500;1;1;0;0;0;0;
EBT;UF;2601102;1.5000;3;2;1;0;0;0;
EBT;UF;2601201;1.0000;3;2;1;0;0;0;
EBT;UF;2601409;6.5000;5;4;0;1;0;0;
EBT;UF;2601706;1.3125;4;3;1;0;0;0;
EBT;UF;2601904;0.0098;2;2;0;0;0;0;
EBT;UF;2602001;0.5000;1;1;0;0;0;0;
EBT;UF;2602100;1.5000;2;1;1;0;0;0;
EBT;UF;2602803;0.5000;1;1;0;0;0;0;
EBT;UF;2602902;14.1436;19;13;6;0;0;0;
EBT;UF;2603009;0.7500;2;2;0;0;0;0;
EBT;UF;2603454;0.1436;2;2;0;0;0;0;
EBT;UF;2604007;5.0186;6;3;3;0;0;0;
EBT;UF;2604106;5.8125;14;11;3;0;0;0;
EBT;UF;2604205;1.5000;2;1;1;0;0;0;
EBT;UF;2604809;0.2500;1;1;0;0;0;0;
EBT;UF;2605202;0.2500;1;1;0;0;0;0;
EBT;UF;2605707;3.5625;4;2;2;0;0;0;
EBT;UF;2606002;21.9375;18;7;11;0;0;0;
EBT;UF;2606200;3.9648;4;2;2;0;0;0;
EBT;UF;2606408;4.0000;5;3;2;0;0;0;
EBT;UF;2606804;15.5020;10;2;8;0;0;0;
EBT;UF;2607208;8.8750;8;3;5;0;0;0;
EBT;UF;2607604;4.0000;2;0;2;0;0;0;
EBT;UF;2607752;13.0000;7;0;7;0;0;0;
EBT;UF;2607901;3.7266;21;21;0;0;0;0;
EBT;UF;2608206;0.2500;1;1;0;0;0;0;
EBT;UF;2608453;5.2500;2;1;0;1;0;0;
EBT;UF;2608800;1.0625;4;4;0;0;0;0;
EBT;UF;2608909;0.0000;1;1;0;0;0;0;
EBT;UF;2609402;2.2500;2;1;1;0;0;0;
EBT;UF;2609501;6.5000;3;1;1;1;0;0;
EBT;UF;2609600;2.5811;8;7;1;0;0;0;
EBT;UF;2609907;7.2500;5;3;1;1;0;0;
EBT;UF;2610004;0.1250;1;1;0;0;0;0;
EBT;UF;2610608;1.7500;3;2;1;0;0;0;
EBT;UF;2610707;1.6436;5;4;1;0;0;0;
EBT;UF;2610905;0.0000;2;2;0;0;0;0;
EBT;UF;2611002;0.0625;1;1;0;0;0;0;
EBT;UF;2611101;9.2500;6;1;5;0;0;0;
EBT;UF;2611606;56.9023;71;53;12;6;0;0;
EBT;UF;2611804;1.0000;1;0;1;0;0;0;
EBT;UF;2611903;5.2500;2;1;0;1;0;0;
EBT;UF;2612208;1.0625;3;2;1;0;0;0;
EBT;UF;2612505;2.1250;5;4;1;0;0;0;
EBT;UF;2612604;2.2500;2;1;1;0;0;0;
EBT;UF;2613008;1.5000;2;1;1;0;0;0;
EBT;UF;2613404;0.2500;1;1;0;0;0;0;
EBT;UF;2613701;3.2500;6;5;1;0;0;0;
EBT;UF;2613909;0.0625;3;3;0;0;0;0;
EBT;UF;2614204;1.0000;1;0;1;0;0;0;
EBT;UF;2614501;11.5625;11;6;4;1;0;0;
EBT;UF;2614808;0.1250;1;1;0;0;0;0;
EBT;UF;2614857;3.2500;3;1;2;0;0;0;
EBT;UF;2615300;0.2500;2;2;0;0;0;0;
EBT;UF;2615607;0.5000;1;1;0;0;0;0;
EBT;UF;2616407;3.2686;5;3;2;0;0;0;
EBT;UF;2700300;0.1250;1;1;0;0;0;0;
EBT;UF;2701704;0.5000;1;1;0;0;0;0;
EBT;UF;2702405;0.8125;4;4;0;0;0;0;
EBT;UF;2702900;2.0000;1;0;1;0;0;0;
EBT;UF;2703759;1.0000;1;0;1;0;0;0;
EBT;UF;2704302;3.3848;8;7;1;0;0;0;
EBT;UF;2704708;2.0000;1;0;1;0;0;0;
EBT;UF;2705507;2.7500;3;2;1;0;0;0;
EBT;UF;2705705;2.2500;2;1;1;0;0;0;
EBT;UF;2706307;6.1250;5;2;3;0;0;0;
EBT;UF;2706802;2.2500;2;1;1;0;0;0;
EBT;UF;2706901;2.0000;1;0;1;0;0;0;
EBT;UF;2707701;0.5000;1;1;0;0;0;0;
EBT;UF;2708006;0.3750;2;2;0;0;0;0;
EBT;UF;2708402;0.0625;1;1;0;0;0;0;
EBT;UF;2708808;2.0000;1;0;1;0;0;0;
EBT;UF;2709301;0.5625;3;3;0;0;0;0;
EBT;UF;2800308;5.0000;1;0;0;1;0;0;
EBT;UF;2800605;3.0000;2;0;2;0;0;0;
EBT;UF;2801207;1.0000;1;0;1;0;0;0;
EBT;UF;2801306;1.0000;1;0;1;0;0;0;
EBT;UF;2801405;1.0000;1;0;1;0;0;0;
EBT;UF;2801504;1.5000;2;1;1;0;0;0;
EBT;UF;2802106;0.5000;1;1;0;0;0;0;
EBT;UF;2802304;0.2500;1;1;0;0;0;0;
EBT;UF;2802908;2.0000;1;0;1;0;0;0;
EBT;UF;2803005;1.0000;1;0;1;0;0;0;
EBT;UF;2803203;1.0000;1;0;1;0;0;0;
EBT;UF;2804409;1.0000;1;0;1;0;0;0;
EBT;UF;2804508;2.2500;4;3;1;0;0;0;
EBT;UF;2804607;1.0000;1;0;1;0;0;0;
EBT;UF;2804805;0.2500;1;1;0;0;0;0;
EBT;UF;2805505;1.0000;1;0;1;0;0;0;
EBT;UF;2805604;0.2500;1;1;0;0;0;0;
EBT;UF;2806107;2.0000;1;0;1;0;0;0;
EBT;UF;2806206;1.0000;1;0;1;0;0;0;
EBT;UF;2806701;3.2500;3;1;2;0;0;0;
EBT;UF;2807105;1.7500;3;2;1;0;0;0;
EBT;UF;2807402;1.0000;1;0;1;0;0;0;
EBT;UF;2807600;1.5000;2;1;1;0;0;0;
EBT;UF;2900702;17.0625;10;1;9;0;0;0;
EBT;UF;2900801;1.0000;1;0;1;0;0;0;
EBT;UF;2901106;1.0000;1;0;1;0;0;0;
EBT;UF;2902104;1.0625;2;1;1;0;0;0;
EBT;UF;2902708;1.0000;1;0;1;0;0;0;
EBT;UF;2902807;1.0000;1;0;1;0;0;0;
EBT;UF;2902906;1.0000;1;0;1;0;0;0;
EBT;UF;2903201;26.6250;20;7;13;0;0;0;
EBT;UF;2903409;1.0000;1;0;1;0;0;0;
EBT;UF;2903904;10.5000;7;1;6;0;0;0;
EBT;UF;2904605;4.7500;4;2;2;0;0;0;
EBT;UF;2904902;1.0000;1;0;1;0;0;0;
EBT;UF;2905008;1.0625;2;1;1;0;0;0;
EBT;UF;2905206;3.0000;2;0;2;0;0;0;
EBT;UF;2905602;2.0000;2;0;2;0;0;0;
EBT;UF;2905701;36.1973;46;31;15;0;0;0;
EBT;UF;2905800;1.0000;1;0;1;0;0;0;
EBT;UF;2906006;10.0000;7;2;5;0;0;0;
EBT;UF;2906303;1.0625;2;1;1;0;0;0;
EBT;UF;2906501;8.1875;12;8;4;0;0;0;
EBT;UF;2906709;2.0000;2;0;2;0;0;0;
EBT;UF;2906808;1.0000;1;0;1;0;0;0;
EBT;UF;2906857;1.0000;1;0;1;0;0;0;
EBT;UF;2906873;1.0625;2;1;1;0;0;0;
EBT;UF;2906907;0.0098;1;1;0;0;0;0;
EBT;UF;2907103;1.0000;1;0;1;0;0;0;
EBT;UF;2907202;3.0000;2;0;2;0;0;0;
EBT;UF;2907301;1.0000;1;0;1;0;0;0;
EBT;UF;2907509;1.1250;2;1;1;0;0;0;
EBT;UF;2907806;1.0000;1;0;1;0;0;0;
EBT;UF;2908002;1.5000;2;1;1;0;0;0;
EBT;UF;2908408;2.6250;4;2;2;0;0;0;
EBT;UF;2908507;1.5000;2;1;1;0;0;0;
EBT;UF;2908903;1.0000;1;0;1;0;0;0;
EBT;UF;2909802;1.0000;1;0;1;0;0;0;
EBT;UF;2910057;6.5000;5;1;4;0;0;0;
EBT;UF;2910503;1.0000;1;0;1;0;0;0;
EBT;UF;2910602;2.0625;4;3;1;0;0;0;
EBT;UF;2910701;1.2500;2;1;1;0;0;0;
EBT;UF;2910727;2.7500;6;4;2;0;0;0;
EBT;UF;2910800;9.5625;11;7;4;0;0;0;
EBT;UF;2911204;1.5000;2;1;1;0;0;0;
EBT;UF;2911709;4.5000;4;1;3;0;0;0;
EBT;UF;2912103;1.0000;1;0;1;0;0;0;
EBT;UF;2913200;2.0000;2;0;2;0;0;0;
EBT;UF;2913309;0.5000;1;1;0;0;0;0;
EBT;UF;2913457;1.0000;1;0;1;0;0;0;
EBT;UF;2913507;1.0000;1;0;1;0;0;0;
EBT;UF;2913606;3.0098;6;5;1;0;0;0;
EBT;UF;2913705;1.0625;2;1;1;0;0;0;
EBT;UF;2913903;5.0000;3;0;3;0;0;0;
EBT;UF;2914000;3.2500;3;1;2;0;0;0;
EBT;UF;2914406;1.5000;2;1;1;0;0;0;
EBT;UF;2914505;1.0000;1;0;1;0;0;0;
EBT;UF;2914604;13.1250;11;5;6;0;0;0;
EBT;UF;2914653;1.0000;1;0;1;0;0;0;
EBT;UF;2914703;3.1250;6;4;2;0;0;0;
EBT;UF;2914802;25.0625;17;6;10;1;0;0;
EBT;UF;2914901;1.0000;1;0;1;0;0;0;
EBT;UF;2915601;0.0625;1;1;0;0;0;0;
EBT;UF;2915809;1.5000;2;1;1;0;0;0;
EBT;UF;2916104;1.0000;1;0;1;0;0;0;
EBT;UF;2916401;0.0000;1;1;0;0;0;0;
EBT;UF;2916906;0.5000;1;1;0;0;0;0;
EBT;UF;2917003;1.0625;2;1;1;0;0;0;
EBT;UF;2917102;0.5000;1;1;0;0;0;0;
EBT;UF;2917300;1.5000;2;1;1;0;0;0;
EBT;UF;2917508;5.6875;8;5;3;0;0;0;
EBT;UF;2917607;1.0625;2;1;1;0;0;0;
EBT;UF;2917706;1.5625;3;2;1;0;0;0;
EBT;UF;2918001;4.0000;4;2;2;0;0;0;
EBT;UF;2918100;1.0625;2;1;1;0;0;0;
EBT;UF;2918407;23.0000;18;7;11;0;0;0;
EBT;UF;2919207;4.6250;5;2;3;0;0;0;
EBT;UF;2919504;1.0625;2;1;1;0;0;0;
EBT;UF;2919553;3.5000;5;4;1;0;0;0;
EBT;UF;2919926;3.0000;2;0;2;0;0;0;
EBT;UF;2920502;1.0000;1;0;1;0;0;0;
EBT;UF;2920601;3.0000;2;0;2;0;0;0;
EBT;UF;2921005;6.7598;9;5;4;0;0;0;
EBT;UF;2921104;1.0000;1;0;1;0;0;0;
EBT;UF;2921203;0.5000;1;1;0;0;0;0;
EBT;UF;2921302;2.0000;1;0;1;0;0;0;
EBT;UF;2921500;1.0625;2;1;1;0;0;0;
EBT;UF;2921708;1.5000;2;1;1;0;0;0;
EBT;UF;2922003;2.0625;4;3;1;0;0;0;
EBT;UF;2922102;1.5000;2;1;1;0;0;0;
EBT;UF;2922300;1.0000;1;0;1;0;0;0;
EBT;UF;2922508;1.5000;2;1;1;0;0;0;
EBT;UF;2922904;1.0000;1;0;1;0;0;0;
EBT;UF;2923001;0.0625;1;1;0;0;0;0;
EBT;UF;2923407;1.0000;1;0;1;0;0;0;
EBT;UF;2923605;1.0000;1;0;1;0;0;0;
EBT;UF;2923803;0.5000;1;1;0;0;0;0;
EBT;UF;2924009;15.2500;12;5;7;0;0;0;
EBT;UF;2925105;2.5000;3;1;2;0;0;0;
EBT;UF;2925204;3.0000;2;0;2;0;0;0;
EBT;UF;2925303;4.5098;5;2;3;0;0;0;
EBT;UF;2925501;3.0625;3;1;2;0;0;0;
EBT;UF;2925600;0.5000;1;1;0;0;0;0;
EBT;UF;2925808;1.0000;1;0;1;0;0;0;
EBT;UF;2926004;1.0625;2;1;1;0;0;0;
EBT;UF;2926202;1.0000;1;0;1;0;0;0;
EBT;UF;2926301;0.5000;1;1;0;0;0;0;
EBT;UF;2926400;1.0625;2;1;1;0;0;0;
EBT;UF;2926608;2.2500;4;3;1;0;0;0;
EBT;UF;2927200;1.1250;2;1;1;0;0;0;
EBT;UF;2927408;87.0869;105;63;42;0;0;0;
EBT;UF;2928000;1.0000;1;0;1;0;0;0;
EBT;UF;2928109;0.5000;1;1;0;0;0;0;
EBT;UF;2928208;1.5000;2;1;1;0;0;0;
EBT;UF;2928604;2.5000;4;3;1;0;0;0;
EBT;UF;2928703;7.0000;4;0;4;0;0;0;
EBT;UF;2928802;1.6250;3;2;1;0;0;0;
EBT;UF;2929206;6.2500;5;1;4;0;0;0;
EBT;UF;2929503;3.3750;4;2;2;0;0;0;
EBT;UF;2929750;0.2500;1;1;0;0;0;0;
EBT;UF;2929909;2.6250;4;2;2;0;0;0;
EBT;UF;2930105;3.0000;2;0;2;0;0;0;
EBT;UF;2930154;1.2500;2;1;1;0;0;0;
EBT;UF;2930501;10.6875;10;5;5;0;0;0;
EBT;UF;2930709;4.6875;5;3;2;0;0;0;
EBT;UF;2931350;5.0723;6;3;3;0;0;0;
EBT;UF;2931509;0.0098;1;1;0;0;0;0;
EBT;UF;2931905;1.5625;3;2;1;0;0;0;
EBT;UF;2932002;1.0000;1;0;1;0;0;0;
EBT;UF;2932200;1.0000;1;0;1;0;0;0;
EBT;UF;2932705;1.0000;1;0;1;0;0;0;
EBT;UF;2932903;2.5000;2;1;1;0;0;0;
EBT;UF;2933000;1.0000;1;0;1;0;0;0;
EBT;UF;2933208;3.0000;2;0;2;0;0;0;
EBT;UF;2933307;0.6973;4;4;0;0;0;0;
EBT;UF;2933604;1.0000;1;0;1;0;0;0;
EBT;UF;3100203;4.0000;2;0;2;0;0;0;
EBT;UF;3100302;1.0000;1;0;1;0;0;0;
EBT;UF;3100500;2.0000;2;0;2;0;0;0;
EBT;UF;3100609;0.5625;3;3;0;0;0;0;
EBT;UF;3100906;5.0000;4;0;4;0;0;0;
EBT;UF;3101102;1.0625;2;1;1;0;0;0;
EBT;UF;3101201;3.0000;2;0;2;0;0;0;
EBT;UF;3101300;0.2500;1;1;0;0;0;0;
EBT;UF;3101607;0.0625;1;1;0;0;0;0;
EBT;UF;3101706;9.2500;8;3;5;0;0;0;
EBT;UF;3102001;1.0000;1;0;1;0;0;0;
EBT;UF;3102308;2.5000;3;2;1;0;0;0;
EBT;UF;3102605;1.0000;1;0;1;0;0;0;
EBT;UF;3102704;2.0000;2;0;2;0;0;0;
EBT;UF;3102803;2.2500;2;1;1;0;0;0;
EBT;UF;3102902;0.7500;2;2;0;0;0;0;
EBT;UF;3103009;0.2500;1;1;0;0;0;0;
EBT;UF;3103405;7.0000;4;0;4;0;0;0;
EBT;UF;3103504;0.0000;2;2;0;0;0;0;
EBT;UF;3103702;0.2500;1;1;0;0;0;0;
EBT;UF;3103751;0.1250;1;1;0;0;0;0;
EBT;UF;3104007;2.8750;4;3;1;0;0;0;
EBT;UF;3104106;0.2500;1;1;0;0;0;0;
EBT;UF;3104304;2.0000;1;0;1;0;0;0;
EBT;UF;3104502;4.0000;2;0;2;0;0;0;
EBT;UF;3104908;2.0000;2;0;2;0;0;0;
EBT;UF;3105400;5.6250;5;2;3;0;0;0;
EBT;UF;3105608;2.5000;3;2;1;0;0;0;
EBT;UF;3105905;2.0000;1;0;1;0;0;0;
EBT;UF;3106002;0.2500;1;1;0;0;0;0;
EBT;UF;3106200;11.3535;29;24;5;0;0;0;
EBT;UF;3106309;1.0000;1;0;1;0;0;0;
EBT;UF;3106705;17.5000;13;8;3;2;0;0;
EBT;UF;3106903;2.0000;1;0;1;0;0;0;
EBT;UF;3107109;3.0000;2;0;2;0;0;0;
EBT;UF;3107307;2.8125;4;3;1;0;0;0;
EBT;UF;3107406;2.5000;2;1;1;0;0;0;
EBT;UF;3107802;0.2500;1;1;0;0;0;0;
EBT;UF;3108008;3.0000;2;0;2;0;0;0;
EBT;UF;3108206;2.0000;1;0;1;0;0;0;
EBT;UF;3108305;2.0000;1;0;1;0;0;0;
EBT;UF;3108404;1.0000;1;0;1;0;0;0;
EBT;UF;3108602;2.0625;2;1;1;0;0;0;
EBT;UF;3109006;12.2500;9;3;6;0;0;0;
EBT;UF;3109105;2.0000;1;0;1;0;0;0;
EBT;UF;3109204;2.0000;1;0;1;0;0;0;
EBT;UF;3109402;0.5000;1;1;0;0;0;0;
EBT;UF;3109501;1.0000;1;0;1;0;0;0;
EBT;UF;3109600;0.2500;1;1;0;0;0;0;
EBT;UF;3109709;1.0000;1;0;1;0;0;0;
EBT;UF;3110004;8.3125;10;6;4;0;0;0;
EBT;UF;3110301;1.0000;1;0;1;0;0;0;
EBT;UF;3110806;0.2500;1;1;0;0;0;0;
EBT;UF;3110905;3.5000;3;1;2;0;0;0;
EBT;UF;3111002;2.0000;1;0;1;0;0;0;
EBT;UF;3111101;3.0625;3;1;2;0;0;0;
EBT;UF;3111200;6.5000;5;1;4;0;0;0;
EBT;UF;3111408;1.0000;1;0;1;0;0;0;
EBT;UF;3111507;0.2500;1;1;0;0;0;0;
EBT;UF;3111606;1.0000;1;0;1;0;0;0;
EBT;UF;3111804;2.2500;2;1;1;0;0;0;
EBT;UF;3112000;2.2500;2;1;1;0;0;0;
EBT;UF;3112307;10.0000;5;0;5;0;0;0;
EBT;UF;3112604;2.0000;1;0;1;0;0;0;
EBT;UF;3112802;1.0000;1;0;1;0;0;0;
EBT;UF;3113305;2.0000;1;0;1;0;0;0;
EBT;UF;3113404;4.5625;5;2;3;0;0;0;
EBT;UF;3113503;3.0000;2;0;2;0;0;0;
EBT;UF;3113701;1.0000;1;0;1;0;0;0;
EBT;UF;3114006;2.2500;2;1;1;0;0;0;
EBT;UF;3114105;3.0000;2;0;2;0;0;0;
EBT;UF;3114204;2.0000;1;0;1;0;0;0;
EBT;UF;3114303;0.0020;1;1;0;0;0;0;
EBT;UF;3114402;2.0000;1;0;1;0;0;0;
EBT;UF;3114550;1.5000;2;1;1;0;0;0;
EBT;UF;3114808;0.2500;1;1;0;0;0;0;
EBT;UF;3115300;0.5000;1;1;0;0;0;0;
EBT;UF;3116100;1.0000;1;0;1;0;0;0;
EBT;UF;3116605;2.0000;1;0;1;0;0;0;
EBT;UF;3116902;0.0625;1;1;0;0;0;0;
EBT;UF;3117306;2.0000;1;0;1;0;0;0;
EBT;UF;3117504;2.0000;1;0;1;0;0;0;
EBT;UF;3117603;0.2500;1;1;0;0;0;0;
EBT;UF;3117702;3.5000;3;1;2;0;0;0;
EBT;UF;3117801;2.0000;1;0;1;0;0;0;
EBT;UF;3117900;1.0000;1;0;1;0;0;0;
EBT;UF;3118007;0.5000;1;1;0;0;0;0;
EBT;UF;3118205;2.2500;2;1;1;0;0;0;
EBT;UF;3118304;1.5000;3;2;1;0;0;0;
EBT;UF;3118601;4.9375;9;7;2;0;0;0;
EBT;UF;3118809;2.0000;1;0;1;0;0;0;
EBT;UF;3118908;2.0000;1;0;1;0;0;0;
EBT;UF;3119104;0.5625;3;3;0;0;0;0;
EBT;UF;3119302;7.2520;6;2;4;0;0;0;
EBT;UF;3119401;0.7500;2;2;0;0;0;0;
EBT;UF;3119500;1.0000;1;0;1;0;0;0;
EBT;UF;3119906;0.2500;1;1;0;0;0;0;
EBT;UF;3120102;0.2500;1;1;0;0;0;0;
EBT;UF;3120201;1.0000;1;0;1;0;0;0;
EBT;UF;3120409;0.5000;2;2;0;0;0;0;
EBT;UF;3120508;3.0000;2;0;2;0;0;0;
EBT;UF;3120706;0.2500;1;1;0;0;0;0;
EBT;UF;3120805;3.5000;3;1;2;0;0;0;
EBT;UF;3120904;0.8750;4;4;0;0;0;0;
EBT;UF;3121209;0.2500;1;1;0;0;0;0;
EBT;UF;3121407;0.2500;1;1;0;0;0;0;
EBT;UF;3121605;36.3125;22;2;20;0;0;0;
EBT;UF;3122009;2.2500;2;1;1;0;0;0;
EBT;UF;3122306;0.1875;2;2;0;0;0;0;
EBT;UF;3122504;0.2500;1;1;0;0;0;0;
EBT;UF;3122900;0.2500;1;1;0;0;0;0;
EBT;UF;3123205;2.0000;1;0;1;0;0;0;
EBT;UF;3123601;5.0000;1;0;0;1;0;0;
EBT;UF;3123809;0.2500;1;1;0;0;0;0;
EBT;UF;3123858;0.2500;1;1;0;0;0;0;
EBT;UF;3123908;0.0625;1;1;0;0;0;0;
EBT;UF;3124005;2.2500;2;1;1;0;0;0;
EBT;UF;3124104;0.5000;1;1;0;0;0;0;
EBT;UF;3124302;2.0000;1;0;1;0;0;0;
EBT;UF;3124708;0.2500;1;1;0;0;0;0;
EBT;UF;3124807;2.0000;1;0;1;0;0;0;
EBT;UF;3124906;2.5000;3;2;1;0;0;0;
EBT;UF;3125101;1.5000;3;2;1;0;0;0;
EBT;UF;3125200;0.2500;1;1;0;0;0;0;
EBT;UF;3125606;0.2500;1;1;0;0;0;0;
EBT;UF;3125903;2.0000;1;0;1;0;0;0;
EBT;UF;3126000;0.2500;1;1;0;0;0;0;
EBT;UF;3126109;4.2500;5;3;2;0;0;0;
EBT;UF;3126307;0.3125;2;2;0;0;0;0;
EBT;UF;3126703;2.0000;1;0;1;0;0;0;
EBT;UF;3126901;0.5000;1;1;0;0;0;0;
EBT;UF;3127107;0.8770;4;4;0;0;0;0;
EBT;UF;3127305;3.0000;2;0;2;0;0;0;
EBT;UF;3127602;2.0000;2;0;2;0;0;0;
EBT;UF;3127701;0.5723;4;4;0;0;0;0;
EBT;UF;3128006;11.5000;7;1;6;0;0;0;
EBT;UF;3128105;3.0000;2;0;2;0;0;0;
EBT;UF;3128204;0.2500;1;1;0;0;0;0;
EBT;UF;3128303;4.0000;3;0;3;0;0;0;
EBT;UF;3128402;2.2500;2;1;1;0;0;0;
EBT;UF;3128709;3.2500;3;1;2;0;0;0;
EBT;UF;3129103;0.2500;1;1;0;0;0;0;
EBT;UF;3129509;0.3125;2;2;0;0;0;0;
EBT;UF;3129608;0.2500;1;1;0;0;0;0;
EBT;UF;3129707;2.0000;1;0;1;0;0;0;
EBT;UF;3129806;5.8125;5;4;0;1;0;0;
EBT;UF;3130705;2.0000;1;0;1;0;0;0;
EBT;UF;3130903;3.0000;2;0;2;0;0;0;
EBT;UF;3131158;1.0000;1;0;1;0;0;0;
EBT;UF;3131307;9.7500;9;6;2;1;0;0;
EBT;UF;3131406;0.2500;1;1;0;0;0;0;
EBT;UF;3131703;1.8125;5;4;1;0;0;0;
EBT;UF;3131802;1.0000;1;0;1;0;0;0;
EBT;UF;3131901;5.6250;3;2;0;1;0;0;
EBT;UF;3132107;0.0625;1;1;0;0;0;0;
EBT;UF;3132305;0.2500;1;1;0;0;0;0;
EBT;UF;3132404;1.0000;1;0;1;0;0;0;
EBT;UF;3132701;0.2500;1;1;0;0;0;0;
EBT;UF;3133006;2.0000;1;0;1;0;0;0;
EBT;UF;3133105;4.0000;2;0;2;0;0;0;
EBT;UF;3133204;2.0000;1;0;1;0;0;0;
EBT;UF;3133303;3.3125;4;2;2;0;0;0;
EBT;UF;3133402;2.0000;1;0;1;0;0;0;
EBT;UF;3133501;2.0000;1;0;1;0;0;0;
EBT;UF;3133709;2.4648;2;0;2;0;0;0;
EBT;UF;3133758;1.7500;3;2;1;0;0;0;
EBT;UF;3133808;3.8750;4;2;2;0;0;0;
EBT;UF;3134202;0.2500;1;1;0;0;0;0;
EBT;UF;3134301;3.2500;3;1;2;0;0;0;
EBT;UF;3134400;2.5625;4;2;2;0;0;0;
EBT;UF;3134608;4.2500;3;1;2;0;0;0;
EBT;UF;3134707;1.0000;1;0;1;0;0;0;
EBT;UF;3134806;3.0000;2;0;2;0;0;0;
EBT;UF;3134905;2.0000;1;0;1;0;0;0;
EBT;UF;3135050;1.0000;1;0;1;0;0;0;
EBT;UF;3135100;19.5000;11;3;7;1;0;0;
EBT;UF;3135209;5.0000;3;0;3;0;0;0;
EBT;UF;3135407;20.0000;1;0;0;0;1;0;
EBT;UF;3135506;1.0000;1;0;1;0;0;0;
EBT;UF;3135605;0.2500;1;1;0;0;0;0;
EBT;UF;3135803;10.0000;6;0;6;0;0;0;
EBT;UF;3135902;0.2500;1;1;0;0;0;0;
EBT;UF;3136009;1.0000;1;0;1;0;0;0;
EBT;UF;3136108;0.2500;1;1;0;0;0;0;
EBT;UF;3136207;5.3125;8;6;2;0;0;0;
EBT;UF;3136405;0.2500;1;1;0;0;0;0;
EBT;UF;3136652;4.3125;4;2;2;0;0;0;
EBT;UF;3136702;15.3750;13;8;4;1;0;0;
EBT;UF;3137601;0.5918;5;5;0;0;0;0;
EBT;UF;3137809;3.0000;2;0;2;0;0;0;
EBT;UF;3138005;0.2500;1;1;0;0;0;0;
EBT;UF;3138203;5.2500;2;1;0;1;0;0;
EBT;UF;3138708;0.2500;1;1;0;0;0;0;
EBT;UF;3138906;1.0000;1;0;1;0;0;0;
EBT;UF;3139003;5.0000;3;0;3;0;0;0;
EBT;UF;3139102;0.2500;1;1;0;0;0;0;
EBT;UF;3139201;2.0000;1;0;1;0;0;0;
EBT;UF;3139300;2.5000;2;1;1;0;0;0;
EBT;UF;3139409;6.0625;7;4;3;0;0;0;
EBT;UF;3139508;2.5000;3;2;1;0;0;0;
EBT;UF;3139805;2.0000;1;0;1;0;0;0;
EBT;UF;3139904;1.0000;1;0;1;0;0;0;
EBT;UF;3140001;3.9375;6;4;2;0;0;0;
EBT;UF;3140506;5.7500;5;2;3;0;0;0;
EBT;UF;3140530;1.0000;1;0;1;0;0;0;
EBT;UF;3140555;1.0000;1;0;1;0;0;0;
EBT;UF;3140605;0.2500;1;1;0;0;0;0;
EBT;UF;3140704;2.5000;2;1;1;0;0;0;
EBT;UF;3140803;2.0000;1;0;1;0;0;0;
EBT;UF;3140902;0.2500;1;1;0;0;0;0;
EBT;UF;3141108;1.2500;2;1;1;0;0;0;
EBT;UF;3141207;0.2500;1;1;0;0;0;0;
EBT;UF;3141504;0.2500;1;1;0;0;0;0;
EBT;UF;3141603;2.5000;2;1;1;0;0;0;
EBT;UF;3141702;1.0000;1;0;1;0;0;0;
EBT;UF;3141801;2.0625;2;1;1;0;0;0;
EBT;UF;3142106;2.2500;2;1;1;0;0;0;
EBT;UF;3142205;2.2500;2;1;1;0;0;0;
EBT;UF;3142403;0.2500;1;1;0;0;0;0;
EBT;UF;3142700;2.0000;1;0;1;0;0;0;
EBT;UF;3142809;2.0000;1;0;1;0;0;0;
EBT;UF;3142908;2.0000;1;0;1;0;0;0;
EBT;UF;3143005;3.0000;2;0;2;0;0;0;
EBT;UF;3143104;9.0625;7;2;5;0;0;0;
EBT;UF;3143203;2.0625;2;1;1;0;0;0;
EBT;UF;3143302;0.2500;1;1;0;0;0;0;
EBT;UF;3143401;2.0000;1;0;1;0;0;0;
EBT;UF;3143500;2.0000;1;0;1;0;0;0;
EBT;UF;3143906;2.2500;4;3;1;0;0;0;
EBT;UF;3144003;2.0000;1;0;1;0;0;0;
EBT;UF;3144102;3.0000;2;0;2;0;0;0;
EBT;UF;3144300;10.5000;7;1;6;0;0;0;
EBT;UF;3144359;0.2500;1;1;0;0;0;0;
EBT;UF;3144409;2.2500;2;1;1;0;0;0;
EBT;UF;3144508;0.2500;1;1;0;0;0;0;
EBT;UF;3144607;3.5000;3;1;2;0;0;0;
EBT;UF;3144706;5.0000;3;0;3;0;0;0;
EBT;UF;3144805;7.2500;14;12;2;0;0;0;
EBT;UF;3144904;0.2500;1;1;0;0;0;0;
EBT;UF;3145000;2.2500;2;1;1;0;0;0;
EBT;UF;3145109;3.0000;2;0;2;0;0;0;
EBT;UF;3145208;0.1250;2;2;0;0;0;0;
EBT;UF;3145901;7.5000;4;2;1;1;0;0;
EBT;UF;3146008;3.0000;2;0;2;0;0;0;
EBT;UF;3146107;12.0898;17;11;6;0;0;0;
EBT;UF;3146701;2.2500;2;1;1;0;0;0;
EBT;UF;3146750;1.0000;1;0;1;0;0;0;
EBT;UF;3146909;1.0000;1;0;1;0;0;0;
EBT;UF;3147006;6.0000;3;0;3;0;0;0;
EBT;UF;3147105;2.3125;3;2;1;0;0;0;
EBT;UF;3147204;2.0000;1;0;1;0;0;0;
EBT;UF;3147303;2.7500;4;3;1;0;0;0;
EBT;UF;3147402;5.0625;4;1;3;0;0;0;
EBT;UF;3147600;1.0000;1;0;1;0;0;0;
EBT;UF;3147709;3.0000;2;0;2;0;0;0;
EBT;UF;3148004;0.5664;4;4;0;0;0;0;
EBT;UF;3148103;0.0020;1;1;0;0;0;0;
EBT;UF;3148301;0.2500;1;1;0;0;0;0;
EBT;UF;3148608;1.2500;2;1;1;0;0;0;
EBT;UF;3148707;17.2500;6;1;4;1;0;0;
EBT;UF;3149101;1.0000;1;0;1;0;0;0;
EBT;UF;3149606;0.2500;1;1;0;0;0;0;
EBT;UF;3149705;0.2500;1;1;0;0;0;0;
EBT;UF;3149804;1.0000;1;0;1;0;0;0;
EBT;UF;3150307;0.2500;1;1;0;0;0;0;
EBT;UF;3150703;0.2500;1;1;0;0;0;0;
EBT;UF;3150802;2.0000;1;0;1;0;0;0;
EBT;UF;3151107;2.7500;3;2;1;0;0;0;
EBT;UF;3151503;2.0000;1;0;1;0;0;0;
EBT;UF;3151701;3.0000;2;0;2;0;0;0;
EBT;UF;3151800;12.3125;8;2;6;0;0;0;
EBT;UF;3151909;0.2500;1;1;0;0;0;0;
EBT;UF;3152006;2.2500;2;1;1;0;0;0;
EBT;UF;3152204;2.0000;1;0;1;0;0;0;
EBT;UF;3152501;4.5000;3;1;2;0;0;0;
EBT;UF;3152709;2.0000;1;0;1;0;0;0;
EBT;UF;3152808;6.0000;3;0;3;0;0;0;
EBT;UF;3152907;2.0000;1;0;1;0;0;0;
EBT;UF;3153400;2.2500;2;1;1;0;0;0;
EBT;UF;3153509;0.2500;1;1;0;0;0;0;
EBT;UF;3153608;0.2500;1;1;0;0;0;0;
EBT;UF;3153905;2.0000;1;0;1;0;0;0;
EBT;UF;3154002;1.0000;1;0;1;0;0;0;
EBT;UF;3154101;0.2500;1;1;0;0;0;0;
EBT;UF;3154200;1.0000;1;0;1;0;0;0;
EBT;UF;3154309;2.0000;2;0;2;0;0;0;
EBT;UF;3154408;1.0000;1;0;1;0;0;0;
EBT;UF;3154705;0.7500;2;2;0;0;0;0;
EBT;UF;3154804;2.2500;2;1;1;0;0;0;
EBT;UF;3154903;3.0000;2;0;2;0;0;0;
EBT;UF;3155108;0.2500;1;1;0;0;0;0;
EBT;UF;3155207;1.0000;1;0;1;0;0;0;
EBT;UF;3155405;3.5000;4;2;2;0;0;0;
EBT;UF;3155603;2.5000;2;1;1;0;0;0;
EBT;UF;3155702;2.0000;1;0;1;0;0;0;
EBT;UF;3155801;2.2500;2;1;1;0;0;0;
EBT;UF;3156007;2.0000;1;0;1;0;0;0;
EBT;UF;3156700;3.4375;6;5;1;0;0;0;
EBT;UF;3156908;2.0020;2;1;1;0;0;0;
EBT;UF;3157005;2.5000;2;1;1;0;0;0;
EBT;UF;3157104;0.0625;1;1;0;0;0;0;
EBT;UF;3157203;2.0000;1;0;1;0;0;0;
EBT;UF;3157807;6.2500;4;2;1;1;0;0;
EBT;UF;3158003;0.5000;1;1;0;0;0;0;
EBT;UF;3158508;0.2500;1;1;0;0;0;0;
EBT;UF;3158953;1.2500;2;1;1;0;0;0;
EBT;UF;3159209;3.0000;2;0;2;0;0;0;
EBT;UF;3159605;6.3125;5;2;3;0;0;0;
EBT;UF;3159803;2.0625;2;1;1;0;0;0;
EBT;UF;3160900;1.0000;1;0;1;0;0;0;
EBT;UF;3161007;2.5000;2;1;1;0;0;0;
EBT;UF;3161106;4.1250;4;2;2;0;0;0;
EBT;UF;3161809;0.5000;1;1;0;0;0;0;
EBT;UF;3161908;0.2500;1;1;0;0;0;0;
EBT;UF;3162005;6.5000;5;1;4;0;0;0;
EBT;UF;3162104;0.5000;1;1;0;0;0;0;
EBT;UF;3162500;0.4375;3;3;0;0;0;0;
EBT;UF;3162807;1.0000;3;3;0;0;0;0;
EBT;UF;3162906;1.2500;2;1;1;0;0;0;
EBT;UF;3162922;2.0000;1;0;1;0;0;0;
EBT;UF;3163300;0.2500;1;1;0;0;0;0;
EBT;UF;3163409;1.0000;1;0;1;0;0;0;
EBT;UF;3163508;0.2500;1;1;0;0;0;0;
EBT;UF;3163805;0.5000;2;2;0;0;0;0;
EBT;UF;3164209;3.0000;2;0;2;0;0;0;
EBT;UF;3164308;2.0000;1;0;1;0;0;0;
EBT;UF;3164407;4.0000;2;0;2;0;0;0;
EBT;UF;3164506;0.2500;1;1;0;0;0;0;
EBT;UF;3164704;2.0000;4;3;1;0;0;0;
EBT;UF;3165305;0.1250;1;1;0;0;0;0;
EBT;UF;3165800;0.5000;2;2;0;0;0;0;
EBT;UF;3165909;0.2500;1;1;0;0;0;0;
EBT;UF;3166204;0.2500;1;1;0;0;0;0;
EBT;UF;3167103;2.0625;2;1;1;0;0;0;
EBT;UF;3167202;0.7500;4;4;0;0;0;0;
EBT;UF;3167400;2.0000;1;0;1;0;0;0;
EBT;UF;3167608;0.5625;3;3;0;0;0;0;
EBT;UF;3167806;0.2500;1;1;0;0;0;0;
EBT;UF;3168002;2.0625;2;1;1;0;0;0;
EBT;UF;3168101;1.0000;1;0;1;0;0;0;
EBT;UF;3168309;0.5000;2;2;0;0;0;0;
EBT;UF;3168408;0.5000;1;1;0;0;0;0;
EBT;UF;3168507;2.0000;1;0;1;0;0;0;
EBT;UF;3168606;2.0625;2;1;1;0;0;0;
EBT;UF;3168705;4.5000;8;7;1;0;0;0;
EBT;UF;3168804;2.0000;1;0;1;0;0;0;
EBT;UF;3168903;2.2500;2;1;1;0;0;0;
EBT;UF;3169000;0.5000;1;1;0;0;0;0;
EBT;UF;3169208;2.0625;2;1;1;0;0;0;
EBT;UF;3169307;0.2500;1;1;0;0;0;0;
EBT;UF;3169356;1.2500;3;3;0;0;0;0;
EBT;UF;3169505;0.2500;1;1;0;0;0;0;
EBT;UF;3169604;2.0000;1;0;1;0;0;0;
EBT;UF;3169802;1.0000;1;0;1;0;0;0;
EBT;UF;3169901;2.0000;1;0;1;0;0;0;
EBT;UF;3170057;0.2500;1;1;0;0;0;0;
EBT;UF;3170107;0.5098;6;6;0;0;0;0;
EBT;UF;3170206;10.8603;31;26;5;0;0;0;
EBT;UF;3170404;2.0000;1;0;1;0;0;0;
EBT;UF;3170503;0.2500;1;1;0;0;0;0;
EBT;UF;3170701;2.7500;5;4;1;0;0;0;
EBT;UF;3170909;0.5000;1;1;0;0;0;0;
EBT;UF;3171006;12.2500;7;1;6;0;0;0;
EBT;UF;3171105;0.2500;1;1;0;0;0;0;
EBT;UF;3171808;1.0000;1;0;1;0;0;0;
EBT;UF;3200102;2.3125;3;2;1;0;0;0;
EBT;UF;3200136;4.5000;3;1;2;0;0;0;
EBT;UF;3200169;2.5000;2;1;1;0;0;0;
EBT;UF;3200201;0.2500;1;1;0;0;0;0;
EBT;UF;3200300;0.0625;1;1;0;0;0;0;
EBT;UF;3200409;0.1250;2;2;0;0;0;0;
EBT;UF;3200508;6.0000;3;0;3;0;0;0;
EBT;UF;3200607;1.9375;6;5;1;0;0;0;
EBT;UF;3200805;0.0625;1;1;0;0;0;0;
EBT;UF;3200904;1.0625;2;1;1;0;0;0;
EBT;UF;3201100;2.0000;1;0;1;0;0;0;
EBT;UF;3201159;0.0625;1;1;0;0;0;0;
EBT;UF;3201209;0.0625;1;1;0;0;0;0;
EBT;UF;3201308;5.3750;4;3;0;1;0;0;
EBT;UF;3201506;0.0625;1;1;0;0;0;0;
EBT;UF;3201605;0.8125;3;3;0;0;0;0;
EBT;UF;3201704;0.0625;1;1;0;0;0;0;
EBT;UF;3201803;2.0625;2;1;1;0;0;0;
EBT;UF;3201902;0.0625;1;1;0;0;0;0;
EBT;UF;3202009;2.0000;1;0;1;0;0;0;
EBT;UF;3202207;8.3125;6;2;4;0;0;0;
EBT;UF;3202256;0.5000;1;1;0;0;0;0;
EBT;UF;3202405;7.5723;5;3;1;1;0;0;
EBT;UF;3202454;4.3125;4;2;2;0;0;0;
EBT;UF;3202553;2.0000;1;0;1;0;0;0;
EBT;UF;3202652;0.0625;1;1;0;0;0;0;
EBT;UF;3203007;5.8125;5;1;4;0;0;0;
EBT;UF;3203106;4.0625;3;1;2;0;0;0;
EBT;UF;3203205;2.3125;3;2;1;0;0;0;
EBT;UF;3203304;2.3125;3;2;1;0;0;0;
EBT;UF;3203353;3.3125;4;2;2;0;0;0;
EBT;UF;3203403;5.8125;6;3;3;0;0;0;
EBT;UF;3203601;10.0625;6;1;5;0;0;0;
EBT;UF;3203700;0.0625;1;1;0;0;0;0;
EBT;UF;3203809;2.2500;2;1;1;0;0;0;
EBT;UF;3204252;0.0625;1;1;0;0;0;0;
EBT;UF;3204500;0.2500;1;1;0;0;0;0;
EBT;UF;3204559;0.0625;1;1;0;0;0;0;
EBT;UF;3204609;0.3125;2;2;0;0;0;0;
EBT;UF;3204708;0.1875;2;2;0;0;0;0;
EBT;UF;3204807;2.0000;1;0;1;0;0;0;
EBT;UF;3204906;0.3125;2;2;0;0;0;0;
EBT;UF;3204955;0.0625;1;1;0;0;0;0;
EBT;UF;3205002;3.5049;12;11;1;0;0;0;
EBT;UF;3205036;0.8125;3;3;0;0;0;0;
EBT;UF;3205069;1.1875;4;4;0;0;0;0;
EBT;UF;3205101;0.0625;1;1;0;0;0;0;
EBT;UF;3205150;5.0000;3;0;3;0;0;0;
EBT;UF;3205176;1.0625;2;1;1;0;0;0;
EBT;UF;3205200;4.3770;7;5;2;0;0;0;
EBT;UF;3205309;16.9463;24;19;3;2;0;0;
EBT;UF;3300100;7.8848;10;8;1;1;0;0;
EBT;UF;3300209;0.0723;2;2;0;0;0;0;
EBT;UF;3300233;0.6250;2;2;0;0;0;0;
EBT;UF;3300308;10.1973;15;12;2;1;0;0;
EBT;UF;3300407;2.8750;4;3;1;0;0;0;
EBT;UF;3300456;0.6250;2;2;0;0;0;0;
EBT;UF;3300605;1.0000;1;0;1;0;0;0;
EBT;UF;3300704;0.5000;1;1;0;0;0;0;
EBT;UF;3300902;0.5000;1;1;0;0;0;0;
EBT;UF;3301009;1.5000;5;5;0;0;0;0;
EBT;UF;3301306;0.0625;1;1;0;0;0;0;
EBT;UF;3301702;10.9375;15;12;2;1;0;0;
EBT;UF;3301801;0.2500;1;1;0;0;0;0;
EBT;UF;3301850;1.0000;2;2;0;0;0;0;
EBT;UF;3301900;1.0625;4;4;0;0;0;0;
EBT;UF;3302007;2.9375;6;4;2;0;0;0;
EBT;UF;3302403;1.1348;5;5;0;0;0;0;
EBT;UF;3302502;1.6250;3;2;1;0;0;0;
EBT;UF;3302601;0.8125;3;3;0;0;0;0;
EBT;UF;3302700;1.5000;2;1;1;0;0;0;
EBT;UF;3302858;0.5625;3;3;0;0;0;0;
EBT;UF;3302908;0.5000;1;1;0;0;0;0;
EBT;UF;3303005;0.2500;1;1;0;0;0;0;
EBT;UF;3303203;1.0625;4;4;0;0;0;0;
EBT;UF;3303302;5.7598;13;10;3;0;0;0;
EBT;UF;3303401;6.3750;6;5;0;1;0;0;
EBT;UF;3303500;4.9561;10;7;3;0;0;0;
EBT;UF;3303609;1.3750;3;2;1;0;0;0;
EBT;UF;3303708;0.5625;3;3;0;0;0;0;
EBT;UF;3303807;5.7500;3;2;0;1;0;0;
EBT;UF;3303906;0.8125;5;5;0;0;0;0;
EBT;UF;3304003;2.0000;2;0;2;0;0;0;
EBT;UF;3304102;0.5000;1;1;0;0;0;0;
EBT;UF;3304110;11.6250;7;4;1;2;0;0;
EBT;UF;3304144;1.8750;5;5;0;0;0;0;
EBT;UF;3304201;0.8750;5;5;0;0;0;0;
EBT;UF;3304300;1.8750;4;3;1;0;0;0;
EBT;UF;3304524;1.5625;3;2;1;0;0;0;
EBT;UF;3304557;296.0849;646;527;104;15;0;0;
EBT;UF;3304755;0.5000;1;1;0;0;0;0;
EBT;UF;3304805;0.0625;1;1;0;0;0;0;
EBT;UF;3304904;5.3750;11;8;3;0;0;0;
EBT;UF;3305109;1.8125;11;11;0;0;0;0;
EBT;UF;3305158;0.0625;1;1;0;0;0;0;
EBT;UF;3305208;2.5000;4;3;1;0;0;0;
EBT;UF;3305554;0.1250;2;2;0;0;0;0;
EBT;UF;3305604;0.1250;2;2;0;0;0;0;
EBT;UF;3305802;0.5000;2;2;0;0;0;0;
EBT;UF;3306008;0.6250;2;2;0;0;0;0;
EBT;UF;3306305;8.0625;9;7;1;1;0;0;
EBT;UF;3500105;2.0000;1;0;1;0;0;0;
EBT;UF;3500303;2.2500;2;1;1;0;0;0;
EBT;UF;3500501;0.2500;1;1;0;0;0;0;
EBT;UF;3500600;2.2500;2;1;1;0;0;0;
EBT;UF;3500709;1.3125;4;4;0;0;0;0;
EBT;UF;3501004;3.0000;2;0;2;0;0;0;
EBT;UF;3501301;2.2500;2;1;1;0;0;0;
EBT;UF;3501608;5.9648;8;5;3;0;0;0;
EBT;UF;3501707;2.2500;2;1;1;0;0;0;
EBT;UF;3501905;19.5000;13;4;9;0;0;0;
EBT;UF;3502200;4.3125;4;2;2;0;0;0;
EBT;UF;3502309;2.2500;2;1;1;0;0;0;
EBT;UF;3502507;2.6250;4;3;1;0;0;0;
EBT;UF;3502705;4.2500;3;1;2;0;0;0;
EBT;UF;3502804;57.5625;9;5;3;0;0;1;
EBT;UF;3503208;13.2598;12;8;3;1;0;0;
EBT;UF;3503307;0.2500;1;1;0;0;0;0;
EBT;UF;3503802;1.2500;2;1;1;0;0;0;
EBT;UF;3503901;0.5625;2;2;0;0;0;0;
EBT;UF;3504008;0.5000;1;1;0;0;0;0;
EBT;UF;3504107;8.0000;8;5;3;0;0;0;
EBT;UF;3504206;2.2500;2;1;1;0;0;0;
EBT;UF;3504404;0.0625;1;1;0;0;0;0;
EBT;UF;3504503;10.0000;5;2;2;1;0;0;
EBT;UF;3504909;2.3125;3;2;1;0;0;0;
EBT;UF;3505203;3.7500;4;2;2;0;0;0;
EBT;UF;3505302;2.0000;1;0;1;0;0;0;
EBT;UF;3505500;3.3125;4;2;2;0;0;0;
EBT;UF;3505708;20.9570;28;20;8;0;0;0;
EBT;UF;3505807;2.0000;1;0;1;0;0;0;
EBT;UF;3505906;4.2500;3;1;2;0;0;0;
EBT;UF;3506003;14.1875;9;5;2;2;0;0;
EBT;UF;3506102;0.2500;1;1;0;0;0;0;
EBT;UF;3506300;3.2500;4;3;1;0;0;0;
EBT;UF;3506359;1.0000;2;2;0;0;0;0;
EBT;UF;3506409;0.0098;1;1;0;0;0;0;
EBT;UF;3506508;0.3125;2;2;0;0;0;0;
EBT;UF;3507001;2.7500;3;2;1;0;0;0;
EBT;UF;3507407;4.2500;3;1;2;0;0;0;
EBT;UF;3507506;4.8750;5;3;2;0;0;0;
EBT;UF;3507605;5.2500;4;1;3;0;0;0;
EBT;UF;3507803;2.0000;1;0;1;0;0;0;
EBT;UF;3507902;2.2500;2;1;1;0;0;0;
EBT;UF;3508009;2.2500;2;1;1;0;0;0;
EBT;UF;3508108;2.2500;2;1;1;0;0;0;
EBT;UF;3508405;12.0000;6;0;6;0;0;0;
EBT;UF;3508504;19.0000;12;3;9;0;0;0;
EBT;UF;3508603;4.5000;4;2;2;0;0;0;
EBT;UF;3508702;2.0000;1;0;1;0;0;0;
EBT;UF;3508801;2.2500;2;1;1;0;0;0;
EBT;UF;3508900;0.0625;1;1;0;0;0;0;
EBT;UF;3509007;10.7500;7;2;5;0;0;0;
EBT;UF;3509205;34.5000;2;1;0;0;1;0;
EBT;UF;3509254;12.2500;3;1;1;1;0;0;
EBT;UF;3509304;2.2500;2;1;1;0;0;0;
EBT;UF;3509403;0.0098;1;1;0;0;0;0;
EBT;UF;3509502;77.6445;59;29;27;3;0;0;
EBT;UF;3509601;0.2500;1;1;0;0;0;0;
EBT;UF;3509700;4.5000;3;1;2;0;0;0;
EBT;UF;3509957;4.0000;2;0;2;0;0;0;
EBT;UF;3510203;4.5000;4;2;2;0;0;0;
EBT;UF;3510401;5.0000;5;3;2;0;0;0;
EBT;UF;3510500;30.9648;19;4;15;0;0;0;
EBT;UF;3510609;2.0000;1;0;1;0;0;0;
EBT;UF;3510708;2.2500;2;1;1;0;0;0;
EBT;UF;3510807;0.2500;1;1;0;0;0;0;
EBT;UF;3511102;3.5098;4;2;2;0;0;0;
EBT;UF;3511409;0.2500;1;1;0;0;0;0;
EBT;UF;3511508;2.5000;3;2;1;0;0;0;
EBT;UF;3511607;0.0625;1;1;0;0;0;0;
EBT;UF;3511706;2.2500;2;1;1;0;0;0;
EBT;UF;3512100;2.0000;1;0;1;0;0;0;
EBT;UF;3512209;6.2500;4;1;3;0;0;0;
EBT;UF;3512308;0.2500;1;1;0;0;0;0;
EBT;UF;3512407;0.2500;1;1;0;0;0;0;
EBT;UF;3512803;1.7598;4;3;1;0;0;0;
EBT;UF;3513009;22.6250;19;9;10;0;0;0;
EBT;UF;3513108;2.0000;1;0;1;0;0;0;
EBT;UF;3513306;2.2500;2;1;1;0;0;0;
EBT;UF;3513405;8.3125;6;2;4;0;0;0;
EBT;UF;3513504;29.5000;23;10;13;0;0;0;
EBT;UF;3513603;2.2500;2;1;1;0;0;0;
EBT;UF;3513702;0.2500;1;1;0;0;0;0;
EBT;UF;3513801;2.1924;5;4;1;0;0;0;
EBT;UF;3513900;2.5000;3;2;1;0;0;0;
EBT;UF;3514106;5.2500;5;3;2;0;0;0;
EBT;UF;3514502;2.2500;2;1;1;0;0;0;
EBT;UF;3514908;2.2500;2;1;1;0;0;0;
EBT;UF;3515004;8.2500;5;1;4;0;0;0;
EBT;UF;3515103;0.5000;1;1;0;0;0;0;
EBT;UF;3515152;6.5000;5;2;3;0;0;0;
EBT;UF;3515186;0.5000;1;1;0;0;0;0;
EBT;UF;3515202;2.2500;2;1;1;0;0;0;
EBT;UF;3515400;2.2500;2;1;1;0;0;0;
EBT;UF;3515509;4.3125;4;2;2;0;0;0;
EBT;UF;3515707;4.5000;4;2;2;0;0;0;
EBT;UF;3516002;2.2500;2;1;1;0;0;0;
EBT;UF;3516200;10.5000;7;1;6;0;0;0;
EBT;UF;3516309;12.2500;7;1;6;0;0;0;
EBT;UF;3516408;4.5000;3;1;2;0;0;0;
EBT;UF;3516705;0.5625;2;2;0;0;0;0;
EBT;UF;3516903;2.2500;2;1;1;0;0;0;
EBT;UF;3517406;4.0000;2;0;2;0;0;0;
EBT;UF;3517505;0.2500;1;1;0;0;0;0;
EBT;UF;3517604;2.2500;2;1;1;0;0;0;
EBT;UF;3517703;0.0098;1;1;0;0;0;0;
EBT;UF;3517901;2.0000;1;0;1;0;0;0;
EBT;UF;3518206;2.2500;2;1;1;0;0;0;
EBT;UF;3518305;6.3125;5;2;3;0;0;0;
EBT;UF;3518404;0.5625;4;4;0;0;0;0;
EBT;UF;3518602;2.5098;4;3;1;0;0;0;
EBT;UF;3518701;6.3125;5;2;3;0;0;0;
EBT;UF;3518800;18.3750;26;19;7;0;0;0;
EBT;UF;3519055;0.2500;1;1;0;0;0;0;
EBT;UF;3519071;24.3125;19;8;11;0;0;0;
EBT;UF;3519253;2.0000;1;0;1;0;0;0;
EBT;UF;3519303;2.3125;3;2;1;0;0;0;
EBT;UF;3519402;2.2500;2;1;1;0;0;0;
EBT;UF;3519600;2.7500;3;2;1;0;0;0;
EBT;UF;3519709;2.3125;3;2;1;0;0;0;
EBT;UF;3519907;2.2500;2;1;1;0;0;0;
EBT;UF;3520202;2.0000;1;0;1;0;0;0;
EBT;UF;3520301;6.2500;4;1;3;0;0;0;
EBT;UF;3520400;0.5000;1;1;0;0;0;0;
EBT;UF;3520442;2.2500;2;1;1;0;0;0;
EBT;UF;3520509;5.0000;5;3;2;0;0;0;
EBT;UF;3520707;2.0000;1;0;1;0;0;0;
EBT;UF;3521002;2.2500;2;1;1;0;0;0;
EBT;UF;3521101;2.2500;2;1;1;0;0;0;
EBT;UF;3521200;0.0625;1;1;0;0;0;0;
EBT;UF;3521309;0.5000;1;1;0;0;0;0;
EBT;UF;3521408;1.0000;1;0;1;0;0;0;
EBT;UF;3521705;2.0000;1;0;1;0;0;0;
EBT;UF;3521804;2.2500;2;1;1;0;0;0;
EBT;UF;3521903;2.2500;2;1;1;0;0;0;
EBT;UF;3522109;7.2500;5;1;4;0;0;0;
EBT;UF;3522307;2.8125;4;3;1;0;0;0;
EBT;UF;3522406;6.3750;5;2;3;0;0;0;
EBT;UF;3522505;4.0625;6;4;2;0;0;0;
EBT;UF;3522604;1.8750;5;5;0;0;0;0;
EBT;UF;3522703;2.2500;2;1;1;0;0;0;
EBT;UF;3522802;2.2500;2;1;1;0;0;0;
EBT;UF;3523206;1.2500;2;1;1;0;0;0;
EBT;UF;3523305;0.0625;1;1;0;0;0;0;
EBT;UF;3523404;11.9375;12;7;5;0;0;0;
EBT;UF;3523909;0.3311;3;3;0;0;0;0;
EBT;UF;3524006;4.2500;7;6;1;0;0;0;
EBT;UF;3524105;2.5098;3;2;1;0;0;0;
EBT;UF;3524303;0.3320;4;4;0;0;0;0;
EBT;UF;3524402;9.1250;9;5;4;0;0;0;
EBT;UF;3524600;2.5000;3;2;1;0;0;0;
EBT;UF;3524709;1.2500;3;3;0;0;0;0;
EBT;UF;3524808;4.8125;5;3;2;0;0;0;
EBT;UF;3524907;4.0000;2;0;2;0;0;0;
EBT;UF;3525003;0.2500;1;1;0;0;0;0;
EBT;UF;3525102;2.0000;1;0;1;0;0;0;
EBT;UF;3525201;2.2500;2;1;1;0;0;0;
EBT;UF;3525300;0.4375;3;3;0;0;0;0;
EBT;UF;3525508;2.3125;3;2;1;0;0;0;
EBT;UF;3525706;2.5000;3;2;1;0;0;0;
EBT;UF;3525854;4.0000;2;0;2;0;0;0;
EBT;UF;3525904;24.9570;26;16;9;1;0;0;
EBT;UF;3526001;2.3125;3;2;1;0;0;0;
EBT;UF;3526209;1.0098;2;1;1;0;0;0;
EBT;UF;3526407;0.2500;1;1;0;0;0;0;
EBT;UF;3526605;0.5000;1;1;0;0;0;0;
EBT;UF;3526704;9.2500;8;4;4;0;0;0;
EBT;UF;3526803;2.0000;1;0;1;0;0;0;
EBT;UF;3526902;17.5898;7;2;4;1;0;0;
EBT;UF;3527009;0.6250;3;3;0;0;0;0;
EBT;UF;3527108;0.5000;1;1;0;0;0;0;
EBT;UF;3527207;8.5000;6;2;4;0;0;0;
EBT;UF;3527306;6.2500;4;1;3;0;0;0;
EBT;UF;3527603;2.2500;2;1;1;0;0;0;
EBT;UF;3528007;2.5000;3;2;1;0;0;0;
EBT;UF;3528106;2.2500;2;1;1;0;0;0;
EBT;UF;3528403;2.5625;3;2;1;0;0;0;
EBT;UF;3528502;2.0098;2;1;1;0;0;0;
EBT;UF;3528809;2.2500;2;1;1;0;0;0;
EBT;UF;3528858;2.0000;1;0;1;0;0;0;
EBT;UF;3529005;1.0000;5;5;0;0;0;0;
EBT;UF;3529302;1.0000;1;0;1;0;0;0;
EBT;UF;3529401;2.3750;4;3;1;0;0;0;
EBT;UF;3530102;2.2500;2;1;1;0;0;0;
EBT;UF;3530201;0.3750;2;2;0;0;0;0;
EBT;UF;3530300;0.5000;1;1;0;0;0;0;
EBT;UF;3530508;1.7500;3;2;1;0;0;0;
EBT;UF;3530607;2.9561;7;6;1;0;0;0;
EBT;UF;3530706;6.6250;6;3;3;0;0;0;
EBT;UF;3530805;2.7500;4;3;1;0;0;0;
EBT;UF;3531100;0.2500;1;1;0;0;0;0;
EBT;UF;3531308;0.7500;2;2;0;0;0;0;
EBT;UF;3531407;0.2500;1;1;0;0;0;0;
EBT;UF;3531704;8.0000;4;0;4;0;0;0;
EBT;UF;3531803;0.2500;1;1;0;0;0;0;
EBT;UF;3531902;2.0000;1;0;1;0;0;0;
EBT;UF;3532009;0.2500;1;1;0;0;0;0;
EBT;UF;3532603;0.2598;2;2;0;0;0;0;
EBT;UF;3533007;0.2500;1;1;0;0;0;0;
EBT;UF;3533403;2.0000;1;0;1;0;0;0;
EBT;UF;3533502;3.2500;5;4;1;0;0;0;
EBT;UF;3533908;1.2500;2;1;1;0;0;0;
EBT;UF;3534302;2.0000;1;0;1;0;0;0;
EBT;UF;3534401;5.0918;16;15;1;0;0;0;
EBT;UF;3534708;2.3125;3;2;1;0;0;0;
EBT;UF;3534757;2.2500;2;1;1;0;0;0;
EBT;UF;3534906;2.2500;2;1;1;0;0;0;
EBT;UF;3535002;2.2500;2;1;1;0;0;0;
EBT;UF;3535200;2.3125;3;2;1;0;0;0;
EBT;UF;3535309;0.0098;1;1;0;0;0;0;
EBT;UF;3535408;2.2500;2;1;1;0;0;0;
EBT;UF;3535507;0.5098;2;2;0;0;0;0;
EBT;UF;3535804;2.5000;3;2;1;0;0;0;
EBT;UF;3536000;0.2500;1;1;0;0;0;0;
EBT;UF;3536109;0.0625;1;1;0;0;0;0;
EBT;UF;3536208;0.0625;1;1;0;0;0;0;
EBT;UF;3536307;2.2500;2;1;1;0;0;0;
EBT;UF;3536505;42.6309;34;12;22;0;0;0;
EBT;UF;3536604;4.2500;3;1;2;0;0;0;
EBT;UF;3536703;0.5000;1;1;0;0;0;0;
EBT;UF;3537008;2.2500;2;1;1;0;0;0;
EBT;UF;3537107;3.2500;3;1;2;0;0;0;
EBT;UF;3537156;2.3750;4;3;1;0;0;0;
EBT;UF;3537206;0.0625;1;1;0;0;0;0;
EBT;UF;3537305;2.0000;1;0;1;0;0;0;
EBT;UF;3537602;6.0000;6;3;3;0;0;0;
EBT;UF;3537800;3.5674;7;6;1;0;0;0;
EBT;UF;3537909;2.3125;3;2;1;0;0;0;
EBT;UF;3538006;1.1250;9;9;0;0;0;0;
EBT;UF;3538204;1.2500;2;1;1;0;0;0;
EBT;UF;3538600;2.2500;2;1;1;0;0;0;
EBT;UF;3538709;24.7500;11;3;7;1;0;0;
EBT;UF;3538808;2.0000;1;0;1;0;0;0;
EBT;UF;3538907;2.2500;2;1;1;0;0;0;
EBT;UF;3539004;2.2500;2;1;1;0;0;0;
EBT;UF;3539103;0.0625;1;1;0;0;0;0;
EBT;UF;3539202;2.2500;2;1;1;0;0;0;
EBT;UF;3539301;7.8594;9;5;4;0;0;0;
EBT;UF;3539400;2.2500;2;1;1;0;0;0;
EBT;UF;3539509;2.3125;3;2;1;0;0;0;
EBT;UF;3539806;4.2686;4;2;2;0;0;0;
EBT;UF;3540002;2.2500;2;1;1;0;0;0;
EBT;UF;3540200;2.2500;2;1;1;0;0;0;
EBT;UF;3540705;0.7500;2;2;0;0;0;0;
EBT;UF;3540754;4.0000;2;0;2;0;0;0;
EBT;UF;3540804;2.2500;2;1;1;0;0;0;
EBT;UF;3541000;11.5625;9;3;6;0;0;0;
EBT;UF;3541208;2.2500;2;1;1;0;0;0;
EBT;UF;3541406;4.5098;4;2;2;0;0;0;
EBT;UF;3541505;1.0000;1;0;1;0;0;0;
EBT;UF;3541604;2.5625;4;3;1;0;0;0;
EBT;UF;3541901;2.0000;1;0;1;0;0;0;
EBT;UF;3542404;3.2500;4;3;1;0;0;0;
EBT;UF;3542602;10.5000;6;1;5;0;0;0;
EBT;UF;3542909;2.2500;2;1;1;0;0;0;
EBT;UF;3543006;2.2500;2;1;1;0;0;0;
EBT;UF;3543303;4.2500;3;1;2;0;0;0;
EBT;UF;3543402;18.5908;20;13;7;0;0;0;
EBT;UF;3543808;2.2500;2;1;1;0;0;0;
EBT;UF;3543907;8.8125;7;3;4;0;0;0;
EBT;UF;3544004;2.0098;2;1;1;0;0;0;
EBT;UF;3544202;0.2500;1;1;0;0;0;0;
EBT;UF;3544301;4.5000;3;1;2;0;0;0;
EBT;UF;3545001;2.0000;1;0;1;0;0;0;
EBT;UF;3545209;4.2500;3;1;2;0;0;0;
EBT;UF;3545308;0.5000;1;1;0;0;0;0;
EBT;UF;3545605;4.5000;4;2;2;0;0;0;
EBT;UF;3545803;2.0000;1;0;1;0;0;0;
EBT;UF;3546009;6.5000;5;2;3;0;0;0;
EBT;UF;3546306;2.2500;2;1;1;0;0;0;
EBT;UF;3546603;3.2500;3;1;2;0;0;0;
EBT;UF;3546702;2.2500;2;1;1;0;0;0;
EBT;UF;3546801;2.0000;1;0;1;0;0;0;
EBT;UF;3547304;8.3750;10;7;3;0;0;0;
EBT;UF;3547502;2.2500;2;1;1;0;0;0;
EBT;UF;3547601;0.2500;1;1;0;0;0;0;
EBT;UF;3547700;0.2500;1;1;0;0;0;0;
EBT;UF;3547809;3.1973;11;10;1;0;0;0;
EBT;UF;3548005;2.5000;3;2;1;0;0;0;
EBT;UF;3548500;19.6875;18;9;9;0;0;0;
EBT;UF;3548609;2.2500;2;1;1;0;0;0;
EBT;UF;3548708;5.4375;6;4;2;0;0;0;
EBT;UF;3548807;0.0625;1;1;0;0;0;0;
EBT;UF;3548906;5.8750;9;7;2;0;0;0;
EBT;UF;3549102;0.2500;1;1;0;0;0;0;
EBT;UF;3549409;0.5000;1;1;0;0;0;0;
EBT;UF;3549607;2.0625;2;1;1;0;0;0;
EBT;UF;3549805;28.0000;18;9;7;2;0;0;
EBT;UF;3549904;32.9844;41;27;14;0;0;0;
EBT;UF;3550001;4.2500;3;1;2;0;0;0;
EBT;UF;3550100;1.0000;1;0;1;0;0;0;
EBT;UF;3550209;2.2500;2;1;1;0;0;0;
EBT;UF;3550308;184.3203;300;247;39;14;0;0;
EBT;UF;3550605;2.0000;1;0;1;0;0;0;
EBT;UF;3550704;4.5000;4;2;2;0;0;0;
EBT;UF;3550803;2.2500;2;1;1;0;0;0;
EBT;UF;3550902;2.2500;2;1;1;0;0;0;
EBT;UF;3551009;0.8125;3;3;0;0;0;0;
EBT;UF;3551108;2.2500;2;1;1;0;0;0;
EBT;UF;3551504;4.2598;4;2;2;0;0;0;
EBT;UF;3551603;2.7500;3;2;1;0;0;0;
EBT;UF;3551702;2.7686;4;3;1;0;0;0;
EBT;UF;3551801;2.2500;2;1;1;0;0;0;
EBT;UF;3552106;2.5000;3;2;1;0;0;0;
EBT;UF;3552205;9.2598;13;8;5;0;0;0;
EBT;UF;3552403;24.0625;22;12;10;0;0;0;
EBT;UF;3552502;2.2500;7;6;1;0;0;0;
EBT;UF;3552601;2.2500;2;1;1;0;0;0;
EBT;UF;3552809;10.1875;12;8;4;0;0;0;
EBT;UF;3553005;0.0625;1;1;0;0;0;0;
EBT;UF;3553302;0.3125;2;2;0;0;0;0;
EBT;UF;3553401;2.2500;2;1;1;0;0;0;
EBT;UF;3553609;2.2598;3;2;1;0;0;0;
EBT;UF;3553708;4.7500;4;2;2;0;0;0;
EBT;UF;3553807;2.2500;2;1;1;0;0;0;
EBT;UF;3553955;2.2500;2;1;1;0;0;0;
EBT;UF;3554003;6.1250;4;1;3;0;0;0;
EBT;UF;3554102;9.5625;9;6;2;1;0;0;
EBT;UF;3554805;18.0000;9;0;9;0;0;0;
EBT;UF;3554904;2.2500;2;1;1;0;0;0;
EBT;UF;3555406;4.5625;10;8;2;0;0;0;
EBT;UF;3555604;2.7500;3;2;1;0;0;0;
EBT;UF;3555802;2.2500;2;1;1;0;0;0;
EBT;UF;3556008;2.2500;2;1;1;0;0;0;
EBT;UF;3556107;2.2500;2;1;1;0;0;0;
EBT;UF;3556206;2.8750;5;4;1;0;0;0;
EBT;UF;3556305;2.2500;2;1;1;0;0;0;
EBT;UF;3556354;2.0000;1;0;1;0;0;0;
EBT;UF;3556503;0.5625;3;3;0;0;0;0;
EBT;UF;3556701;20.8125;18;9;9;0;0;0;
EBT;UF;3556800;2.5000;3;2;1;0;0;0;
EBT;UF;3556909;2.2500;2;1;1;0;0;0;
EBT;UF;3557006;13.5000;8;1;7;0;0;0;
EBT;UF;3557105;4.0000;2;0;2;0;0;0;
EBT;UF;3557204;2.2500;2;1;1;0;0;0;
EBT;UF;4100202;0.0625;1;1;0;0;0;0;
EBT;UF;4100301;0.0625;1;1;0;0;0;0;
EBT;UF;4100400;0.0625;1;1;0;0;0;0;
EBT;UF;4100509;2.3750;3;2;1;0;0;0;
EBT;UF;4100608;0.7500;2;2;0;0;0;0;
EBT;UF;4100707;0.1250;1;1;0;0;0;0;
EBT;UF;4100806;0.2500;1;1;0;0;0;0;
EBT;UF;4101002;0.0625;1;1;0;0;0;0;
EBT;UF;4101150;0.7500;2;2;0;0;0;0;
EBT;UF;4101200;3.2500;4;1;3;0;0;0;
EBT;UF;4101309;0.7500;2;2;0;0;0;0;
EBT;UF;4101408;0.2500;1;1;0;0;0;0;
EBT;UF;4101606;0.2500;1;1;0;0;0;0;
EBT;UF;4101705;0.2500;1;1;0;0;0;0;
EBT;UF;4101804;0.2598;2;2;0;0;0;0;
EBT;UF;4101903;0.2500;1;1;0;0;0;0;
EBT;UF;4102000;0.5000;2;2;0;0;0;0;
EBT;UF;4102109;4.5625;5;3;2;0;0;0;
EBT;UF;4102208;0.8125;3;3;0;0;0;0;
EBT;UF;4102505;0.2500;1;1;0;0;0;0;
EBT;UF;4102901;0.3125;2;2;0;0;0;0;
EBT;UF;4103040;0.2500;1;1;0;0;0;0;
EBT;UF;4103107;0.4375;3;3;0;0;0;0;
EBT;UF;4103156;0.0625;1;1;0;0;0;0;
EBT;UF;4103453;0.8125;3;3;0;0;0;0;
EBT;UF;4103602;0.2500;1;1;0;0;0;0;
EBT;UF;4103701;0.2500;2;2;0;0;0;0;
EBT;UF;4103958;0.2500;1;1;0;0;0;0;
EBT;UF;4104006;2.6250;3;2;1;0;0;0;
EBT;UF;4104204;1.1250;2;1;1;0;0;0;
EBT;UF;4104253;0.8750;4;4;0;0;0;0;
EBT;UF;4104303;4.0000;2;0;2;0;0;0;
EBT;UF;4104402;1.2500;2;1;1;0;0;0;
EBT;UF;4104451;2.5000;4;2;2;0;0;0;
EBT;UF;4104501;0.5000;1;1;0;0;0;0;
EBT;UF;4104600;0.7500;2;2;0;0;0;0;
EBT;UF;4104659;1.2500;2;1;1;0;0;0;
EBT;UF;4104709;0.4375;3;3;0;0;0;0;
EBT;UF;4104808;4.3223;9;8;1;0;0;0;
EBT;UF;4104907;6.0000;5;2;3;0;0;0;
EBT;UF;4105003;0.0098;1;1;0;0;0;0;
EBT;UF;4105102;0.2500;1;1;0;0;0;0;
EBT;UF;4105300;0.5000;1;1;0;0;0;0;
EBT;UF;4105409;0.0625;1;1;0;0;0;0;
EBT;UF;4105508;0.1250;1;1;0;0;0;0;
EBT;UF;4105706;0.2500;1;1;0;0;0;0;
EBT;UF;4105805;0.4375;3;3;0;0;0;0;
EBT;UF;4105904;0.2500;1;1;0;0;0;0;
EBT;UF;4106100;0.0625;1;1;0;0;0;0;
EBT;UF;4106209;2.2500;2;1;1;0;0;0;
EBT;UF;4106308;2.0000;1;0;1;0;0;0;
EBT;UF;4106506;1.0000;1;0;1;0;0;0;
EBT;UF;4106605;2.2500;2;1;1;0;0;0;
EBT;UF;4106803;0.3750;2;2;0;0;0;0;
EBT;UF;4106902;16.2119;73;68;5;0;0;0;
EBT;UF;4107108;0.5000;1;1;0;0;0;0;
EBT;UF;4107207;0.3750;2;2;0;0;0;0;
EBT;UF;4107256;0.6875;4;4;0;0;0;0;
EBT;UF;4107306;0.2500;1;1;0;0;0;0;
EBT;UF;4107405;0.7500;2;2;0;0;0;0;
EBT;UF;4107538;0.2500;1;1;0;0;0;0;
EBT;UF;4107603;2.3125;3;2;1;0;0;0;
EBT;UF;4107652;1.2500;3;2;1;0;0;0;
EBT;UF;4107850;0.0625;1;1;0;0;0;0;
EBT;UF;4107900;2.0000;1;0;1;0;0;0;
EBT;UF;4108106;2.0000;1;0;1;0;0;0;
EBT;UF;4108205;0.2500;1;1;0;0;0;0;
EBT;UF;4108304;5.4473;13;12;1;0;0;0;
EBT;UF;4108320;0.0625;1;1;0;0;0;0;
EBT;UF;4108502;0.3750;2;2;0;0;0;0;
EBT;UF;4108650;0.2500;1;1;0;0;0;0;
EBT;UF;4108700;0.2500;1;1;0;0;0;0;
EBT;UF;4108809;2.8125;4;3;1;0;0;0;
EBT;UF;4109302;0.5000;2;2;0;0;0;0;
EBT;UF;4109401;6.9834;8;5;3;0;0;0;
EBT;UF;4109609;2.2500;2;1;1;0;0;0;
EBT;UF;4109658;0.7500;2;2;0;0;0;0;
EBT;UF;4109708;0.2500;1;1;0;0;0;0;
EBT;UF;4109757;0.0625;1;1;0;0;0;0;
EBT;UF;4109906;1.3750;3;2;1;0;0;0;
EBT;UF;4110003;1.0625;2;1;1;0;0;0;
EBT;UF;4110201;1.0000;1;0;1;0;0;0;
EBT;UF;4110409;0.0625;1;1;0;0;0;0;
EBT;UF;4110607;2.2500;2;1;1;0;0;0;
EBT;UF;4110706;2.2500;2;1;1;0;0;0;
EBT;UF;4110805;1.2500;2;1;1;0;0;0;
EBT;UF;4110953;1.0000;3;3;0;0;0;0;
EBT;UF;4111001;0.0625;1;1;0;0;0;0;
EBT;UF;4111100;1.2500;2;1;1;0;0;0;
EBT;UF;4111258;2.0000;1;0;1;0;0;0;
EBT;UF;4111407;1.0000;1;0;1;0;0;0;
EBT;UF;4111803;1.2500;3;3;0;0;0;0;
EBT;UF;4112009;0.2500;1;1;0;0;0;0;
EBT;UF;4112207;1.2500;2;1;1;0;0;0;
EBT;UF;4112504;0.2500;1;1;0;0;0;0;
EBT;UF;4112801;2.2500;2;1;1;0;0;0;
EBT;UF;4112959;1.0000;1;0;1;0;0;0;
EBT;UF;4113205;6.8125;6;3;3;0;0;0;
EBT;UF;4113452;0.7500;2;2;0;0;0;0;
EBT;UF;4113502;0.2500;1;1;0;0;0;0;
EBT;UF;4113601;1.2500;2;1;1;0;0;0;
EBT;UF;4113700;2.6631;8;6;2;0;0;0;
EBT;UF;4113908;1.2500;2;1;1;0;0;0;
EBT;UF;4114005;2.2500;2;1;1;0;0;0;
EBT;UF;4114104;0.2500;1;1;0;0;0;0;
EBT;UF;4114302;1.2500;2;1;1;0;0;0;
EBT;UF;4114401;0.3125;2;2;0;0;0;0;
EBT;UF;4114500;0.2500;1;1;0;0;0;0;
EBT;UF;4114609;1.1250;4;4;0;0;0;0;
EBT;UF;4114807;1.2500;2;1;1;0;0;0;
EBT;UF;4114906;0.2500;1;1;0;0;0;0;
EBT;UF;4115200;1.1348;4;3;1;0;0;0;
EBT;UF;4115358;0.2500;1;1;0;0;0;0;
EBT;UF;4115408;1.2500;2;1;1;0;0;0;
EBT;UF;4115705;4.5000;7;5;2;0;0;0;
EBT;UF;4115804;1.0000;1;0;1;0;0;0;
EBT;UF;4116000;1.0000;3;3;0;0;0;0;
EBT;UF;4116059;0.3125;2;2;0;0;0;0;
EBT;UF;4116208;1.2500;2;1;1;0;0;0;
EBT;UF;4116703;0.2500;1;1;0;0;0;0;
EBT;UF;4116950;0.0625;1;1;0;0;0;0;
EBT;UF;4117008;0.1875;2;2;0;0;0;0;
EBT;UF;4117107;0.2500;1;1;0;0;0;0;
EBT;UF;4117255;0.3750;2;2;0;0;0;0;
EBT;UF;4117453;0.2500;1;1;0;0;0;0;
EBT;UF;4117602;0.2500;1;1;0;0;0;0;
EBT;UF;4117701;1.1250;5;5;0;0;0;0;
EBT;UF;4117909;2.6875;4;3;1;0;0;0;
EBT;UF;4118006;2.2500;2;1;1;0;0;0;
EBT;UF;4118105;0.2500;1;1;0;0;0;0;
EBT;UF;4118204;0.5723;5;5;0;0;0;0;
EBT;UF;4118303;0.2500;1;1;0;0;0;0;
EBT;UF;4118402;2.5000;3;1;2;0;0;0;
EBT;UF;4118451;0.0625;1;1;0;0;0;0;
EBT;UF;4118501;0.5000;1;1;0;0;0;0;
EBT;UF;4118600;0.7500;2;2;0;0;0;0;
EBT;UF;4118709;0.7500;2;2;0;0;0;0;
EBT;UF;4118808;1.2500;2;1;1;0;0;0;
EBT;UF;4118907;0.2500;1;1;0;0;0;0;
EBT;UF;4119103;0.6250;3;3;0;0;0;0;
EBT;UF;4119400;3.4375;5;3;2;0;0;0;
EBT;UF;4119509;2.5000;2;1;1;0;0;0;
EBT;UF;4119608;0.2500;1;1;0;0;0;0;
EBT;UF;4119905;2.8848;13;12;1;0;0;0;
EBT;UF;4119954;4.1875;5;3;2;0;0;0;
EBT;UF;4120002;0.2500;1;1;0;0;0;0;
EBT;UF;4120200;1.2500;2;1;1;0;0;0;
EBT;UF;4120408;0.0625;1;1;0;0;0;0;
EBT;UF;4120507;0.5000;1;1;0;0;0;0;
EBT;UF;4120655;0.0625;1;1;0;0;0;0;
EBT;UF;4120804;0.2500;1;1;0;0;0;0;
EBT;UF;4120853;0.5000;2;2;0;0;0;0;
EBT;UF;4120903;0.3125;2;2;0;0;0;0;
EBT;UF;4121000;0.2500;1;1;0;0;0;0;
EBT;UF;4121109;0.2500;1;1;0;0;0;0;
EBT;UF;4121208;1.0000;1;0;1;0;0;0;
EBT;UF;4121257;0.0625;1;1;0;0;0;0;
EBT;UF;4121356;0.0625;1;1;0;0;0;0;
EBT;UF;4121406;1.2500;2;1;1;0;0;0;
EBT;UF;4121505;0.2500;1;1;0;0;0;0;
EBT;UF;4121703;0.2500;1;1;0;0;0;0;
EBT;UF;4121901;0.2500;1;1;0;0;0;0;
EBT;UF;4122156;1.0000;1;0;1;0;0;0;
EBT;UF;4122206;0.2500;1;1;0;0;0;0;
EBT;UF;4122305;5.0000;3;0;3;0;0;0;
EBT;UF;4122404;0.1250;2;2;0;0;0;0;
EBT;UF;4122503;1.2500;2;1;1;0;0;0;
EBT;UF;4122909;0.2500;1;1;0;0;0;0;
EBT;UF;4123204;0.2500;1;1;0;0;0;0;
EBT;UF;4123303;1.2500;2;1;1;0;0;0;
EBT;UF;4123402;0.5625;3;3;0;0;0;0;
EBT;UF;4123501;0.7500;2;2;0;0;0;0;
EBT;UF;4123709;0.2500;1;1;0;0;0;0;
EBT;UF;4123808;0.2500;1;1;0;0;0;0;
EBT;UF;4123857;3.0000;2;0;2;0;0;0;
EBT;UF;4124103;0.3125;2;2;0;0;0;0;
EBT;UF;4124400;0.2500;1;1;0;0;0;0;
EBT;UF;4124509;0.2500;1;1;0;0;0;0;
EBT;UF;4125100;1.2500;2;1;1;0;0;0;
EBT;UF;4125209;0.1250;1;1;0;0;0;0;
EBT;UF;4125308;0.2500;1;1;0;0;0;0;
EBT;UF;4125407;0.2500;1;1;0;0;0;0;
EBT;UF;4125506;3.5908;12;11;1;0;0;0;
EBT;UF;4125605;0.3125;2;2;0;0;0;0;
EBT;UF;4125704;0.7500;2;2;0;0;0;0;
EBT;UF;4125902;0.2500;1;1;0;0;0;0;
EBT;UF;4126108;0.0625;1;1;0;0;0;0;
EBT;UF;4126256;1.1250;4;4;0;0;0;0;
EBT;UF;4126272;0.1250;2;2;0;0;0;0;
EBT;UF;4126306;0.3125;2;2;0;0;0;0;
EBT;UF;4126603;0.2500;1;1;0;0;0;0;
EBT;UF;4126801;0.2500;1;1;0;0;0;0;
EBT;UF;4127007;1.0000;1;0;1;0;0;0;
EBT;UF;4127106;0.5000;1;1;0;0;0;0;
EBT;UF;4127304;1.0000;1;0;1;0;0;0;
EBT;UF;4127403;0.2500;1;1;0;0;0;0;
EBT;UF;4127502;0.2500;1;1;0;0;0;0;
EBT;UF;4127601;1.2500;2;1;1;0;0;0;
EBT;UF;4127700;1.0000;1;0;1;0;0;0;
EBT;UF;4127809;0.2500;1;1;0;0;0;0;
EBT;UF;4127882;0.2500;1;1;0;0;0;0;
EBT;UF;4128005;0.5000;2;2;0;0;0;0;
EBT;UF;4128104;1.0625;2;1;1;0;0;0;
EBT;UF;4128203;0.0625;1;1;0;0;0;0;
EBT;UF;4128302;0.0625;1;1;0;0;0;0;
EBT;UF;4128401;0.2500;1;1;0;0;0;0;
EBT;UF;4128500;0.3750;2;2;0;0;0;0;
EBT;UF;4128534;0.2500;1;1;0;0;0;0;
EBT;UF;4128609;1.2500;2;1;1;0;0;0;
EBT;UF;4128807;0.0625;1;1;0;0;0;0;
EBT;UF;4200200;1.2500;2;1;1;0;0;0;
EBT;UF;4200408;1.2500;2;1;1;0;0;0;
EBT;UF;4200556;2.0000;1;0;1;0;0;0;
EBT;UF;4200705;1.4375;4;3;1;0;0;0;
EBT;UF;4200804;1.0000;1;0;1;0;0;0;
EBT;UF;4201208;3.2500;3;1;2;0;0;0;
EBT;UF;4201273;0.2500;1;1;0;0;0;0;
EBT;UF;4201307;0.7500;2;2;0;0;0;0;
EBT;UF;4201406;10.9375;11;5;6;0;0;0;
EBT;UF;4201505;1.2500;2;1;1;0;0;0;
EBT;UF;4201653;0.8750;3;3;0;0;0;0;
EBT;UF;4201950;0.7500;4;4;0;0;0;0;
EBT;UF;4202008;1.0625;2;1;1;0;0;0;
EBT;UF;4202107;4.7500;4;2;2;0;0;0;
EBT;UF;4202206;2.2500;3;1;2;0;0;0;
EBT;UF;4202305;0.9375;4;4;0;0;0;0;
EBT;UF;4202404;6.3125;7;4;3;0;0;0;
EBT;UF;4202453;2.0000;1;0;1;0;0;0;
EBT;UF;4202859;1.3125;3;2;1;0;0;0;
EBT;UF;4202909;1.0625;2;1;1;0;0;0;
EBT;UF;4203105;1.2500;2;1;1;0;0;0;
EBT;UF;4203204;0.2500;1;1;0;0;0;0;
EBT;UF;4203303;1.0000;1;0;1;0;0;0;
EBT;UF;4203402;1.2500;2;1;1;0;0;0;
EBT;UF;4203501;1.5000;3;2;1;0;0;0;
EBT;UF;4203600;1.0000;1;0;1;0;0;0;
EBT;UF;4203709;0.0625;1;1;0;0;0;0;
EBT;UF;4203808;7.2500;7;3;4;0;0;0;
EBT;UF;4203907;3.2500;3;1;2;0;0;0;
EBT;UF;4204004;1.2500;2;1;1;0;0;0;
EBT;UF;4204103;1.2500;2;1;1;0;0;0;
EBT;UF;4204202;5.5625;8;6;2;0;0;0;
EBT;UF;4204251;0.4375;3;3;0;0;0;0;
EBT;UF;4204301;0.0625;1;1;0;0;0;0;
EBT;UF;4204509;0.5000;1;1;0;0;0;0;
EBT;UF;4204558;11.3125;8;2;6;0;0;0;
EBT;UF;4204608;0.3750;3;3;0;0;0;0;
EBT;UF;4204707;0.3750;2;2;0;0;0;0;
EBT;UF;4204806;0.2500;1;1;0;0;0;0;
EBT;UF;4204905;1.2500;2;1;1;0;0;0;
EBT;UF;4205001;9.8125;9;3;6;0;0;0;
EBT;UF;4205308;7.0000;8;4;4;0;0;0;
EBT;UF;4205407;4.4873;27;25;2;0;0;0;
EBT;UF;4205431;0.3750;2;2;0;0;0;0;
EBT;UF;4205456;1.2500;2;1;1;0;0;0;
EBT;UF;4205605;1.2500;2;1;1;0;0;0;
EBT;UF;4205704;0.8125;3;3;0;0;0;0;
EBT;UF;4205803;1.2500;2;1;1;0;0;0;
EBT;UF;4205902;0.0625;1;1;0;0;0;0;
EBT;UF;4206207;0.2500;1;1;0;0;0;0;
EBT;UF;4206306;0.5000;1;1;0;0;0;0;
EBT;UF;4206405;1.2500;2;1;1;0;0;0;
EBT;UF;4206603;1.2500;2;1;1;0;0;0;
EBT;UF;4206702;2.0625;4;3;1;0;0;0;
EBT;UF;4206900;0.4375;3;3;0;0;0;0;
EBT;UF;4207007;3.3750;8;6;2;0;0;0;
EBT;UF;4207106;0.3125;2;2;0;0;0;0;
EBT;UF;4207304;6.6875;6;3;3;0;0;0;
EBT;UF;4207502;0.5000;1;1;0;0;0;0;
EBT;UF;4207650;1.2500;2;1;1;0;0;0;
EBT;UF;4207684;1.0000;1;0;1;0;0;0;
EBT;UF;4207700;1.2500;2;1;1;0;0;0;
EBT;UF;4207809;1.5000;3;2;1;0;0;0;
EBT;UF;4207908;1.5000;3;2;1;0;0;0;
EBT;UF;4208104;7.7500;7;3;4;0;0;0;
EBT;UF;4208203;3.3125;8;7;1;0;0;0;
EBT;UF;4208302;8.7500;8;4;4;0;0;0;
EBT;UF;4208401;3.2500;5;3;2;0;0;0;
EBT;UF;4208450;3.2500;3;1;2;0;0;0;
EBT;UF;4208500;2.8750;6;4;2;0;0;0;
EBT;UF;4208708;1.2500;2;1;1;0;0;0;
EBT;UF;4208807;2.0000;1;0;1;0;0;0;
EBT;UF;4208906;1.6875;4;3;1;0;0;0;
EBT;UF;4209003;2.0098;3;1;2;0;0;0;
EBT;UF;4209102;6.4785;13;10;3;0;0;0;
EBT;UF;4209409;2.6250;3;2;1;0;0;0;
EBT;UF;4209607;3.2500;3;1;2;0;0;0;
EBT;UF;4209805;1.2500;2;1;1;0;0;0;
EBT;UF;4209854;0.5000;1;1;0;0;0;0;
EBT;UF;4209904;1.2500;2;1;1;0;0;0;
EBT;UF;4210035;0.5000;1;1;0;0;0;0;
EBT;UF;4210100;1.0000;1;0;1;0;0;0;
EBT;UF;4210506;4.2500;5;3;2;0;0;0;
EBT;UF;4210803;1.2500;2;1;1;0;0;0;
EBT;UF;4211009;0.3750;2;2;0;0;0;0;
EBT;UF;4211058;1.0000;1;0;1;0;0;0;
EBT;UF;4211108;1.2500;2;1;1;0;0;0;
EBT;UF;4211207;4.7500;5;2;3;0;0;0;
EBT;UF;4211405;0.7500;2;2;0;0;0;0;
EBT;UF;4211454;2.0000;1;0;1;0;0;0;
EBT;UF;4211504;2.6250;5;3;2;0;0;0;
EBT;UF;4211751;7.1875;6;2;4;0;0;0;
EBT;UF;4211876;0.5000;1;1;0;0;0;0;
EBT;UF;4211900;5.2598;5;2;3;0;0;0;
EBT;UF;4212106;5.2500;4;1;3;0;0;0;
EBT;UF;4212205;4.2500;3;1;2;0;0;0;
EBT;UF;4212270;1.4375;4;3;1;0;0;0;
EBT;UF;4212502;2.0908;4;3;1;0;0;0;
EBT;UF;4212809;1.0000;1;0;1;0;0;0;
EBT;UF;4212908;3.7500;4;2;2;0;0;0;
EBT;UF;4213104;1.2500;2;1;1;0;0;0;
EBT;UF;4213203;0.2500;2;2;0;0;0;0;
EBT;UF;4213302;1.2500;2;1;1;0;0;0;
EBT;UF;4213351;1.0000;1;0;1;0;0;0;
EBT;UF;4213401;1.2500;2;1;1;0;0;0;
EBT;UF;4213500;2.2500;2;1;1;0;0;0;
EBT;UF;4213609;3.5625;5;3;2;0;0;0;
EBT;UF;4213708;1.2500;2;1;1;0;0;0;
EBT;UF;4213807;1.0000;1;0;1;0;0;0;
EBT;UF;4214201;4.2500;4;1;3;0;0;0;
EBT;UF;4214607;1.2500;2;1;1;0;0;0;
EBT;UF;4214706;0.5000;1;1;0;0;0;0;
EBT;UF;4214805;0.7500;2;2;0;0;0;0;
EBT;UF;4215075;1.2500;2;1;1;0;0;0;
EBT;UF;4215109;0.0625;1;1;0;0;0;0;
EBT;UF;4215307;1.2500;2;1;1;0;0;0;
EBT;UF;4215356;0.3750;2;2;0;0;0;0;
EBT;UF;4215455;0.2500;1;1;0;0;0;0;
EBT;UF;4215679;0.2500;1;1;0;0;0;0;
EBT;UF;4215687;0.1250;1;1;0;0;0;0;
EBT;UF;4215695;0.3750;2;2;0;0;0;0;
EBT;UF;4215703;2.5000;2;1;1;0;0;0;
EBT;UF;4215802;0.3750;3;3;0;0;0;0;
EBT;UF;4215901;1.2500;2;1;1;0;0;0;
EBT;UF;4216008;3.2500;3;1;2;0;0;0;
EBT;UF;4216057;1.0000;1;0;1;0;0;0;
EBT;UF;4216305;3.3125;4;2;2;0;0;0;
EBT;UF;4216404;1.2500;2;1;1;0;0;0;
EBT;UF;4216503;2.0000;1;0;1;0;0;0;
EBT;UF;4216602;0.5625;2;2;0;0;0;0;
EBT;UF;4216701;1.2500;2;1;1;0;0;0;
EBT;UF;4216909;1.0625;2;1;1;0;0;0;
EBT;UF;4217204;9.5000;11;6;5;0;0;0;
EBT;UF;4217402;0.0625;1;1;0;0;0;0;
EBT;UF;4217550;1.2500;2;1;1;0;0;0;
EBT;UF;4217600;2.2500;2;1;1;0;0;0;
EBT;UF;4217709;1.0000;1;0;1;0;0;0;
EBT;UF;4217808;1.2500;2;1;1;0;0;0;
EBT;UF;4217956;0.1875;2;2;0;0;0;0;
EBT;UF;4218004;1.2500;2;1;1;0;0;0;
EBT;UF;4218202;0.3750;3;3;0;0;0;0;
EBT;UF;4218400;1.2500;2;1;1;0;0;0;
EBT;UF;4218608;1.2500;2;1;1;0;0;0;
EBT;UF;4218707;3.0000;4;2;2;0;0;0;
EBT;UF;4218756;1.2500;2;1;1;0;0;0;
EBT;UF;4218806;2.3750;3;2;1;0;0;0;
EBT;UF;4218855;1.2500;2;1;1;0;0;0;
EBT;UF;4218905;3.2988;8;6;2;0;0;0;
EBT;UF;4218954;1.2500;2;1;1;0;0;0;
EBT;UF;4219002;2.0000;1;0;1;0;0;0;
EBT;UF;4219176;3.0000;4;3;1;0;0;0;
EBT;UF;4219200;0.2500;1;1;0;0;0;0;
EBT;UF;4219309;2.0000;1;0;1;0;0;0;
EBT;UF;4219507;3.1250;4;2;2;0;0;0;
EBT;UF;4219853;0.1250;1;1;0;0;0;0;
EBT;UF;4300034;1.0000;1;0;1;0;0;0;
EBT;UF;4300059;3.0000;2;0;2;0;0;0;
EBT;UF;4300109;1.5000;3;2;1;0;0;0;
EBT;UF;4300208;1.2500;2;1;1;0;0;0;
EBT;UF;4300307;1.0000;1;0;1;0;0;0;
EBT;UF;4300406;0.0625;1;1;0;0;0;0;
EBT;UF;4300604;0.7500;4;4;0;0;0;0;
EBT;UF;4300802;2.1250;5;4;1;0;0;0;
EBT;UF;4300901;1.1250;2;1;1;0;0;0;
EBT;UF;4301008;3.8125;6;4;2;0;0;0;
EBT;UF;4301057;2.2500;3;1;2;0;0;0;
EBT;UF;4301107;2.2500;3;1;2;0;0;0;
EBT;UF;4301206;2.5000;4;2;2;0;0;0;
EBT;UF;4301305;2.5625;5;3;2;0;0;0;
EBT;UF;4301404;1.5000;3;2;1;0;0;0;
EBT;UF;4301503;0.6250;3;3;0;0;0;0;
EBT;UF;4301552;0.5000;2;2;0;0;0;0;
EBT;UF;4301602;0.0186;1;1;0;0;0;0;
EBT;UF;4301800;1.0000;1;0;1;0;0;0;
EBT;UF;4301909;1.5000;3;2;1;0;0;0;
EBT;UF;4302006;1.0000;1;0;1;0;0;0;
EBT;UF;4302105;0.0811;2;2;0;0;0;0;
EBT;UF;4302204;3.3750;4;2;2;0;0;0;
EBT;UF;4302303;3.2500;3;1;2;0;0;0;
EBT;UF;4302352;0.5000;1;1;0;0;0;0;
EBT;UF;4302451;1.1250;2;1;1;0;0;0;
EBT;UF;4302501;1.0000;1;0;1;0;0;0;
EBT;UF;4302659;1.2500;2;1;1;0;0;0;
EBT;UF;4302709;0.2500;1;1;0;0;0;0;
EBT;UF;4302808;3.5000;4;2;2;0;0;0;
EBT;UF;4303004;13.5000;9;1;8;0;0;0;
EBT;UF;4303103;4.0000;2;0;2;0;0;0;
EBT;UF;4303301;1.0000;1;0;1;0;0;0;
EBT;UF;4303673;1.2500;2;1;1;0;0;0;
EBT;UF;4303707;0.2500;1;1;0;0;0;0;
EBT;UF;4303806;0.2500;1;1;0;0;0;0;
EBT;UF;4303905;0.2500;1;1;0;0;0;0;
EBT;UF;4304002;1.7500;4;3;1;0;0;0;
EBT;UF;4304200;0.2500;1;1;0;0;0;0;
EBT;UF;4304358;1.0000;1;0;1;0;0;0;
EBT;UF;4304408;2.1250;3;1;2;0;0;0;
EBT;UF;4304507;3.2598;7;5;2;0;0;0;
EBT;UF;4304606;2.8945;7;6;1;0;0;0;
EBT;UF;4304630;0.0625;1;1;0;0;0;0;
EBT;UF;4304671;1.2500;2;1;1;0;0;0;
EBT;UF;4304804;1.0000;1;0;1;0;0;0;
EBT;UF;4304903;1.0000;1;0;1;0;0;0;
EBT;UF;4305009;1.5000;3;2;1;0;0;0;
EBT;UF;4305108;7.0186;14;10;4;0;0;0;
EBT;UF;4305116;1.0000;1;0;1;0;0;0;
EBT;UF;4305207;3.5625;5;3;2;0;0;0;
EBT;UF;4305306;1.2500;2;1;1;0;0;0;
EBT;UF;4305355;8.6250;7;3;4;0;0;0;
EBT;UF;4305439;1.7500;3;2;1;0;0;0;
EBT;UF;4305447;1.5000;3;2;1;0;0;0;
EBT;UF;4305454;0.0625;1;1;0;0;0;0;
EBT;UF;4305603;1.2500;2;1;1;0;0;0;
EBT;UF;4305702;0.3750;2;2;0;0;0;0;
EBT;UF;4305801;1.2500;2;1;1;0;0;0;
EBT;UF;4305900;1.5000;3;2;1;0;0;0;
EBT;UF;4306007;1.2500;2;1;1;0;0;0;
EBT;UF;4306106;0.5723;3;3;0;0;0;0;
EBT;UF;4306304;1.2500;2;1;1;0;0;0;
EBT;UF;4306403;0.1875;2;2;0;0;0;0;
EBT;UF;4306452;1.2500;2;1;1;0;0;0;
EBT;UF;4306502;1.2500;2;1;1;0;0;0;
EBT;UF;4306734;1.2500;2;1;1;0;0;0;
EBT;UF;4306767;8.2500;5;1;4;0;0;0;
EBT;UF;4306809;2.5000;4;2;2;0;0;0;
EBT;UF;4306908;3.6250;7;5;2;0;0;0;
EBT;UF;4306932;1.3750;3;2;1;0;0;0;
EBT;UF;4307005;2.0000;2;0;2;0;0;0;
EBT;UF;4307302;2.2500;3;1;2;0;0;0;
EBT;UF;4307401;1.0000;1;0;1;0;0;0;
EBT;UF;4307500;2.5000;4;2;2;0;0;0;
EBT;UF;4307609;0.2500;1;1;0;0;0;0;
EBT;UF;4307708;1.0625;3;3;0;0;0;0;
EBT;UF;4307807;0.4375;3;3;0;0;0;0;
EBT;UF;4307864;0.2500;1;1;0;0;0;0;
EBT;UF;4308003;1.2500;2;1;1;0;0;0;
EBT;UF;4308102;0.7500;2;2;0;0;0;0;
EBT;UF;4308201;4.5000;5;2;3;0;0;0;
EBT;UF;4308300;1.2500;2;1;1;0;0;0;
EBT;UF;4308458;1.2500;2;1;1;0;0;0;
EBT;UF;4308508;5.2500;4;1;3;0;0;0;
EBT;UF;4308607;1.0000;1;0;1;0;0;0;
EBT;UF;4308706;2.0000;4;3;1;0;0;0;
EBT;UF;4308805;1.7500;4;3;1;0;0;0;
EBT;UF;4309001;0.1250;1;1;0;0;0;0;
EBT;UF;4309100;2.2500;2;1;1;0;0;0;
EBT;UF;4309209;7.2598;16;13;3;0;0;0;
EBT;UF;4309308;3.5000;5;4;1;0;0;0;
EBT;UF;4309407;1.2500;2;1;1;0;0;0;
EBT;UF;4309506;1.5000;3;2;1;0;0;0;
EBT;UF;4309605;0.7500;2;2;0;0;0;0;
EBT;UF;4309654;0.0625;1;1;0;0;0;0;
EBT;UF;4309803;1.2500;2;1;1;0;0;0;
EBT;UF;4309902;1.2500;2;1;1;0;0;0;
EBT;UF;4310009;6.5000;6;2;4;0;0;0;
EBT;UF;4310108;1.0000;1;0;1;0;0;0;
EBT;UF;4310207;0.7158;5;5;0;0;0;0;
EBT;UF;4310306;0.3750;2;2;0;0;0;0;
EBT;UF;4310330;0.0625;1;1;0;0;0;0;
EBT;UF;4310405;2.8125;6;4;2;0;0;0;
EBT;UF;4310439;1.2500;2;1;1;0;0;0;
EBT;UF;4310504;0.6250;3;3;0;0;0;0;
EBT;UF;4310538;0.1250;1;1;0;0;0;0;
EBT;UF;4310603;8.1250;11;5;6;0;0;0;
EBT;UF;4310801;1.0000;1;0;1;0;0;0;
EBT;UF;4311007;2.1250;2;1;1;0;0;0;
EBT;UF;4311106;2.5000;4;2;2;0;0;0;
EBT;UF;4311122;1.2500;2;1;1;0;0;0;
EBT;UF;4311205;0.2500;1;1;0;0;0;0;
EBT;UF;4311304;3.0625;6;4;2;0;0;0;
EBT;UF;4311403;0.0186;1;1;0;0;0;0;
EBT;UF;4311502;1.5000;3;2;1;0;0;0;
EBT;UF;4311627;0.0625;1;1;0;0;0;0;
EBT;UF;4311700;1.2500;2;1;1;0;0;0;
EBT;UF;4311908;1.2500;2;1;1;0;0;0;
EBT;UF;4312104;2.5625;5;3;2;0;0;0;
EBT;UF;4312385;1.2500;2;1;1;0;0;0;
EBT;UF;4312401;4.5000;3;1;2;0;0;0;
EBT;UF;4312500;0.6250;3;3;0;0;0;0;
EBT;UF;4312609;1.0000;1;0;1;0;0;0;
EBT;UF;4312658;6.5625;10;6;4;0;0;0;
EBT;UF;4312708;1.7500;3;2;1;0;0;0;
EBT;UF;4312757;1.2500;2;1;1;0;0;0;
EBT;UF;4312906;0.0625;1;1;0;0;0;0;
EBT;UF;4313037;0.3750;2;2;0;0;0;0;
EBT;UF;4313060;3.0000;2;0;2;0;0;0;
EBT;UF;4313086;1.2500;2;1;1;0;0;0;
EBT;UF;4313102;0.3750;2;2;0;0;0;0;
EBT;UF;4313201;2.0000;1;0;1;0;0;0;
EBT;UF;4313300;1.2500;2;1;1;0;0;0;
EBT;UF;4313359;1.2500;2;1;1;0;0;0;
EBT;UF;4313375;21.0000;12;0;12;0;0;0;
EBT;UF;4313409;1.0000;2;2;0;0;0;0;
EBT;UF;4313508;1.3750;4;3;1;0;0;0;
EBT;UF;4313656;1.6250;4;3;1;0;0;0;
EBT;UF;4313706;6.2500;4;1;3;0;0;0;
EBT;UF;4313805;1.2500;2;1;1;0;0;0;
EBT;UF;4313904;1.1250;3;3;0;0;0;0;
EBT;UF;4313953;1.3750;3;2;1;0;0;0;
EBT;UF;4314001;1.5000;3;2;1;0;0;0;
EBT;UF;4314027;0.6250;3;3;0;0;0;0;
EBT;UF;4314050;0.3125;4;4;0;0;0;0;
EBT;UF;4314076;1.0000;1;0;1;0;0;0;
EBT;UF;4314100;3.2598;5;4;1;0;0;0;
EBT;UF;4314159;1.2500;2;1;1;0;0;0;
EBT;UF;4314209;1.2500;2;1;1;0;0;0;
EBT;UF;4314308;0.5000;1;1;0;0;0;0;
EBT;UF;4314407;3.9375;9;8;1;0;0;0;
EBT;UF;4314423;1.2500;2;1;1;0;0;0;
EBT;UF;4314555;1.0000;1;0;1;0;0;0;
EBT;UF;4314605;1.2500;2;1;1;0;0;0;
EBT;UF;4314704;1.2500;2;1;1;0;0;0;
EBT;UF;4314902;42.8369;68;47;21;0;0;0;
EBT;UF;4315057;0.5000;1;1;0;0;0;0;
EBT;UF;4315107;0.9375;4;4;0;0;0;0;
EBT;UF;4315206;7.2500;5;1;4;0;0;0;
EBT;UF;4315305;3.2500;3;1;2;0;0;0;
EBT;UF;4315503;0.2500;1;1;0;0;0;0;
EBT;UF;4315602;8.7500;18;15;3;0;0;0;
EBT;UF;4315701;3.7500;4;2;2;0;0;0;
EBT;UF;4315909;0.2500;1;1;0;0;0;0;
EBT;UF;4316006;0.3750;2;2;0;0;0;0;
EBT;UF;4316105;1.5000;3;2;1;0;0;0;
EBT;UF;4316204;1.2500;2;1;1;0;0;0;
EBT;UF;4316303;1.2500;2;1;1;0;0;0;
EBT;UF;4316402;0.2500;1;1;0;0;0;0;
EBT;UF;4316436;0.2500;1;1;0;0;0;0;
EBT;UF;4316451;2.5000;4;2;2;0;0;0;
EBT;UF;4316600;1.5000;3;2;1;0;0;0;
EBT;UF;4316808;2.7500;6;5;1;0;0;0;
EBT;UF;4316907;3.5293;10;9;1;0;0;0;
EBT;UF;4317202;11.6250;10;5;5;0;0;0;
EBT;UF;4317301;4.5000;5;2;3;0;0;0;
EBT;UF;4317400;0.2500;1;1;0;0;0;0;
EBT;UF;4317608;2.1875;4;3;1;0;0;0;
EBT;UF;4317707;0.2500;1;1;0;0;0;0;
EBT;UF;4317806;2.5000;4;2;2;0;0;0;
EBT;UF;4317905;0.2500;1;1;0;0;0;0;
EBT;UF;4318002;13.6875;17;9;8;0;0;0;
EBT;UF;4318101;1.2500;2;1;1;0;0;0;
EBT;UF;4318309;6.5000;12;9;3;0;0;0;
EBT;UF;4318408;4.2598;5;2;3;0;0;0;
EBT;UF;4318432;1.2500;2;1;1;0;0;0;
EBT;UF;4318507;2.2500;3;1;2;0;0;0;
EBT;UF;4318606;1.5000;3;2;1;0;0;0;
EBT;UF;4318622;1.1250;2;1;1;0;0;0;
EBT;UF;4318705;0.5000;3;3;0;0;0;0;
EBT;UF;4318804;0.5000;2;2;0;0;0;0;
EBT;UF;4318903;2.5625;5;3;2;0;0;0;
EBT;UF;4319000;0.2500;1;1;0;0;0;0;
EBT;UF;4319109;0.3750;2;2;0;0;0;0;
EBT;UF;4319158;1.2500;2;1;1;0;0;0;
EBT;UF;4319208;1.2500;2;1;1;0;0;0;
EBT;UF;4319307;1.2500;2;1;1;0;0;0;
EBT;UF;4319406;0.2500;1;1;0;0;0;0;
EBT;UF;4319604;1.5000;3;2;1;0;0;0;
EBT;UF;4319802;0.2500;1;1;0;0;0;0;
EBT;UF;4319901;3.0000;2;0;2;0;0;0;
EBT;UF;4320008;1.8125;5;4;1;0;0;0;
EBT;UF;4320107;1.2500;2;1;1;0;0;0;
EBT;UF;4320206;1.2500;2;1;1;0;0;0;
EBT;UF;4320305;1.2500;2;1;1;0;0;0;
EBT;UF;4320404;0.2500;1;1;0;0;0;0;
EBT;UF;4320552;1.0000;1;0;1;0;0;0;
EBT;UF;4320602;0.1250;1;1;0;0;0;0;
EBT;UF;4320677;0.3750;2;2;0;0;0;0;
EBT;UF;4320701;1.5000;3;2;1;0;0;0;
EBT;UF;4320800;4.8125;6;3;3;0;0;0;
EBT;UF;4320909;1.5000;3;2;1;0;0;0;
EBT;UF;4321006;3.5000;4;2;2;0;0;0;
EBT;UF;4321105;2.6250;5;3;2;0;0;0;
EBT;UF;4321204;0.5000;1;1;0;0;0;0;
EBT;UF;4321303;3.1250;7;5;2;0;0;0;
EBT;UF;4321402;2.5000;4;2;2;0;0;0;
EBT;UF;4321436;0.2500;1;1;0;0;0;0;
EBT;UF;4321451;1.2500;2;1;1;0;0;0;
EBT;UF;4321600;0.5000;1;1;0;0;0;0;
EBT;UF;4321667;2.5000;4;2;2;0;0;0;
EBT;UF;4321709;0.2500;1;1;0;0;0;0;
EBT;UF;4321808;2.5000;4;2;2;0;0;0;
EBT;UF;4321857;1.2500;2;1;1;0;0;0;
EBT;UF;4321907;3.0000;5;3;2;0;0;0;
EBT;UF;4322004;14.3750;17;9;8;0;0;0;
EBT;UF;4322103;1.5000;3;2;1;0;0;0;
EBT;UF;4322202;4.5000;5;2;3;0;0;0;
EBT;UF;4322301;0.3750;2;2;0;0;0;0;
EBT;UF;4322400;0.1875;2;2;0;0;0;0;
EBT;UF;4322533;1.0000;1;0;1;0;0;0;
EBT;UF;4322558;1.2500;2;1;1;0;0;0;
EBT;UF;4322608;0.7500;2;2;0;0;0;0;
EBT;UF;4322707;2.3125;5;4;1;0;0;0;
EBT;UF;4322806;1.5000;3;2;1;0;0;0;
EBT;UF;4323002;2.3408;8;6;2;0;0;0;
EBT;UF;4323200;1.2500;2;1;1;0;0;0;
EBT;UF;4323309;1.3125;3;2;1;0;0;0;
EBT;UF;4323457;1.0000;1;0;1;0;0;0;
EBT;UF;5000203;0.0635;2;2;0;0;0;0;
EBT;UF;5000609;0.1250;1;1;0;0;0;0;
EBT;UF;5000708;1.1250;3;2;1;0;0;0;
EBT;UF;5000807;1.0000;1;0;1;0;0;0;
EBT;UF;5000856;1.0000;1;0;1;0;0;0;
EBT;UF;5000906;0.0625;1;1;0;0;0;0;
EBT;UF;5001102;0.2500;4;4;0;0;0;0;
EBT;UF;5001243;0.2500;1;1;0;0;0;0;
EBT;UF;5001508;1.0000;1;0;1;0;0;0;
EBT;UF;5001904;1.1250;3;2;1;0;0;0;
EBT;UF;5002001;2.0000;2;0;2;0;0;0;
EBT;UF;5002100;1.3125;3;2;1;0;0;0;
EBT;UF;5002209;1.2500;2;1;1;0;0;0;
EBT;UF;5002308;0.0625;1;1;0;0;0;0;
EBT;UF;5002407;3.3750;5;3;2;0;0;0;
EBT;UF;5002704;4.5967;45;45;0;0;0;0;
EBT;UF;5002902;1.5625;3;2;1;0;0;0;
EBT;UF;5002951;3.5098;4;2;2;0;0;0;
EBT;UF;5003207;13.5654;16;9;7;0;0;0;
EBT;UF;5003256;1.2500;2;1;1;0;0;0;
EBT;UF;5003306;1.5625;4;3;1;0;0;0;
EBT;UF;5003454;1.0000;1;0;1;0;0;0;
EBT;UF;5003488;1.2500;2;1;1;0;0;0;
EBT;UF;5003702;4.3750;5;3;2;0;0;0;
EBT;UF;5003751;2.1250;2;1;1;0;0;0;
EBT;UF;5003801;1.4375;5;4;1;0;0;0;
EBT;UF;5004007;1.2500;2;1;1;0;0;0;
EBT;UF;5004106;1.2500;2;1;1;0;0;0;
EBT;UF;5004304;1.0625;2;1;1;0;0;0;
EBT;UF;5004403;1.0000;1;0;1;0;0;0;
EBT;UF;5004502;1.0000;1;0;1;0;0;0;
EBT;UF;5004601;2.0000;2;0;2;0;0;0;
EBT;UF;5004700;1.3750;3;2;1;0;0;0;
EBT;UF;5004908;0.0625;1;1;0;0;0;0;
EBT;UF;5005004;3.0625;3;1;2;0;0;0;
EBT;UF;5005202;6.5000;5;1;4;0;0;0;
EBT;UF;5005251;1.2500;2;1;1;0;0;0;
EBT;UF;5005400;1.0723;3;2;1;0;0;0;
EBT;UF;5005608;1.2695;4;3;1;0;0;0;
EBT;UF;5005681;1.2500;2;1;1;0;0;0;
EBT;UF;5005707;3.0000;2;0;2;0;0;0;
EBT;UF;5005806;1.3125;3;2;1;0;0;0;
EBT;UF;5006002;1.2500;2;1;1;0;0;0;
EBT;UF;5006200;1.0000;1;0;1;0;0;0;
EBT;UF;5006309;0.1250;2;2;0;0;0;0;
EBT;UF;5006358;0.3750;2;2;0;0;0;0;
EBT;UF;5006408;1.2500;2;1;1;0;0;0;
EBT;UF;5006606;7.2715;15;11;4;0;0;0;
EBT;UF;5006903;0.5000;1;1;0;0;0;0;
EBT;UF;5007109;0.0010;1;1;0;0;0;0;
EBT;UF;5007208;1.2500;2;1;1;0;0;0;
EBT;UF;5007307;1.2500;2;1;1;0;0;0;
EBT;UF;5007406;1.2500;2;1;1;0;0;0;
EBT;UF;5007554;0.2500;1;1;0;0;0;0;
EBT;UF;5007695;1.9375;5;4;1;0;0;0;
EBT;UF;5007802;1.0000;1;0;1;0;0;0;
EBT;UF;5007935;1.0000;1;0;1;0;0;0;
EBT;UF;5008305;0.4482;5;5;0;0;0;0;
EBT;UF;5008404;1.2500;2;1;1;0;0;0;
EBT;UF;5100201;0.5000;1;1;0;0;0;0;
EBT;UF;5100250;1.0000;1;0;1;0;0;0;
EBT;UF;5100300;1.0000;1;0;1;0;0;0;
EBT;UF;5100409;1.5000;2;1;1;0;0;0;
EBT;UF;5100607;1.5000;3;2;1;0;0;0;
EBT;UF;5101258;1.2500;2;1;1;0;0;0;
EBT;UF;5101407;1.0000;1;0;1;0;0;0;
EBT;UF;5101704;1.0625;2;1;1;0;0;0;
EBT;UF;5101803;9.1250;12;7;5;0;0;0;
EBT;UF;5101902;1.0000;1;0;1;0;0;0;
EBT;UF;5102603;1.0000;1;0;1;0;0;0;
EBT;UF;5102678;3.2500;3;1;2;0;0;0;
EBT;UF;5102686;0.2500;1;1;0;0;0;0;
EBT;UF;5102702;1.0000;1;0;1;0;0;0;
EBT;UF;5103007;1.2500;2;1;1;0;0;0;
EBT;UF;5103205;1.0000;1;0;1;0;0;0;
EBT;UF;5103403;2.0000;1;0;1;0;0;0;
EBT;UF;5103452;1.2500;2;1;1;0;0;0;
EBT;UF;5103502;1.8125;4;3;1;0;0;0;
EBT;UF;5104203;1.0000;1;0;1;0;0;0;
EBT;UF;5104559;0.0625;1;1;0;0;0;0;
EBT;UF;5104609;1.2500;2;1;1;0;0;0;
EBT;UF;5104807;1.2500;2;1;1;0;0;0;
EBT;UF;5105101;1.0000;1;0;1;0;0;0;
EBT;UF;5105150;2.5625;4;2;2;0;0;0;
EBT;UF;5105200;1.0000;1;0;1;0;0;0;
EBT;UF;5105580;0.1875;2;2;0;0;0;0;
EBT;UF;5105622;0.1250;1;1;0;0;0;0;
EBT;UF;5105903;1.2500;2;1;1;0;0;0;
EBT;UF;5106109;0.2500;1;1;0;0;0;0;
EBT;UF;5106232;1.2500;2;1;1;0;0;0;
EBT;UF;5106257;1.0000;1;0;1;0;0;0;
EBT;UF;5106307;0.3750;2;2;0;0;0;0;
EBT;UF;5106372;1.2500;2;1;1;0;0;0;
EBT;UF;5106422;1.0000;1;0;1;0;0;0;
EBT;UF;5106505;3.0000;2;0;2;0;0;0;
EBT;UF;5106752;1.0000;1;0;1;0;0;0;
EBT;UF;5106778;0.0625;1;1;0;0;0;0;
EBT;UF;5106802;1.0000;1;0;1;0;0;0;
EBT;UF;5107040;6.5625;11;9;2;0;0;0;
EBT;UF;5107065;1.2500;2;1;1;0;0;0;
EBT;UF;5107107;1.2500;2;1;1;0;0;0;
EBT;UF;5107206;1.0000;1;0;1;0;0;0;
EBT;UF;5107305;1.2500;2;1;1;0;0;0;
EBT;UF;5107800;1.2500;2;1;1;0;0;0;
EBT;UF;5107859;0.5781;5;5;0;0;0;0;
EBT;UF;5107909;0.0625;1;1;0;0;0;0;
EBT;UF;5107958;0.5000;1;1;0;0;0;0;
EBT;UF;5108600;0.1250;1;1;0;0;0;0;
EBT;UF;5200050;0.0625;1;1;0;0;0;0;
EBT;UF;5200134;1.2500;2;1;1;0;0;0;
EBT;UF;5200175;0.0625;1;1;0;0;0;0;
EBT;UF;5200258;0.0625;1;1;0;0;0;0;
EBT;UF;5200605;0.3750;2;2;0;0;0;0;
EBT;UF;5201306;1.2500;2;1;1;0;0;0;
EBT;UF;5201405;1.0000;6;6;0;0;0;0;
EBT;UF;5201702;0.5000;1;1;0;0;0;0;
EBT;UF;5203302;2.0000;1;0;1;0;0;0;
EBT;UF;5203401;1.2500;2;1;1;0;0;0;
EBT;UF;5203500;1.0000;1;0;1;0;0;0;
EBT;UF;5203906;1.5000;4;3;1;0;0;0;
EBT;UF;5204102;0.3750;2;2;0;0;0;0;
EBT;UF;5204250;0.6250;2;2;0;0;0;0;
EBT;UF;5204300;1.2500;2;1;1;0;0;0;
EBT;UF;5204409;0.0625;1;1;0;0;0;0;
EBT;UF;5204508;0.3125;2;2;0;0;0;0;
EBT;UF;5204557;1.0000;1;0;1;0;0;0;
EBT;UF;5204805;0.2500;1;1;0;0;0;0;
EBT;UF;5204904;1.2500;2;1;1;0;0;0;
EBT;UF;5205000;2.2500;3;1;2;0;0;0;
EBT;UF;5205109;1.6250;3;2;1;0;0;0;
EBT;UF;5205307;1.2500;2;1;1;0;0;0;
EBT;UF;5205406;3.6875;8;6;2;0;0;0;
EBT;UF;5205471;2.6875;5;4;1;0;0;0;
EBT;UF;5205802;1.2500;2;1;1;0;0;0;
EBT;UF;5205901;1.2500;2;1;1;0;0;0;
EBT;UF;5206404;1.0000;1;0;1;0;0;0;
EBT;UF;5206602;0.0625;1;1;0;0;0;0;
EBT;UF;5207253;1.2500;2;1;1;0;0;0;
EBT;UF;5207402;1.0000;1;0;1;0;0;0;
EBT;UF;5207600;0.2500;1;1;0;0;0;0;
EBT;UF;5208004;10.3125;17;12;5;0;0;0;
EBT;UF;5208608;1.7500;3;2;1;0;0;0;
EBT;UF;5208707;2.5283;10;9;1;0;0;0;
EBT;UF;5208905;2.2500;3;1;2;0;0;0;
EBT;UF;5209101;3.2500;5;3;2;0;0;0;
EBT;UF;5209200;0.0625;1;1;0;0;0;0;
EBT;UF;5209705;0.2500;1;1;0;0;0;0;
EBT;UF;5209903;0.2500;1;1;0;0;0;0;
EBT;UF;5209952;1.1250;2;1;1;0;0;0;
EBT;UF;5210000;0.3750;1;1;0;0;0;0;
EBT;UF;5210208;1.2500;2;1;1;0;0;0;
EBT;UF;5210406;1.5000;2;1;1;0;0;0;
EBT;UF;5210604;1.2500;2;1;1;0;0;0;
EBT;UF;5210802;1.2500;2;1;1;0;0;0;
EBT;UF;5210901;1.2500;2;1;1;0;0;0;
EBT;UF;5211008;1.2500;2;1;1;0;0;0;
EBT;UF;5211206;0.8750;3;3;0;0;0;0;
EBT;UF;5211305;1.0000;1;0;1;0;0;0;
EBT;UF;5211503;3.3125;4;2;2;0;0;0;
EBT;UF;5211701;1.2500;2;1;1;0;0;0;
EBT;UF;5211800;1.3125;3;2;1;0;0;0;
EBT;UF;5212204;1.3125;3;2;1;0;0;0;
EBT;UF;5212303;0.0625;1;1;0;0;0;0;
EBT;UF;5212501;0.5508;11;11;0;0;0;0;
EBT;UF;5212808;0.2500;1;1;0;0;0;0;
EBT;UF;5212956;0.2500;1;1;0;0;0;0;
EBT;UF;5213004;1.0000;1;0;1;0;0;0;
EBT;UF;5213087;1.2500;2;1;1;0;0;0;
EBT;UF;5213103;4.8125;10;7;3;0;0;0;
EBT;UF;5213756;1.2500;2;1;1;0;0;0;
EBT;UF;5213806;0.1250;2;2;0;0;0;0;
EBT;UF;5214002;1.2500;2;1;1;0;0;0;
EBT;UF;5214507;3.2500;3;1;2;0;0;0;
EBT;UF;5214606;2.7500;4;2;2;0;0;0;
EBT;UF;5214838;1.2500;2;1;1;0;0;0;
EBT;UF;5215231;0.0625;1;1;0;0;0;0;
EBT;UF;5215306;0.7500;3;3;0;0;0;0;
EBT;UF;5215603;1.2500;2;1;1;0;0;0;
EBT;UF;5215702;1.7500;3;2;1;0;0;0;
EBT;UF;5216304;0.0625;1;1;0;0;0;0;
EBT;UF;5216403;1.2500;2;1;1;0;0;0;
EBT;UF;5216809;2.0000;2;0;2;0;0;0;
EBT;UF;5217104;1.0000;1;0;1;0;0;0;
EBT;UF;5217203;1.2500;2;1;1;0;0;0;
EBT;UF;5217302;1.2500;2;1;1;0;0;0;
EBT;UF;5217401;1.0625;2;1;1;0;0;0;
EBT;UF;5217609;1.9395;7;6;1;0;0;0;
EBT;UF;5217708;0.5000;1;1;0;0;0;0;
EBT;UF;5218003;1.1875;4;3;1;0;0;0;
EBT;UF;5218052;0.5000;1;1;0;0;0;0;
EBT;UF;5218102;1.1250;2;1;1;0;0;0;
EBT;UF;5218508;2.2500;3;1;2;0;0;0;
EBT;UF;5218789;0.1621;4;4;0;0;0;0;
EBT;UF;5218805;0.1875;3;3;0;0;0;0;
EBT;UF;5218904;1.0000;1;0;1;0;0;0;
EBT;UF;5219001;0.3750;2;2;0;0;0;0;
EBT;UF;5219308;10.2500;7;1;6;0;0;0;
EBT;UF;5219704;1.2500;2;1;1;0;0;0;
EBT;UF;5219753;1.2549;3;2;1;0;0;0;
EBT;UF;5220108;4.2500;6;3;3;0;0;0;
EBT;UF;5220405;3.3750;5;2;3;0;0;0;
EBT;UF;5220603;1.5000;3;2;1;0;0;0;
EBT;UF;5221403;4.0625;3;1;2;0;0;0;
EBT;UF;5221601;0.0625;1;1;0;0;0;0;
EBT;UF;5221809;0.0625;1;1;0;0;0;0;
EBT;UF;5221858;2.1973;8;7;1;0;0;0;
EBT;UF;5222005;1.2500;2;1;1;0;0;0;
EBT;UF;5222054;1.5000;3;2;1;0;0;0;
EBT;UF;5300108;28.7763;147;141;3;3;0;0;
TLB;UF;2927408;0.0098;1;1;0;0;0;0;
TLB;UF;3304557;0.1250;2;2;0;0;0;0;
TLB;UF;4106902;0.0049;1;1;0;0;0;0;
09;2073;
