01;CLA;IPL4;201604;
EBT;UF;1100023;212.3750;50;5;38;4;2;1;
EBT;UF;1100031;0.5000;1;1;0;0;0;0;
EBT;UF;1100049;231.6875;84;19;51;13;1;0;
EBT;UF;1100056;0.2500;1;1;0;0;0;0;
EBT;UF;1100064;1.0000;1;0;1;0;0;0;
EBT;UF;1100080;15.3750;8;2;4;2;0;0;
EBT;UF;1100098;0.5000;1;1;0;0;0;0;
EBT;UF;1100106;4.0000;2;0;2;0;0;0;
EBT;UF;1100114;1092.6875;139;8;105;12;10;4;
EBT;UF;1100122;162.5000;60;7;47;4;2;0;
EBT;UF;1100155;80.0000;7;0;4;0;3;0;
EBT;UF;1100189;182.3125;39;9;22;5;2;1;
EBT;UF;1100205;18727.5859;946;103;584;169;42;48;
EBT;UF;1100288;6.0000;4;0;4;0;0;0;
EBT;UF;1100304;696.3750;142;17;99;18;6;2;
EBT;UF;1100346;1.0000;1;0;1;0;0;0;
EBT;UF;1100452;1.0000;1;0;1;0;0;0;
EBT;UF;1100601;0.5000;1;1;0;0;0;0;
EBT;UF;1100924;2.0000;1;0;1;0;0;0;
EBT;UF;1101468;0.5000;1;1;0;0;0;0;
EBT;UF;1101492;0.5000;1;1;0;0;0;0;
EBT;UF;1101500;0.6250;2;2;0;0;0;0;
EBT;UF;1200138;21.0000;8;0;6;2;0;0;
EBT;UF;1200203;21.5000;13;1;12;0;0;0;
EBT;UF;1200252;0.6875;3;3;0;0;0;0;
EBT;UF;1200401;10611.4766;489;56;287;102;20;24;
EBT;UF;1200450;5.0000;3;0;3;0;0;0;
EBT;UF;1301100;6.0000;4;0;4;0;0;0;
EBT;UF;1301704;338.3125;16;4;7;1;1;3;
EBT;UF;1301852;2.0000;1;0;1;0;0;0;
EBT;UF;1302603;55976.2500;1230;154;677;262;84;53;
EBT;UF;1303403;2.5000;3;2;1;0;0;0;
EBT;UF;1400100;1053.0625;178;9;97;61;10;1;
EBT;UF;1500107;1.0000;1;0;1;0;0;0;
EBT;UF;1500602;6.2500;4;1;3;0;0;0;
EBT;UF;1500800;50739.1816;207;13;100;68;8;18;
EBT;UF;1501303;24.0000;4;0;2;2;0;0;
EBT;UF;1501402;116514.867;1184;61;503;391;115;114;
EBT;UF;1501501;94.3750;42;7;30;5;0;0;
EBT;UF;1501709;2.2500;2;1;1;0;0;0;
EBT;UF;1501808;2.0000;1;0;1;0;0;0;
EBT;UF;1502202;241.0000;10;0;1;4;4;1;
EBT;UF;1502400;5.0000;3;0;3;0;0;0;
EBT;UF;1502939;1.0000;1;0;1;0;0;0;
EBT;UF;1503200;230.0000;21;0;13;5;2;1;
EBT;UF;1503606;6.0000;3;0;3;0;0;0;
EBT;UF;1503903;158.5156;37;3;24;8;2;0;
EBT;UF;1504208;619.7578;157;36;85;25;10;1;
EBT;UF;1504422;342.2773;93;17;50;23;2;1;
EBT;UF;1505304;1.0000;1;0;1;0;0;0;
EBT;UF;1505502;392.0000;22;0;15;2;2;3;
EBT;UF;1505536;2.0000;1;0;1;0;0;0;
EBT;UF;1506138;1.0000;1;0;1;0;0;0;
EBT;UF;1506203;2.2500;4;3;1;0;0;0;
EBT;UF;1506500;2.2148;3;2;1;0;0;0;
EBT;UF;1506807;246.5938;73;15;48;7;1;2;
EBT;UF;1507607;5.0000;3;0;3;0;0;0;
EBT;UF;1507904;1.0000;1;0;1;0;0;0;
EBT;UF;1508209;0.2500;1;1;0;0;0;0;
EBT;UF;1508308;0.5000;1;1;0;0;0;0;
EBT;UF;1600303;675.8828;148;16;93;28;8;3;
EBT;UF;1600600;24.6250;16;5;10;1;0;0;
EBT;UF;1700301;1024.0000;1;0;0;0;0;1;
EBT;UF;1700350;4.0000;3;0;3;0;0;0;
EBT;UF;1700400;0.5000;1;1;0;0;0;0;
EBT;UF;1700707;206.7500;9;2;4;1;1;1;
EBT;UF;1702000;0.2500;1;1;0;0;0;0;
EBT;UF;1702109;1941.3750;90;12;35;26;8;9;
EBT;UF;1702208;1.0000;1;0;1;0;0;0;
EBT;UF;1705508;387.5000;11;1;6;0;1;3;
EBT;UF;1706506;14.0000;1;0;0;0;1;0;
EBT;UF;1707009;5.0000;3;0;3;0;0;0;
EBT;UF;1709302;175.6875;11;4;4;2;0;1;
EBT;UF;1709500;1355.3125;28;3;13;8;1;3;
EBT;UF;1712009;11.5625;10;3;7;0;0;0;
EBT;UF;1713304;6.2500;8;4;4;0;0;0;
EBT;UF;1714203;1.0000;1;0;1;0;0;0;
EBT;UF;1714880;160.8125;7;3;3;0;0;1;
EBT;UF;1716109;1045.7500;19;2;8;3;3;3;
EBT;UF;1716505;1.0000;1;0;1;0;0;0;
EBT;UF;1716604;8.0000;4;0;4;0;0;0;
EBT;UF;1718204;668.2500;37;3;18;8;4;4;
EBT;UF;1718402;4.0000;1;0;0;1;0;0;
EBT;UF;1721000;8154.6875;293;49;128;61;22;33;
EBT;UF;1721208;1.0000;1;0;1;0;0;0;
EBT;UF;1722081;4.0000;1;0;0;1;0;0;
EBT;UF;2100204;32.0000;1;0;0;0;1;0;
EBT;UF;2101202;2.0000;1;0;1;0;0;0;
EBT;UF;2101400;205.0000;19;0;4;12;2;1;
EBT;UF;2101608;0.1250;1;1;0;0;0;0;
EBT;UF;2102002;2.0000;1;0;1;0;0;0;
EBT;UF;2102804;1.0000;1;0;1;0;0;0;
EBT;UF;2103000;1140.0000;34;0;11;10;7;6;
EBT;UF;2103307;159.0000;3;0;2;0;0;1;
EBT;UF;2103406;0.2500;1;1;0;0;0;0;
EBT;UF;2103604;1.0000;1;0;1;0;0;0;
EBT;UF;2105302;540.2500;66;4;30;27;4;1;
EBT;UF;2105427;20.0000;3;0;1;2;0;0;
EBT;UF;2106409;0.2500;1;1;0;0;0;0;
EBT;UF;2107605;96.0000;6;0;3;0;3;0;
EBT;UF;2107704;1.0000;1;0;1;0;0;0;
EBT;UF;2108603;4.0000;1;0;0;1;0;0;
EBT;UF;2109106;2.5000;5;4;1;0;0;0;
EBT;UF;2109908;397.0000;14;2;7;0;1;4;
EBT;UF;2110237;52.0000;6;0;1;5;0;0;
EBT;UF;2111201;48.1445;21;8;8;5;0;0;
EBT;UF;2111300;29551.7500;424;41;123;176;51;33;
EBT;UF;2112209;164.0000;7;0;1;2;3;1;
EBT;UF;2112456;155.0000;1;0;0;0;0;1;
EBT;UF;2112902;0.8750;3;3;0;0;0;0;
EBT;UF;2114007;6.0000;3;0;3;0;0;0;
EBT;UF;2200400;33.0000;2;0;1;0;1;0;
EBT;UF;2201507;42.0000;2;0;0;1;1;0;
EBT;UF;2202000;32.0000;1;0;0;0;1;0;
EBT;UF;2202208;180.0000;5;0;0;2;2;1;
EBT;UF;2202406;64.0000;2;0;0;0;2;0;
EBT;UF;2202703;32.0000;1;0;0;0;1;0;
EBT;UF;2203701;107.0000;5;0;1;1;3;0;
EBT;UF;2203909;54.0625;6;1;1;3;1;0;
EBT;UF;2205409;32.0000;1;0;0;0;1;0;
EBT;UF;2207702;146.0000;9;0;2;3;4;0;
EBT;UF;2208403;625.0000;15;0;2;2;8;3;
EBT;UF;2211001;19197.3867;361;11;82;136;117;15;
EBT;UF;2301000;133.7500;13;2;8;2;0;1;
EBT;UF;2301109;50.0000;5;0;0;4;1;0;
EBT;UF;2301901;43.6250;11;3;3;5;0;0;
EBT;UF;2302503;20.0000;2;0;0;2;0;0;
EBT;UF;2303709;49.0391;25;8;12;5;0;0;
EBT;UF;2303956;0.2500;1;1;0;0;0;0;
EBT;UF;2304103;8.2500;2;1;0;1;0;0;
EBT;UF;2304202;95.0000;7;0;2;3;2;0;
EBT;UF;2304285;263.9648;32;1;16;10;4;1;
EBT;UF;2304400;13436.6953;545;36;186;224;55;44;
EBT;UF;2305233;89.9922;15;1;8;4;2;0;
EBT;UF;2305407;104.0000;4;0;0;0;3;1;
EBT;UF;2305506;42.0000;3;0;0;2;1;0;
EBT;UF;2306256;0.5000;1;1;0;0;0;0;
EBT;UF;2306405;38.0000;5;0;0;5;0;0;
EBT;UF;2307007;1.0000;1;0;1;0;0;0;
EBT;UF;2307304;353.5000;34;1;16;14;1;2;
EBT;UF;2307601;110.0000;4;0;0;2;1;1;
EBT;UF;2307650;265.2148;46;2;21;20;3;0;
EBT;UF;2307700;30.0000;3;0;0;3;0;0;
EBT;UF;2308302;18.0000;2;0;1;0;1;0;
EBT;UF;2309201;34.0000;8;0;5;3;0;0;
EBT;UF;2309607;106.0000;3;0;0;0;2;1;
EBT;UF;2310704;1.0000;1;0;1;0;0;0;
EBT;UF;2311306;53.0000;5;0;1;3;1;0;
EBT;UF;2311801;72.9375;20;8;8;3;1;0;
EBT;UF;2312403;2.0000;1;0;1;0;0;0;
EBT;UF;2312908;434.3125;46;6;16;17;5;2;
EBT;UF;2313302;3.1875;4;2;2;0;0;0;
EBT;UF;2313401;722.0000;13;0;2;4;3;4;
EBT;UF;2400109;90.0000;4;0;0;3;0;1;
EBT;UF;2400802;0.5000;1;1;0;0;0;0;
EBT;UF;2403251;180.8750;48;6;26;16;0;0;
EBT;UF;2404507;1.0000;1;0;1;0;0;0;
EBT;UF;2406700;10.0000;1;0;0;1;0;0;
EBT;UF;2407104;33.0000;13;0;11;2;0;0;
EBT;UF;2407203;10.0000;1;0;0;1;0;0;
EBT;UF;2408003;713.3125;58;7;30;14;4;3;
EBT;UF;2408102;6244.2930;168;20;38;67;18;25;
EBT;UF;2408409;2.5000;3;1;2;0;0;0;
EBT;UF;2411809;230.5000;20;1;10;6;1;2;
EBT;UF;2501807;91.5000;15;1;9;4;1;0;
EBT;UF;2503209;554.2500;37;1;21;11;1;3;
EBT;UF;2504009;2072.7500;65;6;14;29;6;10;
EBT;UF;2506301;42.0000;2;0;0;1;1;0;
EBT;UF;2506905;48.0000;2;0;0;0;2;0;
EBT;UF;2507507;6190.4922;266;20;110;79;31;26;
EBT;UF;2510808;207.0000;4;0;0;2;1;1;
EBT;UF;2516201;6.0000;3;0;3;0;0;0;
EBT;UF;2600054;262.3398;43;8;28;5;1;1;
EBT;UF;2601102;18.0000;1;0;0;0;1;0;
EBT;UF;2601201;1419.3750;172;16;86;56;10;4;
EBT;UF;2601706;178.5000;6;1;0;1;3;1;
EBT;UF;2601904;22.0000;1;0;0;0;1;0;
EBT;UF;2602902;368.9219;48;5;32;7;3;1;
EBT;UF;2603454;20.5000;12;1;10;1;0;0;
EBT;UF;2604007;51.0000;5;0;1;3;1;0;
EBT;UF;2604106;1709.4727;78;7;39;25;4;3;
EBT;UF;2605103;24.7891;3;0;2;0;1;0;
EBT;UF;2606002;20.5000;3;1;0;2;0;0;
EBT;UF;2606200;4.0000;2;0;2;0;0;0;
EBT;UF;2606408;146.2500;11;3;6;1;0;1;
EBT;UF;2606804;50.0000;20;2;12;6;0;0;
EBT;UF;2607208;12.0000;4;0;2;2;0;0;
EBT;UF;2607752;2.0000;1;0;1;0;0;0;
EBT;UF;2607901;184.9063;38;3;19;14;2;0;
EBT;UF;2608909;12.5000;14;6;8;0;0;0;
EBT;UF;2609600;582.2148;67;9;31;18;7;2;
EBT;UF;2610707;486.3047;79;12;55;9;1;2;
EBT;UF;2610905;168.0000;3;0;0;0;2;1;
EBT;UF;2611101;112.5000;17;1;9;5;2;0;
EBT;UF;2611606;21394.5430;829;64;322;276;89;78;
EBT;UF;2612000;50.0000;1;0;0;0;0;1;
EBT;UF;2612208;22.0000;3;0;0;3;0;0;
EBT;UF;2612505;928.7500;48;2;29;11;1;5;
EBT;UF;2613701;46.5000;10;1;5;3;1;0;
EBT;UF;2613909;165.6250;33;18;6;3;6;0;
EBT;UF;2700300;349.5625;49;2;27;18;1;1;
EBT;UF;2704302;25744.7539;364;41;126;148;24;25;
EBT;UF;2704708;2.0000;1;0;1;0;0;0;
EBT;UF;2706307;3.0000;2;0;2;0;0;0;
EBT;UF;2706703;12.0000;2;0;1;1;0;0;
EBT;UF;2707701;180.0000;17;2;14;0;0;1;
EBT;UF;2708501;2.0000;1;0;1;0;0;0;
EBT;UF;2709301;2.0000;1;0;1;0;0;0;
EBT;UF;2800308;6986.9844;303;38;108;115;19;23;
EBT;UF;2800670;2.8750;5;3;2;0;0;0;
EBT;UF;2803005;1.0000;1;0;1;0;0;0;
EBT;UF;2804409;409.7500;46;2;27;14;1;2;
EBT;UF;2804805;8.5000;4;1;2;1;0;0;
EBT;UF;2805703;24.0000;4;0;2;2;0;0;
EBT;UF;2806701;232.5625;15;3;5;4;1;2;
EBT;UF;2900702;2.0000;1;0;1;0;0;0;
EBT;UF;2901007;1.0000;1;0;1;0;0;0;
EBT;UF;2901106;1.0000;1;0;1;0;0;0;
EBT;UF;2903201;4.0000;3;0;3;0;0;0;
EBT;UF;2904209;0.5000;1;1;0;0;0;0;
EBT;UF;2904605;70.0000;6;0;3;1;1;1;
EBT;UF;2904704;2.0000;1;0;1;0;0;0;
EBT;UF;2905602;130.0000;5;0;2;1;1;1;
EBT;UF;2905701;50.0000;17;0;12;5;0;0;
EBT;UF;2906006;728.0000;15;0;5;4;2;4;
EBT;UF;2906501;16.0000;3;0;1;2;0;0;
EBT;UF;2906709;2.0000;1;0;1;0;0;0;
EBT;UF;2908408;2.0000;3;2;1;0;0;0;
EBT;UF;2908507;3.0000;2;0;2;0;0;0;
EBT;UF;2909802;50.0000;5;0;1;3;1;0;
EBT;UF;2910727;60.3750;8;2;2;3;1;0;
EBT;UF;2910800;3378.3242;187;24;76;64;8;15;
EBT;UF;2911303;145.0000;17;0;5;10;2;0;
EBT;UF;2912103;4.0000;1;0;0;1;0;0;
EBT;UF;2913606;1295.5000;95;1;28;53;8;5;
EBT;UF;2913705;1.0000;1;0;1;0;0;0;
EBT;UF;2914653;18.0000;3;0;1;2;0;0;
EBT;UF;2914802;1859.1250;84;9;34;29;3;9;
EBT;UF;2914901;72.0000;2;0;0;1;0;1;
EBT;UF;2915304;2.0000;1;0;1;0;0;0;
EBT;UF;2915601;62.0000;9;0;7;0;2;0;
EBT;UF;2915809;12.0000;2;0;1;1;0;0;
EBT;UF;2916302;2.0000;1;0;1;0;0;0;
EBT;UF;2916401;156.1875;9;2;3;1;2;1;
EBT;UF;2917102;2.0000;1;0;1;0;0;0;
EBT;UF;2917607;100.0000;1;0;0;0;0;1;
EBT;UF;2918001;415.0000;28;3;14;6;2;3;
EBT;UF;2918407;7.5156;4;0;4;0;0;0;
EBT;UF;2919207;1614.9648;72;1;35;28;3;5;
EBT;UF;2919405;2.0000;1;0;1;0;0;0;
EBT;UF;2920601;18.0000;2;0;0;2;0;0;
EBT;UF;2921005;20.2500;3;1;0;2;0;0;
EBT;UF;2921302;12.0000;3;0;1;2;0;0;
EBT;UF;2922003;14.0000;2;0;0;2;0;0;
EBT;UF;2922607;16.0000;3;0;1;2;0;0;
EBT;UF;2924009;84.1250;12;1;5;4;2;0;
EBT;UF;2924306;1.0000;1;0;1;0;0;0;
EBT;UF;2925006;4.0000;2;0;2;0;0;0;
EBT;UF;2925105;111.0000;3;0;1;1;0;1;
EBT;UF;2925303;88.0000;4;0;2;0;1;1;
EBT;UF;2927002;0.5000;1;1;0;0;0;0;
EBT;UF;2927408;58850.5391;1114;116;410;420;83;85;
EBT;UF;2928604;694.1250;81;6;40;28;4;3;
EBT;UF;2928901;54.0625;3;1;0;1;0;1;
EBT;UF;2929354;4.0000;1;0;0;1;0;0;
EBT;UF;2930105;17.0000;5;0;4;1;0;0;
EBT;UF;2930709;243.0000;59;4;34;21;0;0;
EBT;UF;2931350;1026.0625;5;3;1;0;0;1;
EBT;UF;2932507;32.0000;1;0;0;0;1;0;
EBT;UF;2932903;6.2500;10;6;4;0;0;0;
EBT;UF;2933307;1292.0625;110;7;51;40;7;5;
EBT;UF;3100302;2.0000;1;0;1;0;0;0;
EBT;UF;3101508;259.5000;12;3;1;0;8;0;
EBT;UF;3101607;73.6250;34;8;23;3;0;0;
EBT;UF;3101631;839.6406;137;24;75;27;8;3;
EBT;UF;3101904;19.0000;3;0;2;0;1;0;
EBT;UF;3103504;48.8945;24;1;20;3;0;0;
EBT;UF;3104007;4.0000;2;0;2;0;0;0;
EBT;UF;3104205;13.2500;8;1;7;0;0;0;
EBT;UF;3104601;32.0000;1;0;0;0;1;0;
EBT;UF;3104908;4.0000;2;0;2;0;0;0;
EBT;UF;3105400;2202.5820;109;10;63;17;9;10;
EBT;UF;3105608;232.3945;32;2;20;4;6;0;
EBT;UF;3106200;135203.607;3193;342;1793;656;229;173;
EBT;UF;3106309;32.0000;1;0;0;0;1;0;
EBT;UF;3106705;5045.1523;303;54;177;39;26;7;
EBT;UF;3106804;20.0000;2;0;0;2;0;0;
EBT;UF;3107406;10.0000;5;0;5;0;0;0;
EBT;UF;3107703;0.2500;1;1;0;0;0;0;
EBT;UF;3108404;2.0000;1;0;1;0;0;0;
EBT;UF;3108909;2.2500;2;1;1;0;0;0;
EBT;UF;3109501;2.0000;1;0;1;0;0;0;
EBT;UF;3109709;2.0000;1;0;1;0;0;0;
EBT;UF;3110301;2.0000;1;0;1;0;0;0;
EBT;UF;3110509;7.0000;4;0;4;0;0;0;
EBT;UF;3110707;4.0000;2;0;2;0;0;0;
EBT;UF;3111606;2.0000;1;0;1;0;0;0;
EBT;UF;3112307;2.0000;1;0;1;0;0;0;
EBT;UF;3113206;64.0000;2;0;0;0;2;0;
EBT;UF;3113404;14.0000;3;0;2;1;0;0;
EBT;UF;3114303;2.0000;1;0;1;0;0;0;
EBT;UF;3114501;2.0000;1;0;1;0;0;0;
EBT;UF;3115300;561.0000;11;0;3;3;2;3;
EBT;UF;3115508;13.6250;10;3;7;0;0;0;
EBT;UF;3117876;181.5000;6;1;1;3;0;1;
EBT;UF;3118007;18.3125;13;4;9;0;0;0;
EBT;UF;3118106;21.0000;12;0;12;0;0;0;
EBT;UF;3118304;96.8437;35;9;19;6;1;0;
EBT;UF;3118403;32.0000;1;0;0;0;1;0;
EBT;UF;3118601;3908.0234;524;64;293;113;42;12;
EBT;UF;3119401;59.0000;18;2;14;1;1;0;
EBT;UF;3120904;64.0000;29;0;27;2;0;0;
EBT;UF;3122306;1292.7617;99;9;65;13;5;7;
EBT;UF;3122454;0.2500;1;1;0;0;0;0;
EBT;UF;3123601;4.0000;2;0;2;0;0;0;
EBT;UF;3123908;36.0000;2;0;1;0;1;0;
EBT;UF;3124203;32.0000;1;0;0;0;1;0;
EBT;UF;3124401;2.0000;1;0;1;0;0;0;
EBT;UF;3124609;4.0000;2;0;2;0;0;0;
EBT;UF;3126109;4.0000;2;0;2;0;0;0;
EBT;UF;3127008;2.0000;1;0;1;0;0;0;
EBT;UF;3127107;17.0000;9;0;9;0;0;0;
EBT;UF;3127701;1944.0781;110;10;66;13;13;8;
EBT;UF;3128709;8.0000;1;0;0;1;0;0;
EBT;UF;3129509;2.0000;1;0;1;0;0;0;
EBT;UF;3129806;213.4297;21;3;13;1;3;1;
EBT;UF;3130101;24.0000;5;0;3;2;0;0;
EBT;UF;3130309;5.0000;3;0;3;0;0;0;
EBT;UF;3131307;1934.4219;91;14;52;8;13;4;
EBT;UF;3131703;255.2031;46;14;28;2;1;1;
EBT;UF;3131901;57.8750;16;4;10;1;1;0;
EBT;UF;3132206;8.0000;4;0;4;0;0;0;
EBT;UF;3132404;440.6719;77;17;40;12;8;0;
EBT;UF;3133006;9.0000;5;0;5;0;0;0;
EBT;UF;3133808;135.7500;28;4;16;7;1;0;
EBT;UF;3134103;0.2500;1;1;0;0;0;0;
EBT;UF;3134202;35.3945;21;2;19;0;0;0;
EBT;UF;3135209;2.0000;1;0;1;0;0;0;
EBT;UF;3135407;28.1250;7;1;4;2;0;0;
EBT;UF;3135506;2.0000;1;0;1;0;0;0;
EBT;UF;3136207;41.0000;33;13;19;1;0;0;
EBT;UF;3136306;64.0000;9;0;6;2;1;0;
EBT;UF;3136603;0.2500;1;1;0;0;0;0;
EBT;UF;3136702;4823.8515;232;17;125;48;24;18;
EBT;UF;3137205;99.0000;11;0;5;4;2;0;
EBT;UF;3137601;111.1797;32;10;16;4;2;0;
EBT;UF;3138203;448.2500;68;15;36;12;3;2;
EBT;UF;3138401;191.0000;4;0;2;0;1;1;
EBT;UF;3138609;202.0000;7;0;3;0;3;1;
EBT;UF;3138807;36.0000;2;0;1;0;1;0;
EBT;UF;3139607;34.0000;2;0;1;0;1;0;
EBT;UF;3140001;64.0000;2;0;0;0;2;0;
EBT;UF;3140803;83.0000;11;0;5;5;1;0;
EBT;UF;3140902;0.2500;1;1;0;0;0;0;
EBT;UF;3141405;40.0000;5;0;4;0;1;0;
EBT;UF;3141504;12.2500;7;1;5;1;0;0;
EBT;UF;3142106;8.0000;1;0;0;1;0;0;
EBT;UF;3143302;3451.5742;151;17;73;19;33;9;
EBT;UF;3143906;356.0000;6;0;2;1;1;2;
EBT;UF;3144102;5.0000;3;0;3;0;0;0;
EBT;UF;3144706;62.0000;7;0;6;0;0;1;
EBT;UF;3144805;1181.8203;114;8;64;23;15;4;
EBT;UF;3145208;2.0000;1;0;1;0;0;0;
EBT;UF;3145901;4.0000;2;0;2;0;0;0;
EBT;UF;3146107;10.5625;7;2;5;0;0;0;
EBT;UF;3146305;6.0000;3;0;3;0;0;0;
EBT;UF;3147006;123.1445;31;2;23;4;2;0;
EBT;UF;3147105;215.5625;17;2;12;1;1;1;
EBT;UF;3147402;266.0000;4;0;0;0;2;2;
EBT;UF;3147907;229.6094;49;9;31;6;2;1;
EBT;UF;3148004;111.3750;25;3;19;1;2;0;
EBT;UF;3148103;9.5000;6;1;5;0;0;0;
EBT;UF;3149101;2.0000;1;0;1;0;0;0;
EBT;UF;3149309;100.3398;32;9;18;3;2;0;
EBT;UF;3149903;159.0000;2;0;0;1;0;1;
EBT;UF;3151206;475.5000;20;1;2;3;14;0;
EBT;UF;3151404;4.0000;2;0;2;0;0;0;
EBT;UF;3151800;343.2305;109;16;73;16;4;0;
EBT;UF;3152501;10.1523;7;3;3;1;0;0;
EBT;UF;3154200;32.0000;1;0;0;0;1;0;
EBT;UF;3154606;227.1172;70;17;41;9;3;0;
EBT;UF;3155504;2.0000;1;0;1;0;0;0;
EBT;UF;3156502;0.2500;1;1;0;0;0;0;
EBT;UF;3156700;25.8125;16;3;13;0;0;0;
EBT;UF;3157278;83.7148;30;6;22;1;1;0;
EBT;UF;3157807;5.0625;6;4;2;0;0;0;
EBT;UF;3159100;2.0000;1;0;1;0;0;0;
EBT;UF;3160702;127.5000;8;1;4;2;0;1;
EBT;UF;3162104;20.0000;6;0;5;1;0;0;
EBT;UF;3162401;2.0000;1;0;1;0;0;0;
EBT;UF;3162500;371.1875;47;14;23;2;7;1;
EBT;UF;3162559;2.0000;1;0;1;0;0;0;
EBT;UF;3162708;2.0000;1;0;1;0;0;0;
EBT;UF;3162955;2.4648;4;3;1;0;0;0;
EBT;UF;3163706;45.5000;24;6;17;0;1;0;
EBT;UF;3164308;67.7500;43;12;30;1;0;0;
EBT;UF;3164506;204.4609;61;10;36;13;2;0;
EBT;UF;3164605;32.0000;1;0;0;0;1;0;
EBT;UF;3164704;4.6250;4;2;2;0;0;0;
EBT;UF;3165701;64.0000;2;0;0;0;2;0;
EBT;UF;3167202;460.8789;104;13;70;16;4;1;
EBT;UF;3168606;403.0625;45;6;21;11;6;1;
EBT;UF;3168705;599.3125;38;4;11;5;18;0;
EBT;UF;3169307;177.8125;46;18;21;3;4;0;
EBT;UF;3169356;4.0000;2;0;2;0;0;0;
EBT;UF;3169406;2.7500;3;2;1;0;0;0;
EBT;UF;3169901;181.7500;13;3;3;5;1;1;
EBT;UF;3170107;2594.4023;162;30;110;16;2;4;
EBT;UF;3170206;6127.5000;501;93;264;86;28;30;
EBT;UF;3170404;174.7500;43;2;36;3;1;1;
EBT;UF;3170701;618.0000;8;0;2;1;0;5;
EBT;UF;3170800;193.0000;7;0;1;0;6;0;
EBT;UF;3171006;2.0000;1;0;1;0;0;0;
EBT;UF;3171204;152.0000;52;6;36;8;2;0;
EBT;UF;3171303;60.2500;13;1;10;1;1;0;
EBT;UF;3171501;1.0000;1;0;1;0;0;0;
EBT;UF;3171808;128.0000;4;0;0;0;4;0;
EBT;UF;3200102;6.0000;2;0;1;1;0;0;
EBT;UF;3200136;2.0000;1;0;1;0;0;0;
EBT;UF;3200169;4.0000;2;0;2;0;0;0;
EBT;UF;3200201;22.0000;2;0;1;0;1;0;
EBT;UF;3200300;5.0000;3;0;3;0;0;0;
EBT;UF;3200409;344.0000;5;0;0;1;1;3;
EBT;UF;3200508;1.0000;1;0;1;0;0;0;
EBT;UF;3200607;188.5000;16;3;6;4;2;1;
EBT;UF;3200706;3.0000;2;0;2;0;0;0;
EBT;UF;3200805;52.0000;6;0;1;3;2;0;
EBT;UF;3200904;10.0000;1;0;0;1;0;0;
EBT;UF;3201159;156.0625;15;1;9;4;0;1;
EBT;UF;3201209;253.0000;26;3;16;2;4;1;
EBT;UF;3201308;539.0000;74;10;45;14;2;3;
EBT;UF;3201506;567.1875;46;7;30;5;2;2;
EBT;UF;3201902;6.5625;8;5;3;0;0;0;
EBT;UF;3202009;1.0000;1;0;1;0;0;0;
EBT;UF;3202207;4.7500;4;2;2;0;0;0;
EBT;UF;3202306;7.9375;9;5;4;0;0;0;
EBT;UF;3202405;727.0000;22;4;10;2;1;5;
EBT;UF;3202454;5.0000;3;0;3;0;0;0;
EBT;UF;3202504;101.1250;18;2;12;2;2;0;
EBT;UF;3202553;4.0000;2;0;2;0;0;0;
EBT;UF;3202603;2.0000;1;0;1;0;0;0;
EBT;UF;3202652;2.0000;1;0;1;0;0;0;
EBT;UF;3202702;5.1250;5;1;4;0;0;0;
EBT;UF;3202801;108.6250;9;5;2;1;0;1;
EBT;UF;3202900;38.0000;3;0;2;0;1;0;
EBT;UF;3203007;5.1875;5;2;3;0;0;0;
EBT;UF;3203106;6.0000;3;0;3;0;0;0;
EBT;UF;3203130;2.0000;1;0;1;0;0;0;
EBT;UF;3203205;273.8750;36;7;19;5;4;1;
EBT;UF;3203304;8.0000;3;0;2;1;0;0;
EBT;UF;3203320;5.2500;10;6;4;0;0;0;
EBT;UF;3203346;20.0000;2;0;0;2;0;0;
EBT;UF;3203353;3.2500;3;1;2;0;0;0;
EBT;UF;3203502;10.0000;1;0;0;1;0;0;
EBT;UF;3203601;5.2500;4;1;3;0;0;0;
EBT;UF;3203809;3.0000;2;0;2;0;0;0;
EBT;UF;3203908;4.0000;2;0;2;0;0;0;
EBT;UF;3204104;64.0000;3;0;2;0;0;1;
EBT;UF;3204203;129.6250;5;3;1;0;0;1;
EBT;UF;3204252;1.2500;2;1;1;0;0;0;
EBT;UF;3204302;10.0000;5;0;5;0;0;0;
EBT;UF;3204401;30.0000;2;0;0;1;1;0;
EBT;UF;3204500;5.2500;4;1;3;0;0;0;
EBT;UF;3204609;115.5000;19;2;11;3;3;0;
EBT;UF;3204708;4.0000;2;0;2;0;0;0;
EBT;UF;3204807;2.0000;1;0;1;0;0;0;
EBT;UF;3204906;1811.7500;28;3;11;3;5;6;
EBT;UF;3205002;14976.0000;209;30;95;54;14;16;
EBT;UF;3205010;2.0000;1;0;1;0;0;0;
EBT;UF;3205036;111.3125;10;4;4;1;0;1;
EBT;UF;3205101;234.0625;28;1;15;10;1;1;
EBT;UF;3205200;2645.3125;113;11;47;38;8;9;
EBT;UF;3205309;51300.8984;267;31;52;91;30;63;
EBT;UF;3300100;1159.4648;29;5;17;4;2;1;
EBT;UF;3300209;28.2500;11;3;5;3;0;0;
EBT;UF;3300233;6.7148;7;4;3;0;0;0;
EBT;UF;3300258;2.2500;2;1;1;0;0;0;
EBT;UF;3300308;19.2148;12;2;10;0;0;0;
EBT;UF;3300407;108.5000;26;4;15;5;2;0;
EBT;UF;3300456;331.7344;58;7;41;7;1;2;
EBT;UF;3300506;1.7148;2;1;1;0;0;0;
EBT;UF;3300704;65.0000;27;4;20;3;0;0;
EBT;UF;3300803;4.0000;2;0;2;0;0;0;
EBT;UF;3301009;612.0898;69;15;38;11;3;2;
EBT;UF;3301108;4.5000;4;2;2;0;0;0;
EBT;UF;3301306;3.0000;2;0;2;0;0;0;
EBT;UF;3301504;2.0000;1;0;1;0;0;0;
EBT;UF;3301702;4773.1289;184;19;105;24;10;26;
EBT;UF;3301850;3.0000;2;0;2;0;0;0;
EBT;UF;3301876;0.5000;1;1;0;0;0;0;
EBT;UF;3301900;2731.0898;35;5;24;4;0;2;
EBT;UF;3302007;144.9297;35;3;24;5;3;0;
EBT;UF;3302205;199.2148;28;5;22;0;0;1;
EBT;UF;3302254;299.7500;32;2;17;7;5;1;
EBT;UF;3302270;3.9648;3;1;2;0;0;0;
EBT;UF;3302403;15160.5430;335;16;130;134;32;23;
EBT;UF;3302502;15.2148;10;2;8;0;0;0;
EBT;UF;3302601;10.5000;2;1;0;1;0;0;
EBT;UF;3302700;13.9648;8;1;7;0;0;0;
EBT;UF;3302858;2120.3047;20;4;12;1;0;3;
EBT;UF;3303203;44.8945;31;6;25;0;0;0;
EBT;UF;3303302;4511.1250;393;30;276;50;24;13;
EBT;UF;3303401;26.9297;17;6;10;1;0;0;
EBT;UF;3303500;635.8867;113;13;75;19;4;2;
EBT;UF;3303609;5.7500;5;2;3;0;0;0;
EBT;UF;3303708;2.0000;1;0;1;0;0;0;
EBT;UF;3303807;39.7500;10;2;5;3;0;0;
EBT;UF;3303906;13662.4336;113;15;70;15;6;7;
EBT;UF;3303955;2.9297;2;0;2;0;0;0;
EBT;UF;3304003;8.5000;6;1;5;0;0;0;
EBT;UF;3304110;1306.5898;50;7;17;15;1;10;
EBT;UF;3304144;28.7500;13;2;10;1;0;0;
EBT;UF;3304201;978.5000;77;2;44;16;10;5;
EBT;UF;3304300;0.2500;1;1;0;0;0;0;
EBT;UF;3304524;266.2500;51;7;25;17;2;0;
EBT;UF;3304557;938071.962;9983;679;4758;3030;622;894;
EBT;UF;3304805;0.5000;1;1;0;0;0;0;
EBT;UF;3304904;703.7812;146;24;96;22;0;4;
EBT;UF;3305000;82.2500;17;3;11;1;2;0;
EBT;UF;3305109;210.9922;62;8;44;9;0;1;
EBT;UF;3305208;45.2148;23;4;18;1;0;0;
EBT;UF;3305505;3.5000;3;1;2;0;0;0;
EBT;UF;3305554;508.4648;13;5;4;0;1;3;
EBT;UF;3305752;2.0000;1;0;1;0;0;0;
EBT;UF;3305802;20386.4063;27;2;13;1;1;10;
EBT;UF;3306008;258.5000;33;1;20;10;1;1;
EBT;UF;3306107;6.4648;5;2;3;0;0;0;
EBT;UF;3306206;0.5000;1;1;0;0;0;0;
EBT;UF;3306305;2978.2500;66;5;37;10;7;7;
EBT;UF;3500105;155.0000;1;0;0;0;0;1;
EBT;UF;3500709;108.0000;3;0;1;1;0;1;
EBT;UF;3501004;0.2500;1;1;0;0;0;0;
EBT;UF;3501152;52.0000;2;0;1;0;0;1;
EBT;UF;3501301;1.0000;1;0;1;0;0;0;
EBT;UF;3501608;3505.6484;165;22;95;21;7;20;
EBT;UF;3501707;310.0000;2;0;0;0;0;2;
EBT;UF;3502101;1823.0000;10;0;6;1;0;3;
EBT;UF;3502507;21.2500;6;1;2;3;0;0;
EBT;UF;3502804;650.7148;25;3;11;7;0;4;
EBT;UF;3503000;2.5000;2;1;1;0;0;0;
EBT;UF;3503208;4187.7148;124;17;63;14;5;25;
EBT;UF;3503307;84.4180;46;8;37;1;0;0;
EBT;UF;3503901;131.7500;18;4;12;1;0;1;
EBT;UF;3504008;1026.6250;23;3;8;5;1;6;
EBT;UF;3504107;33.4648;18;4;13;1;0;0;
EBT;UF;3504503;2.0000;1;0;1;0;0;0;
EBT;UF;3505302;8.0000;4;0;4;0;0;0;
EBT;UF;3505401;2424.9922;87;13;45;11;3;15;
EBT;UF;3505500;669.5156;13;0;3;5;0;5;
EBT;UF;3505708;111035.902;749;60;253;195;81;160;
EBT;UF;3505906;1.2598;3;2;1;0;0;0;
EBT;UF;3506003;14065.2891;292;16;113;71;15;77;
EBT;UF;3506102;2062.9141;56;10;22;9;3;12;
EBT;UF;3506359;8.5000;11;7;4;0;0;0;
EBT;UF;3506508;236.5000;4;1;1;0;0;2;
EBT;UF;3507001;300.5000;11;1;4;4;0;2;
EBT;UF;3507506;1889.4687;59;2;35;9;2;11;
EBT;UF;3507605;1590.0625;35;10;7;5;4;9;
EBT;UF;3507753;2.2500;2;1;1;0;0;0;
EBT;UF;3508207;2.5000;2;1;1;0;0;0;
EBT;UF;3508405;24.5000;8;1;5;2;0;0;
EBT;UF;3508504;135.2500;7;1;5;0;0;1;
EBT;UF;3508603;1375.0000;6;0;1;0;2;3;
EBT;UF;3509007;1.0000;1;0;1;0;0;0;
EBT;UF;3509205;2194.3555;111;13;47;33;10;8;
EBT;UF;3509254;155.2500;2;1;0;0;0;1;
EBT;UF;3509403;1.2500;2;1;1;0;0;0;
EBT;UF;3509502;70189.9179;940;77;449;182;53;179;
EBT;UF;3509700;28.3750;16;6;9;1;0;0;
EBT;UF;3510005;0.7500;2;2;0;0;0;0;
EBT;UF;3510401;2.0000;1;0;1;0;0;0;
EBT;UF;3510500;2746.2500;12;1;7;2;0;2;
EBT;UF;3510609;2.4648;2;0;2;0;0;0;
EBT;UF;3511102;485.2109;29;1;13;12;1;2;
EBT;UF;3511508;0.5000;1;1;0;0;0;0;
EBT;UF;3512803;10.5625;6;2;3;1;0;0;
EBT;UF;3513009;3073.9570;49;10;24;9;2;4;
EBT;UF;3513504;1120.6250;35;4;13;7;4;7;
EBT;UF;3513702;1.5625;6;6;0;0;0;0;
EBT;UF;3513801;4038.9297;333;45;203;57;6;22;
EBT;UF;3514403;4.0000;2;0;2;0;0;0;
EBT;UF;3515509;4.7500;4;2;2;0;0;0;
EBT;UF;3515707;1.0000;1;0;1;0;0;0;
EBT;UF;3516200;3346.2441;107;15;66;4;2;20;
EBT;UF;3516408;2.0000;1;0;1;0;0;0;
EBT;UF;3516705;28.2500;7;1;5;0;1;0;
EBT;UF;3516903;2.0000;1;0;1;0;0;0;
EBT;UF;3517000;2.0000;1;0;1;0;0;0;
EBT;UF;3517406;1.2646;4;3;1;0;0;0;
EBT;UF;3517703;13.2686;9;2;7;0;0;0;
EBT;UF;3518305;155.0000;1;0;0;0;0;1;
EBT;UF;3518404;80.9922;52;9;43;0;0;0;
EBT;UF;3518701;1679.5312;98;14;64;14;2;4;
EBT;UF;3518800;3397.0117;638;98;424;87;13;16;
EBT;UF;3519071;12804.0000;77;2;20;9;10;36;
EBT;UF;3520103;0.5000;1;1;0;0;0;0;
EBT;UF;3520509;36.5000;5;1;2;1;1;0;
EBT;UF;3521002;4.0000;2;0;2;0;0;0;
EBT;UF;3521309;4.7686;5;3;2;0;0;0;
EBT;UF;3521408;2.0000;1;0;1;0;0;0;
EBT;UF;3522208;11.4648;2;0;1;1;0;0;
EBT;UF;3522307;619.7500;9;2;0;2;1;4;
EBT;UF;3522505;17.5391;5;0;2;3;0;0;
EBT;UF;3522604;2.5625;5;3;2;0;0;0;
EBT;UF;3523107;224.6797;33;12;14;5;1;1;
EBT;UF;3523909;3853.1797;101;10;48;17;8;18;
EBT;UF;3524006;0.1250;1;1;0;0;0;0;
EBT;UF;3524105;1.2500;2;1;1;0;0;0;
EBT;UF;3524303;231.2500;10;1;1;6;1;1;
EBT;UF;3524402;687.2383;124;12;89;17;3;3;
EBT;UF;3524709;806.5000;17;5;4;1;2;5;
EBT;UF;3525003;198.4648;15;3;7;4;0;1;
EBT;UF;3525102;2.7500;4;2;2;0;0;0;
EBT;UF;3525201;20.0000;1;0;0;0;1;0;
EBT;UF;3525300;2401.5156;66;0;38;11;3;14;
EBT;UF;3525904;10904.9805;346;43;169;77;15;42;
EBT;UF;3526704;9.9648;7;1;6;0;0;0;
EBT;UF;3526803;1732.0000;29;0;11;4;3;11;
EBT;UF;3526902;2781.0586;125;12;80;13;4;16;
EBT;UF;3527108;2487.2031;46;8;13;8;2;15;
EBT;UF;3527207;12.0000;6;0;6;0;0;0;
EBT;UF;3527306;437.2148;20;3;10;3;1;3;
EBT;UF;3528007;2048.0000;2;0;0;0;0;2;
EBT;UF;3528403;12.5000;7;1;6;0;0;0;
EBT;UF;3528502;4.7500;4;2;2;0;0;0;
EBT;UF;3529005;3560.2500;131;17;59;26;8;21;
EBT;UF;3529302;318.0000;3;0;0;1;0;2;
EBT;UF;3529401;1601.6719;167;30;107;19;3;8;
EBT;UF;3529708;5.7500;5;2;3;0;0;0;
EBT;UF;3530300;334.0000;6;0;2;2;0;2;
EBT;UF;3530508;6.0000;6;3;3;0;0;0;
EBT;UF;3530607;6536.8594;260;50;149;27;17;17;
EBT;UF;3530805;609.1562;55;3;48;1;0;3;
EBT;UF;3531100;10.8750;9;3;6;0;0;0;
EBT;UF;3531902;3.2500;5;3;2;0;0;0;
EBT;UF;3532009;7.0000;4;0;4;0;0;0;
EBT;UF;3533007;1.0000;1;0;1;0;0;0;
EBT;UF;3533403;19.5000;14;3;11;0;0;0;
EBT;UF;3534401;7358.6973;215;21;96;59;13;26;
EBT;UF;3534609;166.2500;4;1;1;1;0;1;
EBT;UF;3534708;1637.5000;34;1;12;8;2;11;
EBT;UF;3535309;1.0000;1;0;1;0;0;0;
EBT;UF;3535507;10.0000;1;0;0;1;0;0;
EBT;UF;3536505;4502.3125;11;2;3;0;0;6;
EBT;UF;3536703;35.0000;2;0;1;0;1;0;
EBT;UF;3537107;3.5156;2;0;2;0;0;0;
EBT;UF;3537305;1.0000;1;0;1;0;0;0;
EBT;UF;3537404;3.3125;6;5;1;0;0;0;
EBT;UF;3537602;2.0000;1;0;1;0;0;0;
EBT;UF;3538006;5309.0898;46;3;33;4;0;6;
EBT;UF;3538709;7207.1406;152;23;85;21;5;18;
EBT;UF;3539004;2.0000;1;0;1;0;0;0;
EBT;UF;3539301;18.2773;12;3;9;0;0;0;
EBT;UF;3539806;1196.2891;55;2;9;6;32;6;
EBT;UF;3541000;79.0195;43;13;27;2;1;0;
EBT;UF;3541307;0.2500;1;1;0;0;0;0;
EBT;UF;3541406;4412.3281;112;9;54;20;8;21;
EBT;UF;3541505;22.5000;6;1;4;0;1;0;
EBT;UF;3542206;13.0000;3;0;2;1;0;0;
EBT;UF;3542404;6.5000;5;2;3;0;0;0;
EBT;UF;3543303;30.0273;15;4;10;1;0;0;
EBT;UF;3543402;19325.8203;551;39;265;133;16;98;
EBT;UF;3543907;2066.8359;123;17;75;17;2;12;
EBT;UF;3544004;156.7500;4;2;1;0;0;1;
EBT;UF;3544103;1973.8672;194;71;69;23;24;7;
EBT;UF;3544202;2.0000;1;0;1;0;0;0;
EBT;UF;3545209;653.4648;16;0;9;3;0;4;
EBT;UF;3545704;273.6094;44;2;33;8;0;1;
EBT;UF;3545803;3.0000;2;0;2;0;0;0;
EBT;UF;3546009;12.5000;3;1;1;1;0;0;
EBT;UF;3546405;10.0000;1;0;0;1;0;0;
EBT;UF;3547304;8815.4883;72;5;26;17;6;18;
EBT;UF;3547809;17654.8515;485;85;249;71;15;65;
EBT;UF;3548500;19077.6758;445;35;225;109;19;57;
EBT;UF;3548609;7249.0508;298;40;163;39;10;46;
EBT;UF;3548708;2655.5898;39;8;17;4;2;8;
EBT;UF;3548807;7882.4492;210;30;106;46;12;16;
EBT;UF;3548906;6523.8398;84;2;43;22;0;17;
EBT;UF;3549409;7.6250;10;6;4;0;0;0;
EBT;UF;3549607;4289.5625;83;2;22;32;5;22;
EBT;UF;3549805;163.0000;4;0;2;1;0;1;
EBT;UF;3549904;10432.2578;490;61;296;83;16;34;
EBT;UF;3550100;5.2500;6;3;3;0;0;0;
EBT;UF;3550308;514308.960;12916;1145;5725;3478;814;1754;
EBT;UF;3550605;12.3750;12;5;7;0;0;0;
EBT;UF;3550704;28.0000;5;0;2;3;0;0;
EBT;UF;3551009;3192.3867;104;25;59;12;0;8;
EBT;UF;3551702;169.0000;4;0;2;1;0;1;
EBT;UF;3552106;487.5000;11;1;6;1;0;3;
EBT;UF;3552205;15718.6211;465;38;230;88;25;84;
EBT;UF;3552403;105.5000;18;2;12;1;3;0;
EBT;UF;3552502;232.6250;52;12;37;1;0;2;
EBT;UF;3552809;12525.7500;36;2;12;9;2;11;
EBT;UF;3553401;2.0000;1;0;1;0;0;0;
EBT;UF;3554102;2764.1641;187;34;107;19;12;15;
EBT;UF;3554508;11.0000;5;0;4;1;0;0;
EBT;UF;3554904;10.0000;1;0;0;1;0;0;
EBT;UF;3555000;12.0000;2;0;1;1;0;0;
EBT;UF;3555406;0.5000;1;1;0;0;0;0;
EBT;UF;3556206;1077.1797;46;9;23;6;1;7;
EBT;UF;3556404;0.5000;1;1;0;0;0;0;
EBT;UF;3556701;212.6563;12;3;5;2;1;1;
EBT;UF;3557006;1035.2148;56;8;37;5;0;6;
EBT;UF;3557105;26.1250;11;2;8;1;0;0;
EBT;UF;4100202;0.2500;1;1;0;0;0;0;
EBT;UF;4100301;0.2500;1;1;0;0;0;0;
EBT;UF;4100400;27.2656;16;6;8;2;0;0;
EBT;UF;4100509;1.0000;1;0;1;0;0;0;
EBT;UF;4100608;1.0000;1;0;1;0;0;0;
EBT;UF;4100707;1.2500;2;1;1;0;0;0;
EBT;UF;4100806;1.2500;2;1;1;0;0;0;
EBT;UF;4100905;1.0000;3;3;0;0;0;0;
EBT;UF;4101002;0.5000;1;1;0;0;0;0;
EBT;UF;4101101;12.7500;9;2;7;0;0;0;
EBT;UF;4101408;166.3906;39;4;26;8;1;0;
EBT;UF;4101507;2126.0781;23;2;12;7;0;2;
EBT;UF;4101606;3.0000;2;0;2;0;0;0;
EBT;UF;4101705;1.0000;1;0;1;0;0;0;
EBT;UF;4101804;844.1094;129;30;73;18;5;3;
EBT;UF;4101903;3.0000;2;0;2;0;0;0;
EBT;UF;4102000;3.0000;2;0;2;0;0;0;
EBT;UF;4102109;1.0000;1;0;1;0;0;0;
EBT;UF;4102307;16.0000;11;2;9;0;0;0;
EBT;UF;4102406;20.1875;11;5;5;1;0;0;
EBT;UF;4102505;3.0000;2;0;2;0;0;0;
EBT;UF;4102703;3.2500;3;1;2;0;0;0;
EBT;UF;4102901;7.2500;5;1;4;0;0;0;
EBT;UF;4103206;0.2500;1;1;0;0;0;0;
EBT;UF;4103354;0.2500;1;1;0;0;0;0;
EBT;UF;4103503;0.2500;1;1;0;0;0;0;
EBT;UF;4103602;4.2500;3;1;2;0;0;0;
EBT;UF;4103701;66.5781;49;15;32;2;0;0;
EBT;UF;4103800;1.0000;3;3;0;0;0;0;
EBT;UF;4103958;1.0000;1;0;1;0;0;0;
EBT;UF;4104105;0.2500;1;1;0;0;0;0;
EBT;UF;4104204;139.0000;27;4;14;8;0;1;
EBT;UF;4104253;4.2500;4;1;3;0;0;0;
EBT;UF;4104303;20.1797;13;1;12;0;0;0;
EBT;UF;4104428;10.0000;5;3;1;1;0;0;
EBT;UF;4104501;1.2500;2;1;1;0;0;0;
EBT;UF;4104659;27.4375;7;3;2;1;1;0;
EBT;UF;4104709;2.0000;1;0;1;0;0;0;
EBT;UF;4104808;2556.2656;174;44;98;26;4;2;
EBT;UF;4104907;29.2031;34;21;12;1;0;0;
EBT;UF;4105003;0.2500;1;1;0;0;0;0;
EBT;UF;4105102;3.0000;2;0;2;0;0;0;
EBT;UF;4105409;3.1250;3;1;2;0;0;0;
EBT;UF;4105508;90.1211;41;11;26;4;0;0;
EBT;UF;4105607;0.2500;1;1;0;0;0;0;
EBT;UF;4105706;3.0000;2;0;2;0;0;0;
EBT;UF;4105805;137.1875;12;6;5;0;0;1;
EBT;UF;4106001;0.7500;2;2;0;0;0;0;
EBT;UF;4106209;1.5000;2;1;1;0;0;0;
EBT;UF;4106308;2.0000;2;0;2;0;0;0;
EBT;UF;4106407;55.2500;9;1;5;2;1;0;
EBT;UF;4106506;1.5625;4;3;1;0;0;0;
EBT;UF;4106605;1.0000;1;0;1;0;0;0;
EBT;UF;4106704;0.2500;1;1;0;0;0;0;
EBT;UF;4106902;50990.1094;2052;359;990;429;153;121;
EBT;UF;4107009;2.0000;2;0;2;0;0;0;
EBT;UF;4107108;0.5000;2;2;0;0;0;0;
EBT;UF;4107207;13.0547;11;3;8;0;0;0;
EBT;UF;4107256;12.8750;4;3;0;1;0;0;
EBT;UF;4107306;0.2500;1;1;0;0;0;0;
EBT;UF;4107405;0.2500;1;1;0;0;0;0;
EBT;UF;4107504;0.2500;1;1;0;0;0;0;
EBT;UF;4107538;1.0000;1;0;1;0;0;0;
EBT;UF;4107652;365.8047;23;6;13;1;1;2;
EBT;UF;4107702;0.2500;1;1;0;0;0;0;
EBT;UF;4107736;6.0000;2;0;1;1;0;0;
EBT;UF;4107801;3.2500;5;4;1;0;0;0;
EBT;UF;4107900;2.2500;2;1;1;0;0;0;
EBT;UF;4108007;1.5000;3;2;1;0;0;0;
EBT;UF;4108106;0.2500;1;1;0;0;0;0;
EBT;UF;4108205;1.2500;2;1;1;0;0;0;
EBT;UF;4108304;439.9219;173;61;97;13;1;1;
EBT;UF;4108320;0.5000;1;1;0;0;0;0;
EBT;UF;4108403;60.0781;22;7;14;0;1;0;
EBT;UF;4108452;0.0625;1;1;0;0;0;0;
EBT;UF;4108502;10.0000;5;0;5;0;0;0;
EBT;UF;4108551;0.2500;1;1;0;0;0;0;
EBT;UF;4108601;6.3125;9;5;4;0;0;0;
EBT;UF;4108700;1.0000;1;0;1;0;0;0;
EBT;UF;4108809;4.5000;4;1;3;0;0;0;
EBT;UF;4109302;1.0000;1;0;1;0;0;0;
EBT;UF;4109401;692.7656;36;6;24;5;0;1;
EBT;UF;4109500;2.5000;3;2;1;0;0;0;
EBT;UF;4109708;3.0000;2;0;2;0;0;0;
EBT;UF;4109807;17.3750;25;14;11;0;0;0;
EBT;UF;4110102;1.0000;1;0;1;0;0;0;
EBT;UF;4110201;0.2500;1;1;0;0;0;0;
EBT;UF;4110508;38.0000;6;3;2;0;1;0;
EBT;UF;4110607;1.0000;1;0;1;0;0;0;
EBT;UF;4110706;15.5625;24;18;6;0;0;0;
EBT;UF;4110805;8.0000;4;0;4;0;0;0;
EBT;UF;4110953;1.0000;1;0;1;0;0;0;
EBT;UF;4111407;0.2500;1;1;0;0;0;0;
EBT;UF;4111506;5.2500;4;1;3;0;0;0;
EBT;UF;4111803;12.7500;10;4;6;0;0;0;
EBT;UF;4112009;2.2500;4;3;1;0;0;0;
EBT;UF;4112108;5.6250;7;4;3;0;0;0;
EBT;UF;4112504;1.0000;1;0;1;0;0;0;
EBT;UF;4112702;1.7500;3;2;1;0;0;0;
EBT;UF;4112751;0.2500;1;1;0;0;0;0;
EBT;UF;4112801;1.0000;1;0;1;0;0;0;
EBT;UF;4113205;3.0625;3;1;2;0;0;0;
EBT;UF;4113304;4.2500;6;3;3;0;0;0;
EBT;UF;4113502;3.0000;2;0;2;0;0;0;
EBT;UF;4113601;14.5000;5;1;3;1;0;0;
EBT;UF;4113700;8980.2070;357;93;158;72;14;20;
EBT;UF;4113734;0.2500;1;1;0;0;0;0;
EBT;UF;4113809;1.0000;1;0;1;0;0;0;
EBT;UF;4114005;2.0000;2;0;2;0;0;0;
EBT;UF;4114104;6.2500;6;3;3;0;0;0;
EBT;UF;4114203;45.0000;14;6;6;1;1;0;
EBT;UF;4114302;40.0000;10;4;4;1;1;0;
EBT;UF;4114351;0.2500;1;1;0;0;0;0;
EBT;UF;4114500;1.7500;3;2;1;0;0;0;
EBT;UF;4114807;13.7500;8;2;5;1;0;0;
EBT;UF;4114906;3.5000;3;1;2;0;0;0;
EBT;UF;4115101;0.2500;1;1;0;0;0;0;
EBT;UF;4115200;6668.6367;334;77;172;71;5;9;
EBT;UF;4115309;0.2500;1;1;0;0;0;0;
EBT;UF;4115358;1.0000;1;0;1;0;0;0;
EBT;UF;4115606;5.2500;4;1;3;0;0;0;
EBT;UF;4115705;6.0000;4;0;4;0;0;0;
EBT;UF;4115804;3.2500;3;1;2;0;0;0;
EBT;UF;4116059;0.5000;1;1;0;0;0;0;
EBT;UF;4116208;1.0000;1;0;1;0;0;0;
EBT;UF;4116703;1.0000;1;0;1;0;0;0;
EBT;UF;4116901;2.3750;5;4;1;0;0;0;
EBT;UF;4117008;0.2500;1;1;0;0;0;0;
EBT;UF;4117057;0.2500;1;1;0;0;0;0;
EBT;UF;4117107;1.0000;1;0;1;0;0;0;
EBT;UF;4117206;0.2500;1;1;0;0;0;0;
EBT;UF;4117271;0.7500;2;2;0;0;0;0;
EBT;UF;4117453;0.5000;1;1;0;0;0;0;
EBT;UF;4117503;11.8750;9;3;6;0;0;0;
EBT;UF;4117602;40.5000;6;1;4;0;1;0;
EBT;UF;4117701;3.0000;2;0;2;0;0;0;
EBT;UF;4117909;8.5000;7;2;5;0;0;0;
EBT;UF;4118105;1.0000;1;0;1;0;0;0;
EBT;UF;4118204;500.3438;126;21;84;18;2;1;
EBT;UF;4118402;115.7969;51;15;33;2;1;0;
EBT;UF;4118451;1.7500;3;2;1;0;0;0;
EBT;UF;4118501;88.0625;41;9;30;1;1;0;
EBT;UF;4118600;10.3750;8;2;6;0;0;0;
EBT;UF;4118709;0.2500;1;1;0;0;0;0;
EBT;UF;4118907;1.0000;1;0;1;0;0;0;
EBT;UF;4119152;285.7266;63;3;43;13;4;0;
EBT;UF;4119202;3.0000;2;0;2;0;0;0;
EBT;UF;4119301;0.0625;1;1;0;0;0;0;
EBT;UF;4119400;2.0000;1;0;1;0;0;0;
EBT;UF;4119509;16.5625;15;6;9;0;0;0;
EBT;UF;4119608;3.0000;2;0;2;0;0;0;
EBT;UF;4119707;0.2500;1;1;0;0;0;0;
EBT;UF;4119905;609.7969;151;41;82;21;6;1;
EBT;UF;4119954;13.7500;11;4;7;0;0;0;
EBT;UF;4120002;3.0000;2;0;2;0;0;0;
EBT;UF;4120101;0.5000;2;2;0;0;0;0;
EBT;UF;4120309;0.2500;1;1;0;0;0;0;
EBT;UF;4120606;3.2500;3;1;2;0;0;0;
EBT;UF;4120705;1.0000;3;3;0;0;0;0;
EBT;UF;4120804;296.0000;26;5;13;4;3;1;
EBT;UF;4120853;1.0000;1;0;1;0;0;0;
EBT;UF;4120903;3.0000;2;0;2;0;0;0;
EBT;UF;4121307;0.2500;1;1;0;0;0;0;
EBT;UF;4121406;3.2500;3;1;2;0;0;0;
EBT;UF;4121505;1.0000;1;0;1;0;0;0;
EBT;UF;4121604;1.7500;3;2;1;0;0;0;
EBT;UF;4121703;3.0000;2;0;2;0;0;0;
EBT;UF;4121901;1.0000;1;0;1;0;0;0;
EBT;UF;4122008;1.0000;1;0;1;0;0;0;
EBT;UF;4122206;1.7500;3;2;1;0;0;0;
EBT;UF;4122305;46.7500;18;9;4;5;0;0;
EBT;UF;4122404;62.5156;27;3;22;2;0;0;
EBT;UF;4122701;0.2500;1;1;0;0;0;0;
EBT;UF;4122800;0.7500;2;2;0;0;0;0;
EBT;UF;4123402;1.0000;1;0;1;0;0;0;
EBT;UF;4123501;4.0000;3;0;3;0;0;0;
EBT;UF;4123709;1.0000;1;0;1;0;0;0;
EBT;UF;4123907;1.2500;2;1;1;0;0;0;
EBT;UF;4123956;8.3125;7;2;5;0;0;0;
EBT;UF;4124509;2.2500;3;1;2;0;0;0;
EBT;UF;4124608;0.5000;2;2;0;0;0;0;
EBT;UF;4124905;0.2500;1;1;0;0;0;0;
EBT;UF;4125001;4.0000;3;0;3;0;0;0;
EBT;UF;4125308;0.2500;1;1;0;0;0;0;
EBT;UF;4125407;3.2500;3;1;2;0;0;0;
EBT;UF;4125506;23577.8984;331;60;201;49;8;13;
EBT;UF;4125605;5.7500;6;2;4;0;0;0;
EBT;UF;4125704;20.0000;5;2;2;0;1;0;
EBT;UF;4125902;0.5000;2;2;0;0;0;0;
EBT;UF;4126207;0.2500;1;1;0;0;0;0;
EBT;UF;4126256;22.0156;22;9;13;0;0;0;
EBT;UF;4126306;1.0000;1;0;1;0;0;0;
EBT;UF;4126504;5.0000;3;0;3;0;0;0;
EBT;UF;4126603;3.0000;2;0;2;0;0;0;
EBT;UF;4126678;1.2500;2;1;1;0;0;0;
EBT;UF;4126801;3.0000;2;0;2;0;0;0;
EBT;UF;4126900;0.2500;1;1;0;0;0;0;
EBT;UF;4127007;1.5000;3;2;1;0;0;0;
EBT;UF;4127106;36.5313;13;1;11;0;1;0;
EBT;UF;4127502;1.0000;1;0;1;0;0;0;
EBT;UF;4127700;128.2500;44;12;21;11;0;0;
EBT;UF;4127809;1.7500;3;2;1;0;0;0;
EBT;UF;4128005;1.0000;1;0;1;0;0;0;
EBT;UF;4128104;220.4219;49;5;31;11;1;1;
EBT;UF;4128203;133.7656;20;1;18;0;0;1;
EBT;UF;4128401;1.0000;1;0;1;0;0;0;
EBT;UF;4128500;3.0000;3;0;3;0;0;0;
EBT;UF;4128534;8.0000;4;0;4;0;0;0;
EBT;UF;4128708;4.5000;4;2;2;0;0;0;
EBT;UF;4128807;0.2500;1;1;0;0;0;0;
EBT;UF;4200101;442.5586;84;20;38;23;2;1;
EBT;UF;4201307;207.5625;36;5;16;12;3;0;
EBT;UF;4201703;0.2500;1;1;0;0;0;0;
EBT;UF;4202008;244.0703;45;3;27;13;1;1;
EBT;UF;4202073;1.0000;1;0;1;0;0;0;
EBT;UF;4202305;137.7031;60;24;29;5;2;0;
EBT;UF;4202404;3705.4375;319;55;148;81;23;12;
EBT;UF;4202503;661.2500;104;13;43;42;5;1;
EBT;UF;4202909;898.5664;87;9;45;22;5;6;
EBT;UF;4203204;36.1250;24;8;14;2;0;0;
EBT;UF;4203600;2.0000;1;0;1;0;0;0;
EBT;UF;4203808;0.5000;1;1;0;0;0;0;
EBT;UF;4203956;18.7500;5;2;1;2;0;0;
EBT;UF;4204202;776.2188;117;28;57;25;4;3;
EBT;UF;4204251;87.5000;14;4;7;1;2;0;
EBT;UF;4204301;657.5156;23;2;7;7;3;4;
EBT;UF;4204350;0.6875;4;4;0;0;0;0;
EBT;UF;4204509;5.6250;6;3;3;0;0;0;
EBT;UF;4204558;17.0000;5;2;1;2;0;0;
EBT;UF;4204608;61.5781;12;1;5;6;0;0;
EBT;UF;4204806;204.7656;19;6;6;4;2;1;
EBT;UF;4205191;10.0000;1;0;0;1;0;0;
EBT;UF;4205407;6959.0039;460;70;167;155;40;28;
EBT;UF;4205506;10.0000;15;9;6;0;0;0;
EBT;UF;4205704;21.3750;13;5;7;1;0;0;
EBT;UF;4205803;4.0000;1;0;0;1;0;0;
EBT;UF;4205902;123.3750;41;15;17;7;2;0;
EBT;UF;4206504;218.0391;35;8;19;6;1;1;
EBT;UF;4206702;4.1250;5;3;2;0;0;0;
EBT;UF;4207007;48.8125;16;5;7;4;0;0;
EBT;UF;4207106;1.2500;2;1;1;0;0;0;
EBT;UF;4207304;7.5156;4;0;4;0;0;0;
EBT;UF;4207502;272.0781;43;2;25;15;0;1;
EBT;UF;4208203;5408.3164;361;30;189;114;17;11;
EBT;UF;4208302;10.0000;1;0;0;1;0;0;
EBT;UF;4208401;4.5000;3;1;2;0;0;0;
EBT;UF;4208450;1.2500;2;1;1;0;0;0;
EBT;UF;4208906;560.1445;87;12;51;20;3;1;
EBT;UF;4209003;227.0000;36;2;21;9;4;0;
EBT;UF;4209102;3501.9180;508;92;227;158;21;10;
EBT;UF;4209300;529.5469;81;18;32;25;4;2;
EBT;UF;4209409;2.0000;2;0;2;0;0;0;
EBT;UF;4209706;1.2500;2;1;1;0;0;0;
EBT;UF;4210035;5.2500;5;1;4;0;0;0;
EBT;UF;4210100;117.3281;47;20;18;8;1;0;
EBT;UF;4210209;3.0000;2;0;2;0;0;0;
EBT;UF;4210605;17.5781;9;4;4;1;0;0;
EBT;UF;4211306;52.5625;17;2;12;3;0;0;
EBT;UF;4211454;1.0000;1;0;1;0;0;0;
EBT;UF;4211603;8.7500;8;2;6;0;0;0;
EBT;UF;4211702;4.2500;5;3;2;0;0;0;
EBT;UF;4211900;655.6523;103;16;61;21;4;1;
EBT;UF;4212205;1.0000;1;0;1;0;0;0;
EBT;UF;4212908;305.1563;48;3;18;21;6;0;
EBT;UF;4213005;1.3125;4;3;1;0;0;0;
EBT;UF;4213203;55.5000;11;2;4;4;1;0;
EBT;UF;4214706;2.2500;2;1;1;0;0;0;
EBT;UF;4214805;626.2656;86;16;39;23;4;4;
EBT;UF;4215000;45.0000;7;0;5;0;2;0;
EBT;UF;4215109;104.7500;5;2;2;0;0;1;
EBT;UF;4215802;405.8945;120;39;59;19;2;1;
EBT;UF;4216206;402.6875;44;10;13;15;4;2;
EBT;UF;4216255;1.0000;1;0;1;0;0;0;
EBT;UF;4216602;94.2148;22;6;9;6;1;0;
EBT;UF;4216701;52.1250;12;4;5;2;1;0;
EBT;UF;4217402;195.5000;8;2;3;1;0;2;
EBT;UF;4217709;620.0000;8;0;2;1;0;5;
EBT;UF;4217907;1.0000;1;0;1;0;0;0;
EBT;UF;4217956;0.5000;1;1;0;0;0;0;
EBT;UF;4218202;166.5000;26;3;17;5;0;1;
EBT;UF;4218608;2.0000;1;0;1;0;0;0;
EBT;UF;4218707;87.6836;25;3;15;6;1;0;
EBT;UF;4218806;14.0000;3;0;2;1;0;0;
EBT;UF;4219309;53.2500;27;12;11;3;1;0;
EBT;UF;4219507;38.8125;21;8;12;0;1;0;
EBT;UF;4219705;34.0000;1;0;0;0;1;0;
EBT;UF;4300406;78.8125;44;23;11;10;0;0;
EBT;UF;4300604;171.5000;38;12;14;9;3;0;
EBT;UF;4301008;21.0000;9;2;5;2;0;0;
EBT;UF;4301206;1.0000;1;0;1;0;0;0;
EBT;UF;4301552;1.2500;2;1;1;0;0;0;
EBT;UF;4301602;487.8750;48;11;15;16;4;2;
EBT;UF;4302105;39.7656;8;2;1;5;0;0;
EBT;UF;4302204;1.0000;1;0;1;0;0;0;
EBT;UF;4302352;6.5000;4;1;2;1;0;0;
EBT;UF;4302709;2.2500;3;1;2;0;0;0;
EBT;UF;4302808;1.0000;1;0;1;0;0;0;
EBT;UF;4302907;0.6250;2;2;0;0;0;0;
EBT;UF;4303004;26.1250;28;16;11;1;0;0;
EBT;UF;4303103;18.0000;4;0;1;3;0;0;
EBT;UF;4303509;320.2891;32;5;14;9;3;1;
EBT;UF;4303806;2.2500;3;1;2;0;0;0;
EBT;UF;4303905;1200.6875;90;20;37;21;5;7;
EBT;UF;4304408;45.2500;18;10;5;2;1;0;
EBT;UF;4304507;4.5000;4;1;3;0;0;0;
EBT;UF;4304606;1776.7363;212;45;84;62;12;9;
EBT;UF;4304630;10610.6250;14;5;2;4;1;2;
EBT;UF;4304663;35.0000;8;2;3;3;0;0;
EBT;UF;4304705;66.5625;35;15;14;6;0;0;
EBT;UF;4304804;101.6875;13;6;3;1;3;0;
EBT;UF;4304903;4.0000;7;4;3;0;0;0;
EBT;UF;4305108;2825.3633;526;87;241;168;24;6;
EBT;UF;4305173;1.0000;1;0;1;0;0;0;
EBT;UF;4305207;2.0000;2;0;2;0;0;0;
EBT;UF;4305439;1.0000;1;0;1;0;0;0;
EBT;UF;4305801;0.2500;1;1;0;0;0;0;
EBT;UF;4305850;20.7500;19;10;6;3;0;0;
EBT;UF;4305975;2.0000;1;0;1;0;0;0;
EBT;UF;4306056;1.0000;1;0;1;0;0;0;
EBT;UF;4306106;2.0000;1;0;1;0;0;0;
EBT;UF;4306205;2.5000;3;1;2;0;0;0;
EBT;UF;4306304;1.0000;1;0;1;0;0;0;
EBT;UF;4306403;1.0000;3;3;0;0;0;0;
EBT;UF;4306601;7.0000;2;0;1;1;0;0;
EBT;UF;4306767;1015.2500;46;4;15;17;5;5;
EBT;UF;4307005;10632.1016;69;3;38;21;6;1;
EBT;UF;4307203;114.0000;7;0;1;4;1;1;
EBT;UF;4307302;3.0625;9;8;1;0;0;0;
EBT;UF;4307559;118.5000;4;1;1;0;1;1;
EBT;UF;4307609;20.0000;4;0;2;2;0;0;
EBT;UF;4307708;162.3906;51;22;20;7;2;0;
EBT;UF;4307807;0.6250;3;3;0;0;0;0;
EBT;UF;4307906;969.9258;78;6;28;33;10;1;
EBT;UF;4308003;6.0000;3;0;3;0;0;0;
EBT;UF;4308102;3.0000;3;0;3;0;0;0;
EBT;UF;4308508;5.0000;8;4;4;0;0;0;
EBT;UF;4308607;252.8125;62;13;30;17;2;0;
EBT;UF;4308805;490.3125;88;10;38;35;5;0;
EBT;UF;4308904;17.5000;8;4;2;2;0;0;
EBT;UF;4309001;2.5625;5;3;2;0;0;0;
EBT;UF;4309050;10.1406;4;2;1;1;0;0;
EBT;UF;4309100;2.0000;1;0;1;0;0;0;
EBT;UF;4309209;612.0703;155;43;57;50;4;1;
EBT;UF;4309308;187.6875;35;16;10;5;4;0;
EBT;UF;4309407;5.0000;6;3;3;0;0;0;
EBT;UF;4309605;5.8750;11;7;4;0;0;0;
EBT;UF;4309803;1.0000;1;0;1;0;0;0;
EBT;UF;4310207;83.0625;18;3;9;5;1;0;
EBT;UF;4310330;2.1250;5;4;1;0;0;0;
EBT;UF;4310603;2.0000;1;0;1;0;0;0;
EBT;UF;4310801;15.5000;12;8;3;1;0;0;
EBT;UF;4311007;8.9375;8;4;3;1;0;0;
EBT;UF;4311403;18.5000;6;1;3;2;0;0;
EBT;UF;4311759;1123.0625;32;6;17;8;0;1;
EBT;UF;4311809;97.0625;16;8;4;2;2;0;
EBT;UF;4312401;71.1250;34;18;11;4;1;0;
EBT;UF;4312500;1.0000;1;0;1;0;0;0;
EBT;UF;4312609;10.0000;1;0;0;1;0;0;
EBT;UF;4312708;0.3750;6;6;0;0;0;0;
EBT;UF;4312906;6.2500;4;1;2;1;0;0;
EBT;UF;4313060;14.5000;4;1;2;1;0;0;
EBT;UF;4313102;4.0000;2;0;2;0;0;0;
EBT;UF;4313201;57.5625;12;5;1;5;1;0;
EBT;UF;4313300;22.8125;16;7;8;1;0;0;
EBT;UF;4313375;40.5469;5;0;4;0;1;0;
EBT;UF;4313409;1215.8164;181;35;76;61;8;1;
EBT;UF;4313508;150.3750;29;15;8;4;0;2;
EBT;UF;4313656;0.5000;1;1;0;0;0;0;
EBT;UF;4313706;13.5625;11;5;5;1;0;0;
EBT;UF;4313904;1290.9473;178;27;74;64;10;3;
EBT;UF;4314050;42.6875;26;14;10;2;0;0;
EBT;UF;4314100;3403.9063;173;49;66;40;12;6;
EBT;UF;4314308;0.2500;1;1;0;0;0;0;
EBT;UF;4314407;4087.7344;242;80;97;50;7;8;
EBT;UF;4314506;4.0000;1;0;0;1;0;0;
EBT;UF;4314803;1.0000;1;0;1;0;0;0;
EBT;UF;4314902;52773.7890;1328;137;433;520;137;101;
EBT;UF;4315206;35.0000;2;0;1;0;1;0;
EBT;UF;4315305;1.0000;1;0;1;0;0;0;
EBT;UF;4315503;0.5000;1;1;0;0;0;0;
EBT;UF;4315602;2287.0156;124;36;45;29;8;6;
EBT;UF;4315701;3.3750;6;4;2;0;0;0;
EBT;UF;4315800;6.7500;7;2;5;0;0;0;
EBT;UF;4316204;102.7813;36;12;19;4;1;0;
EBT;UF;4316402;169.2500;12;6;4;1;0;1;
EBT;UF;4316501;0.3750;3;3;0;0;0;0;
EBT;UF;4316709;1.0000;1;0;1;0;0;0;
EBT;UF;4316808;2975.4375;84;13;30;29;5;7;
EBT;UF;4316907;6.3750;6;3;3;0;0;0;
EBT;UF;4317004;8.0000;4;0;4;0;0;0;
EBT;UF;4317103;2.5625;4;3;1;0;0;0;
EBT;UF;4317202;15.0000;7;0;6;1;0;0;
EBT;UF;4317400;12.9375;12;7;4;1;0;0;
EBT;UF;4317509;487.5313;27;5;12;8;0;2;
EBT;UF;4317608;11.7656;7;4;2;1;0;0;
EBT;UF;4317905;1.5000;2;1;1;0;0;0;
EBT;UF;4318002;2.5000;2;1;1;0;0;0;
EBT;UF;4318051;2.0000;4;3;1;0;0;0;
EBT;UF;4318507;129.1250;13;8;2;1;1;1;
EBT;UF;4318705;1358.8398;110;29;36;36;5;4;
EBT;UF;4318804;102.4375;6;3;2;0;0;1;
EBT;UF;4319406;4.0000;6;3;3;0;0;0;
EBT;UF;4319505;24.0625;12;6;3;3;0;0;
EBT;UF;4319802;1.5000;3;2;1;0;0;0;
EBT;UF;4319901;98.5156;18;0;10;7;1;0;
EBT;UF;4320008;153.2188;48;17;18;12;1;0;
EBT;UF;4320206;0.2500;1;1;0;0;0;0;
EBT;UF;4320404;4.5625;5;2;3;0;0;0;
EBT;UF;4320701;1.0000;1;0;1;0;0;0;
EBT;UF;4320800;2.0000;2;0;2;0;0;0;
EBT;UF;4320909;1.0000;1;0;1;0;0;0;
EBT;UF;4321204;224.0000;21;9;9;1;0;2;
EBT;UF;4321303;6.0000;3;0;3;0;0;0;
EBT;UF;4321451;1452.4531;25;12;5;1;2;5;
EBT;UF;4321501;17.7656;21;16;4;1;0;0;
EBT;UF;4321600;57.7031;41;23;13;5;0;0;
EBT;UF;4321709;2.7500;4;2;2;0;0;0;
EBT;UF;4321808;1.0000;1;0;1;0;0;0;
EBT;UF;4322004;32.0000;1;0;0;0;1;0;
EBT;UF;4322400;10864.4063;42;9;13;13;3;4;
EBT;UF;4322509;332.8828;58;9;28;20;0;1;
EBT;UF;4322608;75.7500;21;6;8;7;0;0;
EBT;UF;4322806;1.0000;1;0;1;0;0;0;
EBT;UF;4323002;128.8750;33;16;10;3;4;0;
EBT;UF;4323408;1.7500;3;2;1;0;0;0;
EBT;UF;5000203;104.0000;16;0;5;10;1;0;
EBT;UF;5001003;3.0000;2;0;2;0;0;0;
EBT;UF;5001102;3.5000;3;1;2;0;0;0;
EBT;UF;5002209;4.0000;2;0;2;0;0;0;
EBT;UF;5002407;4.0000;2;0;2;0;0;0;
EBT;UF;5002704;19487.0469;633;115;248;201;38;31;
EBT;UF;5002902;0.5000;1;1;0;0;0;0;
EBT;UF;5002951;4.0000;2;0;2;0;0;0;
EBT;UF;5003207;121.0000;19;0;11;6;2;0;
EBT;UF;5003256;2.0000;1;0;1;0;0;0;
EBT;UF;5003306;101.0000;6;0;3;0;2;1;
EBT;UF;5003504;0.5000;1;1;0;0;0;0;
EBT;UF;5003702;1365.5625;76;11;32;24;4;5;
EBT;UF;5003751;1.0000;1;0;1;0;0;0;
EBT;UF;5003801;2.0000;1;0;1;0;0;0;
EBT;UF;5004106;4.0000;2;0;2;0;0;0;
EBT;UF;5004502;30.2500;10;3;5;2;0;0;
EBT;UF;5004700;1.0000;1;0;1;0;0;0;
EBT;UF;5005004;2.0000;1;0;1;0;0;0;
EBT;UF;5005103;1.0000;1;0;1;0;0;0;
EBT;UF;5005202;4.0000;2;0;2;0;0;0;
EBT;UF;5005400;458.5000;17;1;5;5;3;3;
EBT;UF;5005608;2.0000;1;0;1;0;0;0;
EBT;UF;5005681;2.0000;1;0;1;0;0;0;
EBT;UF;5005707;8.0000;4;0;4;0;0;0;
EBT;UF;5006002;8.0000;5;2;2;1;0;0;
EBT;UF;5006200;2.0000;1;0;1;0;0;0;
EBT;UF;5006309;10.0000;4;0;3;1;0;0;
EBT;UF;5006358;0.5000;1;1;0;0;0;0;
EBT;UF;5006606;13.0000;8;0;8;0;0;0;
EBT;UF;5006903;2.0000;1;0;1;0;0;0;
EBT;UF;5007109;43.5000;7;1;1;4;1;0;
EBT;UF;5007208;8.0000;4;0;3;1;0;0;
EBT;UF;5007695;2.5000;2;1;1;0;0;0;
EBT;UF;5007703;1.0000;1;0;1;0;0;0;
EBT;UF;5007901;147.5000;13;1;4;4;4;0;
EBT;UF;5008008;2.0000;1;0;1;0;0;0;
EBT;UF;5008305;1740.5000;74;1;32;30;8;3;
EBT;UF;5100201;9.0000;5;0;5;0;0;0;
EBT;UF;5100250;15.5000;9;1;8;0;0;0;
EBT;UF;5100300;0.5000;1;1;0;0;0;0;
EBT;UF;5100409;2.0000;1;0;1;0;0;0;
EBT;UF;5100805;1.0000;1;0;1;0;0;0;
EBT;UF;5101704;2.0000;1;0;1;0;0;0;
EBT;UF;5101803;20.5000;12;1;11;0;0;0;
EBT;UF;5102504;265.0000;70;12;45;10;3;0;
EBT;UF;5102678;3.0000;2;0;2;0;0;0;
EBT;UF;5103056;1.0000;1;0;1;0;0;0;
EBT;UF;5103205;2.0000;1;0;1;0;0;0;
EBT;UF;5103403;32725.3047;1048;147;550;196;94;61;
EBT;UF;5103502;13.0000;12;6;6;0;0;0;
EBT;UF;5104104;0.5000;1;1;0;0;0;0;
EBT;UF;5104609;2.0000;1;0;1;0;0;0;
EBT;UF;5104807;2.0000;1;0;1;0;0;0;
EBT;UF;5105002;103.7500;11;2;4;3;1;1;
EBT;UF;5105101;2.0000;1;0;1;0;0;0;
EBT;UF;5105150;8.0000;4;0;4;0;0;0;
EBT;UF;5105259;2250.7930;198;38;96;41;12;11;
EBT;UF;5105580;0.5000;1;1;0;0;0;0;
EBT;UF;5105622;52.5000;20;3;14;3;0;0;
EBT;UF;5105903;0.5000;1;1;0;0;0;0;
EBT;UF;5106224;698.1875;105;18;58;20;6;3;
EBT;UF;5106257;2.0000;1;0;1;0;0;0;
EBT;UF;5106307;0.5000;1;1;0;0;0;0;
EBT;UF;5106372;2.0000;1;0;1;0;0;0;
EBT;UF;5106505;2.0000;1;0;1;0;0;0;
EBT;UF;5106752;542.3750;67;21;31;4;7;4;
EBT;UF;5107040;8.5625;7;2;5;0;0;0;
EBT;UF;5107065;0.5000;1;1;0;0;0;0;
EBT;UF;5107180;0.5000;1;1;0;0;0;0;
EBT;UF;5107198;0.5625;2;2;0;0;0;0;
EBT;UF;5107263;2.2500;3;1;2;0;0;0;
EBT;UF;5107602;2205.1133;274;28;165;56;13;12;
EBT;UF;5107875;2.0000;1;0;1;0;0;0;
EBT;UF;5107909;10039.5156;257;24;164;46;7;16;
EBT;UF;5107925;1565.1953;185;24;103;44;4;10;
EBT;UF;5107958;26.1563;15;6;8;1;0;0;
EBT;UF;5108402;2524.6523;196;29;88;65;7;7;
EBT;UF;5108600;1.0000;1;0;1;0;0;0;
EBT;UF;5200050;2.0000;1;0;1;0;0;0;
EBT;UF;5200134;2.0000;1;0;1;0;0;0;
EBT;UF;5200175;36.0156;8;1;4;2;1;0;
EBT;UF;5200258;24.7656;19;5;13;1;0;0;
EBT;UF;5200308;12.0000;15;9;6;0;0;0;
EBT;UF;5200803;3.2500;3;1;2;0;0;0;
EBT;UF;5201108;14518.1250;280;31;96;121;13;19;
EBT;UF;5201306;2.0000;1;0;1;0;0;0;
EBT;UF;5201405;3412.5625;230;44;141;37;1;7;
EBT;UF;5201702;1.0000;1;0;1;0;0;0;
EBT;UF;5202502;1.0000;1;0;1;0;0;0;
EBT;UF;5202601;0.2500;1;1;0;0;0;0;
EBT;UF;5203203;1.0000;1;0;1;0;0;0;
EBT;UF;5203302;2.0000;1;0;1;0;0;0;
EBT;UF;5203906;4.0000;2;0;2;0;0;0;
EBT;UF;5204003;0.2500;1;1;0;0;0;0;
EBT;UF;5204102;0.5000;1;1;0;0;0;0;
EBT;UF;5204300;2.0000;1;0;1;0;0;0;
EBT;UF;5204508;33.0000;9;2;4;3;0;0;
EBT;UF;5204706;8.0000;7;3;4;0;0;0;
EBT;UF;5204904;2.0000;1;0;1;0;0;0;
EBT;UF;5205109;591.3750;48;6;22;10;6;4;
EBT;UF;5205307;1.0000;1;0;1;0;0;0;
EBT;UF;5205406;6.0625;4;1;3;0;0;0;
EBT;UF;5205455;0.2500;1;1;0;0;0;0;
EBT;UF;5205471;0.5000;1;1;0;0;0;0;
EBT;UF;5205497;7.0000;5;2;3;0;0;0;
EBT;UF;5205513;8165.0000;99;10;47;25;6;11;
EBT;UF;5205802;0.2500;1;1;0;0;0;0;
EBT;UF;5205901;2.5000;3;1;2;0;0;0;
EBT;UF;5206206;403.3125;23;4;6;7;3;3;
EBT;UF;5206800;0.2500;1;1;0;0;0;0;
EBT;UF;5207402;2.0000;1;0;1;0;0;0;
EBT;UF;5207501;1.0000;1;0;1;0;0;0;
EBT;UF;5207600;0.5000;1;1;0;0;0;0;
EBT;UF;5207808;0.2500;1;1;0;0;0;0;
EBT;UF;5208004;11.0000;6;0;6;0;0;0;
EBT;UF;5208103;0.2500;1;1;0;0;0;0;
EBT;UF;5208608;3.0625;3;1;2;0;0;0;
EBT;UF;5208707;60803.2500;1015;131;572;174;45;93;
EBT;UF;5208806;9.0000;4;0;3;1;0;0;
EBT;UF;5208905;2.0000;1;0;1;0;0;0;
EBT;UF;5209101;11.0000;10;5;5;0;0;0;
EBT;UF;5209200;2.0000;1;0;1;0;0;0;
EBT;UF;5209705;2.0000;1;0;1;0;0;0;
EBT;UF;5209804;0.2500;1;1;0;0;0;0;
EBT;UF;5209937;2.0000;1;0;1;0;0;0;
EBT;UF;5210000;11.5000;7;1;6;0;0;0;
EBT;UF;5210208;6.0000;3;0;3;0;0;0;
EBT;UF;5210802;0.2500;1;1;0;0;0;0;
EBT;UF;5210901;1.0000;1;0;1;0;0;0;
EBT;UF;5211206;0.5000;1;1;0;0;0;0;
EBT;UF;5211503;144.0000;43;3;32;6;2;0;
EBT;UF;5211800;6.0000;5;2;3;0;0;0;
EBT;UF;5211909;132.0000;18;2;14;1;0;1;
EBT;UF;5212105;0.2500;1;1;0;0;0;0;
EBT;UF;5212204;2.0000;1;0;1;0;0;0;
EBT;UF;5212303;0.2500;1;1;0;0;0;0;
EBT;UF;5212501;121.3906;59;17;33;9;0;0;
EBT;UF;5213004;2.2500;2;1;1;0;0;0;
EBT;UF;5213103;3.2500;4;3;1;0;0;0;
EBT;UF;5213756;1.2500;2;1;1;0;0;0;
EBT;UF;5213806;511.9375;19;7;8;0;1;3;
EBT;UF;5213905;0.2500;1;1;0;0;0;0;
EBT;UF;5214002;0.2500;1;1;0;0;0;0;
EBT;UF;5214408;1.0000;1;0;1;0;0;0;
EBT;UF;5214507;2.0000;1;0;1;0;0;0;
EBT;UF;5214606;2.0000;1;0;1;0;0;0;
EBT;UF;5214838;3.5000;3;1;2;0;0;0;
EBT;UF;5215231;24.0625;15;7;7;1;0;0;
EBT;UF;5215306;1.2500;2;1;1;0;0;0;
EBT;UF;5215504;0.2500;1;1;0;0;0;0;
EBT;UF;5215603;1.4648;1;0;1;0;0;0;
EBT;UF;5215702;2.0000;1;0;1;0;0;0;
EBT;UF;5216304;0.2500;1;1;0;0;0;0;
EBT;UF;5216403;1.0000;2;2;0;0;0;0;
EBT;UF;5216809;1.0000;1;0;1;0;0;0;
EBT;UF;5217104;2.0000;1;0;1;0;0;0;
EBT;UF;5217203;0.2500;1;1;0;0;0;0;
EBT;UF;5217302;2.0000;1;0;1;0;0;0;
EBT;UF;5217401;37.0000;3;0;2;0;1;0;
EBT;UF;5217609;7.5000;5;1;4;0;0;0;
EBT;UF;5218003;113.5000;10;1;3;3;2;1;
EBT;UF;5218508;2.0000;1;0;1;0;0;0;
EBT;UF;5218789;0.2500;1;1;0;0;0;0;
EBT;UF;5218805;1213.2500;14;3;7;2;0;2;
EBT;UF;5218904;2.0000;1;0;1;0;0;0;
EBT;UF;5219001;0.7500;2;2;0;0;0;0;
EBT;UF;5219258;4.0000;2;0;2;0;0;0;
EBT;UF;5219753;10.0000;6;0;6;0;0;0;
EBT;UF;5219803;0.2500;1;1;0;0;0;0;
EBT;UF;5220009;0.5000;1;1;0;0;0;0;
EBT;UF;5220405;2.0000;1;0;1;0;0;0;
EBT;UF;5220454;44.0000;20;2;17;1;0;0;
EBT;UF;5220603;2.0000;1;0;1;0;0;0;
EBT;UF;5221403;268.3125;22;6;10;3;1;2;
EBT;UF;5221601;171.0625;15;8;4;2;0;1;
EBT;UF;5221700;0.2500;1;1;0;0;0;0;
EBT;UF;5221809;4.2500;3;1;2;0;0;0;
EBT;UF;5221858;91.9219;42;14;21;6;1;0;
EBT;UF;5222005;2.0000;1;0;1;0;0;0;
EBT;UF;5300108;557859.871;4394;619;1759;1203;311;502;
TLB;UF;3106200;0.2500;1;1;0;0;0;0;
TLB;UF;3304557;1.0000;1;0;1;0;0;0;
TLB;UF;4205407;34.0000;1;0;0;0;1;0;
09;1313;
