01;CLA;IPL4;201512;
EBT;UF;1302603;101.7500;32;2;21;9;0;0;
EBT;UF;1500800;1.2500;2;1;1;0;0;0;
EBT;UF;1501402;5.9297;4;0;4;0;0;0;
EBT;UF;2111300;138.6523;39;23;13;1;0;2;
EBT;UF;2211001;411.5195;24;10;6;0;0;8;
EBT;UF;2304400;13.8906;9;2;7;0;0;0;
EBT;UF;2403251;13.7813;5;2;2;1;0;0;
EBT;UF;2408102;280.3242;39;11;19;5;0;4;
EBT;UF;2507507;106.9805;26;5;17;3;0;1;
EBT;UF;2607901;6.5000;4;1;3;0;0;0;
EBT;UF;2609600;1.0000;1;0;1;0;0;0;
EBT;UF;2610707;3.0000;2;0;2;0;0;0;
EBT;UF;2611606;246.6250;28;2;21;1;0;4;
EBT;UF;2704302;44.5898;18;6;9;3;0;0;
EBT;UF;2919207;7.3906;5;1;4;0;0;0;
EBT;UF;2927408;209.8984;25;17;4;0;0;4;
EBT;UF;3101607;2.0000;1;0;1;0;0;0;
EBT;UF;3103751;0.2500;1;1;0;0;0;0;
EBT;UF;3105608;2.0000;1;0;1;0;0;0;
EBT;UF;3106200;1073.8749;370;63;289;5;0;13;
EBT;UF;3106705;0.5000;1;1;0;0;0;0;
EBT;UF;3107406;2.0000;1;0;1;0;0;0;
EBT;UF;3109303;2.0000;1;0;1;0;0;0;
EBT;UF;3110004;2.0000;1;0;1;0;0;0;
EBT;UF;3113404;0.5000;1;1;0;0;0;0;
EBT;UF;3118304;2.0000;1;0;1;0;0;0;
EBT;UF;3118601;1.2500;2;1;1;0;0;0;
EBT;UF;3118908;0.2500;1;1;0;0;0;0;
EBT;UF;3119104;1.0000;1;0;1;0;0;0;
EBT;UF;3119302;1.0000;1;0;1;0;0;0;
EBT;UF;3119401;0.5000;1;1;0;0;0;0;
EBT;UF;3122306;0.5000;1;1;0;0;0;0;
EBT;UF;3123700;2.0000;1;0;1;0;0;0;
EBT;UF;3124104;2.0000;1;0;1;0;0;0;
EBT;UF;3125101;0.5000;1;1;0;0;0;0;
EBT;UF;3127701;1.9648;2;1;1;0;0;0;
EBT;UF;3131307;0.5000;1;1;0;0;0;0;
EBT;UF;3131703;4.9297;3;0;3;0;0;0;
EBT;UF;3132404;0.2500;1;1;0;0;0;0;
EBT;UF;3132701;2.0000;1;0;1;0;0;0;
EBT;UF;3135100;3.5000;3;1;2;0;0;0;
EBT;UF;3135803;2.0000;1;0;1;0;0;0;
EBT;UF;3136207;0.5000;1;1;0;0;0;0;
EBT;UF;3136702;1.0000;1;0;1;0;0;0;
EBT;UF;3138203;0.2500;1;1;0;0;0;0;
EBT;UF;3139409;9.5000;5;1;3;1;0;0;
EBT;UF;3139508;1.0000;1;0;1;0;0;0;
EBT;UF;3144300;0.5000;1;1;0;0;0;0;
EBT;UF;3144409;1.0000;1;0;1;0;0;0;
EBT;UF;3144805;55.3203;5;1;3;0;0;1;
EBT;UF;3147907;2.0000;1;0;1;0;0;0;
EBT;UF;3151800;4.0000;2;0;2;0;0;0;
EBT;UF;3152105;12.0000;2;0;1;1;0;0;
EBT;UF;3154606;0.5000;1;1;0;0;0;0;
EBT;UF;3156700;1.4648;1;0;1;0;0;0;
EBT;UF;3156908;1.0000;1;0;1;0;0;0;
EBT;UF;3157807;1.0000;1;0;1;0;0;0;
EBT;UF;3158201;1.0000;1;0;1;0;0;0;
EBT;UF;3158953;2.0000;1;0;1;0;0;0;
EBT;UF;3160702;4.0000;2;0;2;0;0;0;
EBT;UF;3162500;2.5000;2;1;1;0;0;0;
EBT;UF;3167202;10.0000;5;0;5;0;0;0;
EBT;UF;3168101;4.0000;2;0;2;0;0;0;
EBT;UF;3168705;6.0000;3;0;3;0;0;0;
EBT;UF;3169307;0.5000;1;1;0;0;0;0;
EBT;UF;3169802;1.0000;1;0;1;0;0;0;
EBT;UF;3170107;1.0000;1;0;1;0;0;0;
EBT;UF;3170206;2.7500;3;2;1;0;0;0;
EBT;UF;3170701;2.0000;1;0;1;0;0;0;
EBT;UF;3201308;4.0000;2;0;2;0;0;0;
EBT;UF;3202454;0.2500;1;1;0;0;0;0;
EBT;UF;3205002;15.0000;6;3;2;1;0;0;
EBT;UF;3205200;131.8906;33;6;22;3;1;1;
EBT;UF;3205309;388.5313;87;8;52;22;3;2;
EBT;UF;3300100;4.0000;2;0;2;0;0;0;
EBT;UF;3300308;0.3125;2;2;0;0;0;0;
EBT;UF;3300407;2.5000;2;1;1;0;0;0;
EBT;UF;3300456;7.0898;7;3;4;0;0;0;
EBT;UF;3301702;75.5664;15;2;10;2;0;1;
EBT;UF;3301900;2.0000;1;0;1;0;0;0;
EBT;UF;3302858;57.3125;15;11;3;0;0;1;
EBT;UF;3303203;9.2158;11;7;4;0;0;0;
EBT;UF;3303500;25.8486;20;5;15;0;0;0;
EBT;UF;3303708;1.0000;1;0;1;0;0;0;
EBT;UF;3304201;2.0000;2;0;2;0;0;0;
EBT;UF;3304557;1828.9999;729;110;422;190;0;7;
EBT;UF;3305109;3.0000;2;0;2;0;0;0;
EBT;UF;3305802;0.2500;1;1;0;0;0;0;
EBT;UF;3306206;0.2500;1;1;0;0;0;0;
EBT;UF;3306305;2.0000;1;0;1;0;0;0;
EBT;UF;3501608;401.7969;37;16;16;2;0;3;
EBT;UF;3501905;2.0000;1;0;1;0;0;0;
EBT;UF;3502507;9.7148;11;5;6;0;0;0;
EBT;UF;3502804;46.9609;25;4;19;2;0;0;
EBT;UF;3503208;44.3867;38;18;19;1;0;0;
EBT;UF;3503307;13.2422;15;7;8;0;0;0;
EBT;UF;3504107;39.8906;28;11;16;1;0;0;
EBT;UF;3505708;503.2578;119;56;58;1;0;4;
EBT;UF;3506003;277.1953;70;18;48;0;0;4;
EBT;UF;3506607;4.0000;2;0;2;0;0;0;
EBT;UF;3507605;33.1172;24;11;12;1;0;0;
EBT;UF;3508504;8.1680;9;3;6;0;0;0;
EBT;UF;3508603;10.0000;1;0;0;1;0;0;
EBT;UF;3509007;2.5000;2;1;1;0;0;0;
EBT;UF;3509205;10.2500;9;4;5;0;0;0;
EBT;UF;3509502;210.5312;139;39;98;1;0;1;
EBT;UF;3510401;4.7148;7;4;3;0;0;0;
EBT;UF;3510500;2.0000;1;0;1;0;0;0;
EBT;UF;3510609;33.7461;24;8;15;1;0;0;
EBT;UF;3513009;59.3125;41;8;33;0;0;0;
EBT;UF;3513405;17.6445;14;4;10;0;0;0;
EBT;UF;3513504;3.5625;4;2;2;0;0;0;
EBT;UF;3513801;32.5703;27;4;23;0;0;0;
EBT;UF;3514908;3.7148;3;1;2;0;0;0;
EBT;UF;3515004;26.7813;19;5;14;0;0;0;
EBT;UF;3515103;2.0000;1;0;1;0;0;0;
EBT;UF;3515707;5.0000;3;0;3;0;0;0;
EBT;UF;3516309;2.5000;2;1;1;0;0;0;
EBT;UF;3516408;2.2500;2;1;1;0;0;0;
EBT;UF;3518305;6.0000;3;0;3;0;0;0;
EBT;UF;3518404;14.4297;18;10;8;0;0;0;
EBT;UF;3518701;19.5088;27;16;11;0;0;0;
EBT;UF;3518800;124.2305;59;26;32;0;0;1;
EBT;UF;3520509;21.9297;10;0;9;1;0;0;
EBT;UF;3522208;15.6797;14;5;9;0;0;0;
EBT;UF;3522307;47.3125;28;11;15;2;0;0;
EBT;UF;3522505;31.5234;21;3;18;0;0;0;
EBT;UF;3524402;13.0820;12;4;8;0;0;0;
EBT;UF;3525003;3.6250;6;5;1;0;0;0;
EBT;UF;3525300;89.0312;20;6;11;2;0;1;
EBT;UF;3525904;35.1914;36;17;19;0;0;0;
EBT;UF;3526704;2.0000;1;0;1;0;0;0;
EBT;UF;3526902;173.2422;25;7;15;0;0;3;
EBT;UF;3527207;15.2070;13;3;10;0;0;0;
EBT;UF;3528502;4.5000;4;1;3;0;0;0;
EBT;UF;3529005;10.0000;1;0;0;1;0;0;
EBT;UF;3529401;20.6797;25;9;16;0;0;0;
EBT;UF;3530607;33.4492;28;8;20;0;0;0;
EBT;UF;3530706;26.8164;21;3;18;0;0;0;
EBT;UF;3530805;11.4648;11;4;7;0;0;0;
EBT;UF;3531803;8.6797;7;2;5;0;0;0;
EBT;UF;3533403;0.5000;1;1;0;0;0;0;
EBT;UF;3534401;113.0781;99;39;58;2;0;0;
EBT;UF;3538006;36.4609;16;3;11;2;0;0;
EBT;UF;3538709;56.7656;30;10;17;3;0;0;
EBT;UF;3539806;0.5000;2;2;0;0;0;0;
EBT;UF;3540606;4.5000;5;1;4;0;0;0;
EBT;UF;3540754;1.0000;1;0;1;0;0;0;
EBT;UF;3541000;9.5547;15;10;5;0;0;0;
EBT;UF;3541505;1.4648;1;0;1;0;0;0;
EBT;UF;3542107;2.0000;1;0;1;0;0;0;
EBT;UF;3543303;5.0000;3;0;3;0;0;0;
EBT;UF;3543402;682.3183;128;33;84;0;0;11;
EBT;UF;3543907;16.4219;15;5;10;0;0;0;
EBT;UF;3545001;8.0000;4;0;4;0;0;0;
EBT;UF;3545209;6.7109;8;3;5;0;0;0;
EBT;UF;3545803;18.3906;19;8;11;0;0;0;
EBT;UF;3546009;0.5000;1;1;0;0;0;0;
EBT;UF;3546801;2.5000;3;1;2;0;0;0;
EBT;UF;3547304;18.5625;13;4;9;0;0;0;
EBT;UF;3547502;1.0000;1;0;1;0;0;0;
EBT;UF;3547809;60.1758;60;26;34;0;0;0;
EBT;UF;3548500;208.7422;72;32;37;0;0;3;
EBT;UF;3548609;1.0000;1;0;1;0;0;0;
EBT;UF;3548708;180.8477;87;40;45;0;0;2;
EBT;UF;3548807;37.2461;41;15;26;0;0;0;
EBT;UF;3548906;208.6523;51;17;30;1;0;3;
EBT;UF;3549805;113.1406;70;13;54;3;0;0;
EBT;UF;3549904;84.4297;79;29;50;0;0;0;
EBT;UF;3550308;3069.6394;1605;519;1055;6;1;24;
EBT;UF;3551009;14.2422;20;11;9;0;0;0;
EBT;UF;3551702;107.7383;11;3;6;0;0;2;
EBT;UF;3552205;64.5684;44;10;33;1;0;0;
EBT;UF;3552403;13.1797;10;3;7;0;0;0;
EBT;UF;3552502;2.5000;3;2;1;0;0;0;
EBT;UF;3552809;35.1445;28;9;19;0;0;0;
EBT;UF;3554102;547.6758;17;3;11;2;0;1;
EBT;UF;3554508;4.0000;2;0;2;0;0;0;
EBT;UF;3556206;8.8594;7;0;7;0;0;0;
EBT;UF;3556453;3.4297;3;1;2;0;0;0;
EBT;UF;4101804;1.4648;1;0;1;0;0;0;
EBT;UF;4106902;343.7617;259;138;115;4;0;2;
EBT;UF;4113700;164.5312;53;10;41;0;0;2;
EBT;UF;4115200;242.8867;45;15;26;0;0;4;
EBT;UF;4119905;35.7109;30;9;21;0;0;0;
EBT;UF;4202404;79.0625;69;17;51;1;0;0;
EBT;UF;4205407;99.2353;67;38;28;0;0;1;
EBT;UF;4216602;3.4648;2;0;2;0;0;0;
EBT;UF;4304606;1.0000;1;0;1;0;0;0;
EBT;UF;4305108;285.8125;42;18;19;0;0;5;
EBT;UF;4314100;21.8594;23;11;12;0;0;0;
EBT;UF;4314407;24.3594;24;13;11;0;0;0;
EBT;UF;4314902;914.2773;241;119;115;2;1;4;
EBT;UF;4316907;22.5742;21;9;12;0;0;0;
EBT;UF;4322400;9.4648;9;4;5;0;0;0;
EBT;UF;5002704;112.2773;36;9;19;8;0;0;
EBT;UF;5103403;153.4375;64;25;34;4;0;1;
EBT;UF;5108402;37.7500;23;12;9;2;0;0;
EBT;UF;5208707;413.8555;49;7;27;9;1;5;
EBT;UF;5300108;337.4961;138;60;62;12;2;2;
09;200;
