01;CLA;IPL4;201608;
EBT;UF;1302603;617.7500;70;5;43;17;1;4;
EBT;UF;1500800;4.9609;5;1;4;0;0;0;
EBT;UF;1501402;451.2539;21;1;13;3;0;4;
EBT;UF;1504703;2.0000;1;0;1;0;0;0;
EBT;UF;2111300;277.0478;50;24;20;3;0;3;
EBT;UF;2211001;722.7656;37;10;14;2;0;11;
EBT;UF;2304400;665.2500;35;3;21;6;0;5;
EBT;UF;2403251;15.7813;6;2;3;1;0;0;
EBT;UF;2408102;424.8242;51;14;24;8;0;5;
EBT;UF;2507507;722.9805;38;5;22;5;0;6;
EBT;UF;2604106;120.0000;1;0;0;0;0;1;
EBT;UF;2607901;9.0000;7;3;4;0;0;0;
EBT;UF;2609600;1.5000;3;2;1;0;0;0;
EBT;UF;2610707;3.2500;3;1;2;0;0;0;
EBT;UF;2611606;1016.0898;61;10;35;6;0;10;
EBT;UF;2704302;57.4844;32;13;16;3;0;0;
EBT;UF;2800308;267.4297;12;2;4;4;0;2;
EBT;UF;2908200;2.0000;1;0;1;0;0;0;
EBT;UF;2919207;9.0000;5;0;5;0;0;0;
EBT;UF;2927408;285.7930;37;20;12;0;0;5;
EBT;UF;3101607;2.0000;1;0;1;0;0;0;
EBT;UF;3103751;0.2500;1;1;0;0;0;0;
EBT;UF;3106200;3095.9296;470;67;334;41;0;28;
EBT;UF;3106705;360.0000;3;0;0;0;0;3;
EBT;UF;3107406;2.0000;1;0;1;0;0;0;
EBT;UF;3109303;2.0000;1;0;1;0;0;0;
EBT;UF;3110004;2.0000;1;0;1;0;0;0;
EBT;UF;3113404;0.5000;1;1;0;0;0;0;
EBT;UF;3118304;2.0000;1;0;1;0;0;0;
EBT;UF;3118601;5.0313;3;1;1;1;0;0;
EBT;UF;3118908;0.2500;1;1;0;0;0;0;
EBT;UF;3119104;2.0000;1;0;1;0;0;0;
EBT;UF;3119302;1.0000;1;0;1;0;0;0;
EBT;UF;3119401;0.5000;1;1;0;0;0;0;
EBT;UF;3122306;0.5000;1;1;0;0;0;0;
EBT;UF;3123700;2.0000;1;0;1;0;0;0;
EBT;UF;3124104;2.0000;1;0;1;0;0;0;
EBT;UF;3125101;0.5000;1;1;0;0;0;0;
EBT;UF;3127701;121.9648;3;1;1;0;0;1;
EBT;UF;3131307;120.5000;2;1;0;0;0;1;
EBT;UF;3131703;4.9297;3;0;3;0;0;0;
EBT;UF;3132404;1.0000;1;0;1;0;0;0;
EBT;UF;3135100;2.0000;2;0;2;0;0;0;
EBT;UF;3135803;2.0000;1;0;1;0;0;0;
EBT;UF;3136207;0.5000;1;1;0;0;0;0;
EBT;UF;3136702;9.5391;5;0;4;1;0;0;
EBT;UF;3138203;0.2500;1;1;0;0;0;0;
EBT;UF;3139409;9.5000;5;1;3;1;0;0;
EBT;UF;3144409;2.0000;1;0;1;0;0;0;
EBT;UF;3144805;55.3203;5;1;3;0;0;1;
EBT;UF;3145901;2.0000;1;0;1;0;0;0;
EBT;UF;3147907;2.0000;1;0;1;0;0;0;
EBT;UF;3151800;4.0000;2;0;2;0;0;0;
EBT;UF;3152105;2.0000;1;0;1;0;0;0;
EBT;UF;3154606;0.5000;1;1;0;0;0;0;
EBT;UF;3156700;1.7148;2;1;1;0;0;0;
EBT;UF;3156908;1.0000;1;0;1;0;0;0;
EBT;UF;3157807;1.0000;1;0;1;0;0;0;
EBT;UF;3158201;1.0000;1;0;1;0;0;0;
EBT;UF;3158953;2.0000;1;0;1;0;0;0;
EBT;UF;3160702;4.0000;2;0;2;0;0;0;
EBT;UF;3162500;2.5000;2;1;1;0;0;0;
EBT;UF;3167202;8.0000;4;0;4;0;0;0;
EBT;UF;3168101;4.0000;2;0;2;0;0;0;
EBT;UF;3168705;6.0000;3;0;3;0;0;0;
EBT;UF;3169307;0.5000;1;1;0;0;0;0;
EBT;UF;3169802;1.0000;1;0;1;0;0;0;
EBT;UF;3170107;132.0000;5;0;2;2;0;1;
EBT;UF;3170206;19.6250;13;5;7;1;0;0;
EBT;UF;3170701;2.0000;1;0;1;0;0;0;
EBT;UF;3201308;6.5000;5;2;3;0;0;0;
EBT;UF;3205002;14.2500;10;8;1;1;0;0;
EBT;UF;3205200;253.6406;40;12;22;3;1;2;
EBT;UF;3205309;900.2813;108;14;59;26;3;6;
EBT;UF;3300100;4.0000;2;0;2;0;0;0;
EBT;UF;3300308;0.3125;2;2;0;0;0;0;
EBT;UF;3300407;2.7500;3;2;1;0;0;0;
EBT;UF;3300456;7.0898;7;3;4;0;0;0;
EBT;UF;3301009;0.2500;1;1;0;0;0;0;
EBT;UF;3301702;26.4961;15;2;11;2;0;0;
EBT;UF;3301900;2.0000;1;0;1;0;0;0;
EBT;UF;3302403;2.9297;2;0;2;0;0;0;
EBT;UF;3302858;57.2500;14;10;3;0;0;1;
EBT;UF;3303203;10.2158;12;7;5;0;0;0;
EBT;UF;3303500;25.8486;20;5;15;0;0;0;
EBT;UF;3303708;1.0000;1;0;1;0;0;0;
EBT;UF;3304201;4.0000;3;0;3;0;0;0;
EBT;UF;3304557;4736.6015;848;126;455;238;0;29;
EBT;UF;3305109;3.0000;2;0;2;0;0;0;
EBT;UF;3305802;0.2500;1;1;0;0;0;0;
EBT;UF;3306206;0.2500;1;1;0;0;0;0;
EBT;UF;3306305;122.0000;2;0;1;0;0;1;
EBT;UF;3500501;1.0000;1;0;1;0;0;0;
EBT;UF;3501608;147.5117;38;17;17;2;0;2;
EBT;UF;3501905;2.0000;1;0;1;0;0;0;
EBT;UF;3502507;11.1797;12;5;7;0;0;0;
EBT;UF;3502804;72.7500;33;4;24;5;0;0;
EBT;UF;3503208;108.8516;44;20;22;1;0;1;
EBT;UF;3503307;10.2422;13;7;6;0;0;0;
EBT;UF;3504107;39.3906;27;10;16;1;0;0;
EBT;UF;3505708;534.3516;119;52;57;5;1;4;
EBT;UF;3506003;281.0625;72;17;51;0;0;4;
EBT;UF;3506607;4.0000;2;0;2;0;0;0;
EBT;UF;3507506;60.0000;1;0;0;0;0;1;
EBT;UF;3507605;47.4844;26;9;15;2;0;0;
EBT;UF;3508504;7.9180;8;2;6;0;0;0;
EBT;UF;3508603;10.0000;1;0;0;1;0;0;
EBT;UF;3509007;2.5000;2;1;1;0;0;0;
EBT;UF;3509205;10.2500;9;4;5;0;0;0;
EBT;UF;3509502;501.0273;162;38;116;5;0;3;
EBT;UF;3510005;2.0000;1;0;1;0;0;0;
EBT;UF;3510401;4.7148;7;4;3;0;0;0;
EBT;UF;3510500;2.0000;1;0;1;0;0;0;
EBT;UF;3510609;34.3984;22;5;16;1;0;0;
EBT;UF;3513009;65.3125;43;8;34;1;0;0;
EBT;UF;3513405;17.3945;13;3;10;0;0;0;
EBT;UF;3513504;7.0273;6;2;4;0;0;0;
EBT;UF;3513801;39.4648;32;5;27;0;0;0;
EBT;UF;3514908;3.7148;3;1;2;0;0;0;
EBT;UF;3515004;24.7813;18;5;13;0;0;0;
EBT;UF;3515103;2.0000;1;0;1;0;0;0;
EBT;UF;3515707;5.0000;3;0;3;0;0;0;
EBT;UF;3516200;180.0000;2;0;0;0;0;2;
EBT;UF;3516309;2.5000;2;1;1;0;0;0;
EBT;UF;3516408;2.2500;2;1;1;0;0;0;
EBT;UF;3518305;6.0000;3;0;3;0;0;0;
EBT;UF;3518404;16.7344;17;7;10;0;0;0;
EBT;UF;3518701;25.5635;30;15;15;0;0;0;
EBT;UF;3518800;143.4922;64;23;37;3;0;1;
EBT;UF;3519071;1.0000;1;0;1;0;0;0;
EBT;UF;3520509;88.3945;13;0;10;2;0;1;
EBT;UF;3522208;17.1797;13;3;10;0;0;0;
EBT;UF;3522307;104.0273;26;9;14;2;0;1;
EBT;UF;3522505;32.5234;22;3;19;0;0;0;
EBT;UF;3524402;10.9570;10;3;7;0;0;0;
EBT;UF;3525003;2.1250;5;4;1;0;0;0;
EBT;UF;3525300;90.9961;22;7;12;2;0;1;
EBT;UF;3525904;113.0859;43;18;22;2;0;1;
EBT;UF;3526704;2.0000;1;0;1;0;0;0;
EBT;UF;3526902;234.1914;26;5;17;0;0;4;
EBT;UF;3527207;15.2070;13;3;10;0;0;0;
EBT;UF;3527306;2.0000;1;0;1;0;0;0;
EBT;UF;3528502;4.5000;4;1;3;0;0;0;
EBT;UF;3529005;20.0000;2;0;0;2;0;0;
EBT;UF;3529401;20.3047;23;7;16;0;0;0;
EBT;UF;3530607;39.8164;33;8;25;0;0;0;
EBT;UF;3530706;23.6016;19;3;16;0;0;0;
EBT;UF;3530805;15.1445;12;3;9;0;0;0;
EBT;UF;3531100;0.5000;1;1;0;0;0;0;
EBT;UF;3531803;8.6797;7;2;5;0;0;0;
EBT;UF;3533403;1.0000;1;0;1;0;0;0;
EBT;UF;3534401;119.9375;101;36;63;2;0;0;
EBT;UF;3536505;2.9297;2;0;2;0;0;0;
EBT;UF;3538006;35.2109;15;2;11;2;0;0;
EBT;UF;3538709;130.0508;36;12;19;4;0;1;
EBT;UF;3539806;0.2500;1;1;0;0;0;0;
EBT;UF;3540606;4.5000;5;1;4;0;0;0;
EBT;UF;3540754;1.0000;1;0;1;0;0;0;
EBT;UF;3541000;22.0547;22;11;10;1;0;0;
EBT;UF;3541406;1.0000;1;0;1;0;0;0;
EBT;UF;3542107;2.0000;1;0;1;0;0;0;
EBT;UF;3542404;6.0000;3;0;3;0;0;0;
EBT;UF;3543303;5.0000;3;0;3;0;0;0;
EBT;UF;3543402;896.3066;137;34;88;3;0;12;
EBT;UF;3543907;126.8125;18;6;10;0;0;2;
EBT;UF;3544103;0.5000;1;1;0;0;0;0;
EBT;UF;3545001;8.0000;4;0;4;0;0;0;
EBT;UF;3545209;10.4609;9;2;7;0;0;0;
EBT;UF;3545803;16.9258;18;8;10;0;0;0;
EBT;UF;3546009;4.5000;3;1;2;0;0;0;
EBT;UF;3546801;2.5000;3;1;2;0;0;0;
EBT;UF;3547304;24.3398;14;3;10;1;0;0;
EBT;UF;3547502;1.0000;1;0;1;0;0;0;
EBT;UF;3547809;74.8008;61;24;35;2;0;0;
EBT;UF;3548500;244.3437;84;33;43;5;0;3;
EBT;UF;3548609;1.0000;1;0;1;0;0;0;
EBT;UF;3548708;194.8672;92;39;49;2;0;2;
EBT;UF;3548807;35.5664;39;16;22;1;0;0;
EBT;UF;3548906;230.1211;61;16;39;3;0;3;
EBT;UF;3549805;162.0703;77;13;58;5;1;0;
EBT;UF;3549904;113.5625;87;27;56;4;0;0;
EBT;UF;3550308;3520.5183;1584;485;1011;62;1;25;
EBT;UF;3551009;13.2422;17;8;9;0;0;0;
EBT;UF;3551603;2.0000;1;0;1;0;0;0;
EBT;UF;3551702;108.9570;14;6;6;0;0;2;
EBT;UF;3552205;149.0801;50;9;34;6;0;1;
EBT;UF;3552403;9.1797;8;3;5;0;0;0;
EBT;UF;3552502;5.7500;5;2;3;0;0;0;
EBT;UF;3552809;32.3594;26;8;18;0;0;0;
EBT;UF;3554102;568.1758;22;2;12;7;0;1;
EBT;UF;3554508;5.0000;3;0;3;0;0;0;
EBT;UF;3556206;8.8594;7;0;7;0;0;0;
EBT;UF;3556453;3.4297;3;1;2;0;0;0;
EBT;UF;3556701;2.0000;3;2;1;0;0;0;
EBT;UF;3557006;1.0000;1;0;1;0;0;0;
EBT;UF;4101804;1.4648;1;0;1;0;0;0;
EBT;UF;4104808;250.0000;3;0;0;1;0;2;
EBT;UF;4106902;1266.9570;262;123;122;8;0;9;
EBT;UF;4113700;667.5703;65;11;45;3;0;6;
EBT;UF;4115200;322.1250;49;14;30;1;0;4;
EBT;UF;4119905;159.5586;34;10;23;0;0;1;
EBT;UF;4125506;1.9648;2;1;1;0;0;0;
EBT;UF;4128609;0.1250;2;2;0;0;0;0;
EBT;UF;4202404;321.6094;71;15;53;1;0;2;
EBT;UF;4204608;120.0000;1;0;0;0;0;1;
EBT;UF;4205407;477.8848;77;39;32;2;0;4;
EBT;UF;4208203;120.0000;1;0;0;0;0;1;
EBT;UF;4209102;120.0000;1;0;0;0;0;1;
EBT;UF;4211900;1.4648;1;0;1;0;0;0;
EBT;UF;4216602;126.3945;5;0;4;0;0;1;
EBT;UF;4304606;11.4297;8;1;6;1;0;0;
EBT;UF;4305108;659.9883;53;18;26;1;0;8;
EBT;UF;4306106;120.0000;1;0;0;0;0;1;
EBT;UF;4307906;120.0000;1;0;0;0;0;1;
EBT;UF;4309209;121.0000;2;0;1;0;0;1;
EBT;UF;4313409;370.0000;4;0;0;1;0;3;
EBT;UF;4314100;268.2539;29;11;16;0;0;2;
EBT;UF;4314407;282.7539;34;13;17;2;0;2;
EBT;UF;4314902;2292.2265;283;124;129;14;2;14;
EBT;UF;4316907;383.5742;25;9;13;0;0;3;
EBT;UF;4322400;9.4648;9;4;5;0;0;0;
EBT;UF;5002704;492.6523;47;12;22;10;0;3;
EBT;UF;5103403;744.2500;105;31;54;12;2;6;
EBT;UF;5108402;39.9648;26;14;10;2;0;0;
EBT;UF;5208707;6959.9805;75;12;35;11;3;14;
EBT;UF;5218805;4.0000;1;0;0;1;0;0;
EBT;UF;5300108;1315.9453;189;78;73;26;3;9;
09;227;
