01;CLA;IPL4;201408;
EBT;UF;1100015;0.0625;1;1;0;0;0;0;
EBT;UF;1100031;0.1875;2;2;0;0;0;0;
EBT;UF;1100049;0.6973;5;5;0;0;0;0;
EBT;UF;1100056;2.0000;2;0;2;0;0;0;
EBT;UF;1100064;2.3125;4;2;2;0;0;0;
EBT;UF;1100080;0.4375;3;3;0;0;0;0;
EBT;UF;1100098;1.3125;3;2;1;0;0;0;
EBT;UF;1100106;2.0000;1;0;1;0;0;0;
EBT;UF;1100130;1.5000;3;2;1;0;0;0;
EBT;UF;1100148;0.1250;1;1;0;0;0;0;
EBT;UF;1100189;0.0625;1;1;0;0;0;0;
EBT;UF;1100205;0.2500;1;1;0;0;0;0;
EBT;UF;1100254;1.0625;2;1;1;0;0;0;
EBT;UF;1100288;3.5625;5;2;3;0;0;0;
EBT;UF;1100296;1.2500;2;1;1;0;0;0;
EBT;UF;1100304;0.1250;2;2;0;0;0;0;
EBT;UF;1100320;2.0625;3;1;2;0;0;0;
EBT;UF;1100338;0.1250;1;1;0;0;0;0;
EBT;UF;1100346;0.1250;1;1;0;0;0;0;
EBT;UF;1100379;0.0625;1;1;0;0;0;0;
EBT;UF;1100452;1.2500;2;1;1;0;0;0;
EBT;UF;1100502;1.1250;2;1;1;0;0;0;
EBT;UF;1100601;0.2500;1;1;0;0;0;0;
EBT;UF;1101203;0.1250;1;1;0;0;0;0;
EBT;UF;1101302;0.2500;2;2;0;0;0;0;
EBT;UF;1101492;0.0625;1;1;0;0;0;0;
EBT;UF;1101500;0.0625;1;1;0;0;0;0;
EBT;UF;1101708;1.0000;1;0;1;0;0;0;
EBT;UF;1200013;1.0000;1;0;1;0;0;0;
EBT;UF;1200203;1.0000;1;0;1;0;0;0;
EBT;UF;1200302;1.0000;1;0;1;0;0;0;
EBT;UF;1200336;1.0000;1;0;1;0;0;0;
EBT;UF;1200385;2.2500;3;1;2;0;0;0;
EBT;UF;1200401;0.1250;1;1;0;0;0;0;
EBT;UF;1200450;0.0625;1;1;0;0;0;0;
EBT;UF;1200500;2.0000;1;0;1;0;0;0;
EBT;UF;1200609;1.0000;1;0;1;0;0;0;
EBT;UF;1200708;1.2500;2;1;1;0;0;0;
EBT;UF;1302603;15.0049;4;1;0;3;0;0;
EBT;UF;1400100;5.0000;1;0;0;1;0;0;
EBT;UF;1501303;2.0000;6;5;1;0;0;0;
EBT;UF;1501402;1.7881;10;10;0;0;0;0;
EBT;UF;1501709;0.8750;5;5;0;0;0;0;
EBT;UF;1501956;0.5625;3;3;0;0;0;0;
EBT;UF;1502202;0.2500;1;1;0;0;0;0;
EBT;UF;1502301;2.1250;2;1;1;0;0;0;
EBT;UF;1502400;0.2500;1;1;0;0;0;0;
EBT;UF;1502939;0.8125;3;3;0;0;0;0;
EBT;UF;1503309;0.3125;2;2;0;0;0;0;
EBT;UF;1505304;0.0625;1;1;0;0;0;0;
EBT;UF;1505536;5.0000;1;0;0;1;0;0;
EBT;UF;1506138;0.0625;1;1;0;0;0;0;
EBT;UF;1506203;0.2500;3;3;0;0;0;0;
EBT;UF;1506500;0.0625;1;1;0;0;0;0;
EBT;UF;1506609;0.1250;1;1;0;0;0;0;
EBT;UF;1506807;0.4375;3;3;0;0;0;0;
EBT;UF;1507607;2.7500;3;2;1;0;0;0;
EBT;UF;1507904;0.6250;2;2;0;0;0;0;
EBT;UF;1508100;0.3125;2;2;0;0;0;0;
EBT;UF;1508209;0.1250;1;1;0;0;0;0;
EBT;UF;1600303;5.0000;1;0;0;1;0;0;
EBT;UF;1700400;0.1250;1;1;0;0;0;0;
EBT;UF;1702000;1.0000;1;0;1;0;0;0;
EBT;UF;1702208;1.5000;2;1;1;0;0;0;
EBT;UF;1702307;1.0000;1;0;1;0;0;0;
EBT;UF;1702406;0.3750;2;2;0;0;0;0;
EBT;UF;1702554;1.2500;2;1;1;0;0;0;
EBT;UF;1703701;1.0000;1;0;1;0;0;0;
EBT;UF;1705557;0.2500;1;1;0;0;0;0;
EBT;UF;1706100;1.3750;3;2;1;0;0;0;
EBT;UF;1707009;0.7500;2;2;0;0;0;0;
EBT;UF;1707108;1.1250;2;1;1;0;0;0;
EBT;UF;1707553;1.2500;2;1;1;0;0;0;
EBT;UF;1707652;1.2500;2;1;1;0;0;0;
EBT;UF;1707702;1.0000;1;0;1;0;0;0;
EBT;UF;1708205;1.0000;1;0;1;0;0;0;
EBT;UF;1709500;0.3311;3;3;0;0;0;0;
EBT;UF;1713304;0.2500;1;1;0;0;0;0;
EBT;UF;1714203;0.5000;1;1;0;0;0;0;
EBT;UF;1715754;1.2500;2;1;1;0;0;0;
EBT;UF;1716109;0.1250;1;1;0;0;0;0;
EBT;UF;1716208;1.0000;1;0;1;0;0;0;
EBT;UF;1716505;0.6250;3;3;0;0;0;0;
EBT;UF;1716604;1.0000;1;0;1;0;0;0;
EBT;UF;1716703;1.0000;1;0;1;0;0;0;
EBT;UF;1717503;1.0000;1;0;1;0;0;0;
EBT;UF;1718204;0.4375;4;4;0;0;0;0;
EBT;UF;1718865;0.2500;1;1;0;0;0;0;
EBT;UF;1720499;0.0625;1;1;0;0;0;0;
EBT;UF;1720655;1.2500;2;1;1;0;0;0;
EBT;UF;1721000;0.8750;3;3;0;0;0;0;
EBT;UF;1721208;0.5000;2;2;0;0;0;0;
EBT;UF;1722107;1.0000;1;0;1;0;0;0;
EBT;UF;2100600;0.5000;1;1;0;0;0;0;
EBT;UF;2101400;0.2500;1;1;0;0;0;0;
EBT;UF;2101608;0.3125;2;2;0;0;0;0;
EBT;UF;2101707;0.3750;1;1;0;0;0;0;
EBT;UF;2103208;1.0000;1;0;1;0;0;0;
EBT;UF;2103604;0.2500;1;1;0;0;0;0;
EBT;UF;2104800;0.2500;1;1;0;0;0;0;
EBT;UF;2105302;0.2500;2;2;0;0;0;0;
EBT;UF;2109106;0.9375;3;3;0;0;0;0;
EBT;UF;2110203;0.0625;1;1;0;0;0;0;
EBT;UF;2111102;0.1875;2;2;0;0;0;0;
EBT;UF;2111300;1.4473;9;9;0;0;0;0;
EBT;UF;2112605;0.5000;1;1;0;0;0;0;
EBT;UF;2112704;0.0625;1;1;0;0;0;0;
EBT;UF;2201200;0.5000;1;1;0;0;0;0;
EBT;UF;2201903;1.5000;2;1;1;0;0;0;
EBT;UF;2202901;2.6875;4;3;1;0;0;0;
EBT;UF;2203206;0.5000;1;1;0;0;0;0;
EBT;UF;2203909;0.3750;2;2;0;0;0;0;
EBT;UF;2205508;0.2500;1;1;0;0;0;0;
EBT;UF;2205805;0.5000;1;1;0;0;0;0;
EBT;UF;2207009;0.5000;1;1;0;0;0;0;
EBT;UF;2208007;8.2500;7;3;4;0;0;0;
EBT;UF;2210003;0.5000;1;1;0;0;0;0;
EBT;UF;2210607;3.0000;3;2;1;0;0;0;
EBT;UF;2211001;0.3906;1;1;0;0;0;0;
EBT;UF;2211308;0.5000;1;1;0;0;0;0;
EBT;UF;2300200;1.5000;2;1;1;0;0;0;
EBT;UF;2301000;1.3750;2;1;1;0;0;0;
EBT;UF;2301901;0.0625;1;1;0;0;0;0;
EBT;UF;2302107;1.0000;1;0;1;0;0;0;
EBT;UF;2302404;0.6250;2;2;0;0;0;0;
EBT;UF;2302602;3.5000;3;1;2;0;0;0;
EBT;UF;2302701;0.5000;1;1;0;0;0;0;
EBT;UF;2303709;0.5000;1;1;0;0;0;0;
EBT;UF;2304202;2.0000;1;0;1;0;0;0;
EBT;UF;2304400;23.1445;21;16;2;3;0;0;
EBT;UF;2305803;1.0000;1;0;1;0;0;0;
EBT;UF;2305902;0.0625;1;1;0;0;0;0;
EBT;UF;2307304;0.3750;4;4;0;0;0;0;
EBT;UF;2307650;0.3125;3;3;0;0;0;0;
EBT;UF;2308708;1.0000;1;0;1;0;0;0;
EBT;UF;2309300;0.0625;1;1;0;0;0;0;
EBT;UF;2309508;0.5000;1;1;0;0;0;0;
EBT;UF;2310308;1.0000;1;0;1;0;0;0;
EBT;UF;2312205;1.5000;3;3;0;0;0;0;
EBT;UF;2312403;6.0000;5;2;3;0;0;0;
EBT;UF;2312700;1.7500;3;2;1;0;0;0;
EBT;UF;2312908;2.0000;1;0;1;0;0;0;
EBT;UF;2313500;0.1250;1;1;0;0;0;0;
EBT;UF;2313609;1.0000;1;0;1;0;0;0;
EBT;UF;2400208;0.5000;1;1;0;0;0;0;
EBT;UF;2401107;0.5000;1;1;0;0;0;0;
EBT;UF;2402006;2.5000;2;1;1;0;0;0;
EBT;UF;2402600;0.5000;1;1;0;0;0;0;
EBT;UF;2403103;0.8125;3;3;0;0;0;0;
EBT;UF;2403251;0.5000;1;1;0;0;0;0;
EBT;UF;2407104;0.1250;1;1;0;0;0;0;
EBT;UF;2408003;1.5625;6;6;0;0;0;0;
EBT;UF;2408102;1.5498;8;7;1;0;0;0;
EBT;UF;2408201;2.0000;1;0;1;0;0;0;
EBT;UF;2412005;0.1250;1;1;0;0;0;0;
EBT;UF;2414506;0.5000;1;1;0;0;0;0;
EBT;UF;2500403;0.1250;1;1;0;0;0;0;
EBT;UF;2500601;0.3125;2;2;0;0;0;0;
EBT;UF;2500700;0.1250;1;1;0;0;0;0;
EBT;UF;2500908;0.1250;1;1;0;0;0;0;
EBT;UF;2501005;0.2500;1;1;0;0;0;0;
EBT;UF;2501302;0.3750;2;2;0;0;0;0;
EBT;UF;2501500;0.2500;1;1;0;0;0;0;
EBT;UF;2501609;0.1250;1;1;0;0;0;0;
EBT;UF;2501807;5.0000;1;0;0;1;0;0;
EBT;UF;2501906;0.1250;1;1;0;0;0;0;
EBT;UF;2502409;0.1250;1;1;0;0;0;0;
EBT;UF;2502508;0.2500;1;1;0;0;0;0;
EBT;UF;2502805;0.1250;1;1;0;0;0;0;
EBT;UF;2503001;0.3750;2;2;0;0;0;0;
EBT;UF;2503100;0.1250;1;1;0;0;0;0;
EBT;UF;2503605;0.1250;1;1;0;0;0;0;
EBT;UF;2503704;2.5283;5;3;2;0;0;0;
EBT;UF;2504009;7.9228;21;19;1;1;0;0;
EBT;UF;2504306;0.2500;1;1;0;0;0;0;
EBT;UF;2504405;0.5000;2;2;0;0;0;0;
EBT;UF;2504603;0.5000;2;2;0;0;0;0;
EBT;UF;2504801;0.1250;1;1;0;0;0;0;
EBT;UF;2505105;0.5000;2;2;0;0;0;0;
EBT;UF;2506004;0.7500;2;2;0;0;0;0;
EBT;UF;2506301;0.0098;1;1;0;0;0;0;
EBT;UF;2506400;0.1250;1;1;0;0;0;0;
EBT;UF;2506806;0.3750;2;2;0;0;0;0;
EBT;UF;2507002;0.7500;2;2;0;0;0;0;
EBT;UF;2507309;0.1250;1;1;0;0;0;0;
EBT;UF;2507507;43.8838;36;25;4;7;0;0;
EBT;UF;2507705;0.3750;2;2;0;0;0;0;
EBT;UF;2508802;0.2500;2;2;0;0;0;0;
EBT;UF;2509107;0.3750;2;2;0;0;0;0;
EBT;UF;2509701;1.2500;3;3;0;0;0;0;
EBT;UF;2510808;5.1250;3;2;0;1;0;0;
EBT;UF;2510907;0.1250;1;1;0;0;0;0;
EBT;UF;2511301;0.3125;2;2;0;0;0;0;
EBT;UF;2511400;0.2500;1;1;0;0;0;0;
EBT;UF;2511509;0.1250;1;1;0;0;0;0;
EBT;UF;2512002;0.1250;1;1;0;0;0;0;
EBT;UF;2512101;1.5625;5;5;0;0;0;0;
EBT;UF;2512200;0.1250;1;1;0;0;0;0;
EBT;UF;2512309;1.0000;3;3;0;0;0;0;
EBT;UF;2512507;0.0625;1;1;0;0;0;0;
EBT;UF;2512705;0.1250;1;1;0;0;0;0;
EBT;UF;2512903;0.1250;1;1;0;0;0;0;
EBT;UF;2513604;0.1250;1;1;0;0;0;0;
EBT;UF;2513901;0.3750;2;2;0;0;0;0;
EBT;UF;2514008;0.2500;1;1;0;0;0;0;
EBT;UF;2514503;0.1250;1;1;0;0;0;0;
EBT;UF;2514909;0.1250;1;1;0;0;0;0;
EBT;UF;2515500;0.6250;3;3;0;0;0;0;
EBT;UF;2515906;0.1250;1;1;0;0;0;0;
EBT;UF;2516003;0.2500;1;1;0;0;0;0;
EBT;UF;2516102;0.1250;1;1;0;0;0;0;
EBT;UF;2516201;6.5811;6;3;3;0;0;0;
EBT;UF;2516300;0.1250;1;1;0;0;0;0;
EBT;UF;2516508;0.1250;1;1;0;0;0;0;
EBT;UF;2516706;0.6250;2;2;0;0;0;0;
EBT;UF;2516904;0.1250;1;1;0;0;0;0;
EBT;UF;2517001;0.1250;1;1;0;0;0;0;
EBT;UF;2600054;0.3311;3;3;0;0;0;0;
EBT;UF;2600500;0.7500;2;2;0;0;0;0;
EBT;UF;2601003;0.2500;1;1;0;0;0;0;
EBT;UF;2601102;1.0000;2;1;1;0;0;0;
EBT;UF;2601201;1.0000;3;2;1;0;0;0;
EBT;UF;2601409;6.0000;4;3;0;1;0;0;
EBT;UF;2601706;1.3125;4;3;1;0;0;0;
EBT;UF;2601904;0.0098;2;2;0;0;0;0;
EBT;UF;2602001;0.5000;1;1;0;0;0;0;
EBT;UF;2602100;1.5000;2;1;1;0;0;0;
EBT;UF;2602803;0.5000;1;1;0;0;0;0;
EBT;UF;2602902;13.6436;18;12;6;0;0;0;
EBT;UF;2603009;0.7500;2;2;0;0;0;0;
EBT;UF;2603454;0.1436;2;2;0;0;0;0;
EBT;UF;2604007;1.0186;4;3;1;0;0;0;
EBT;UF;2604106;5.8125;14;11;3;0;0;0;
EBT;UF;2604205;1.5000;2;1;1;0;0;0;
EBT;UF;2604809;0.2500;1;1;0;0;0;0;
EBT;UF;2605202;0.2500;1;1;0;0;0;0;
EBT;UF;2605707;3.5625;4;2;2;0;0;0;
EBT;UF;2606002;13.9375;14;7;7;0;0;0;
EBT;UF;2606200;0.0000;1;1;0;0;0;0;
EBT;UF;2606408;2.0000;4;3;1;0;0;0;
EBT;UF;2606804;7.5020;6;2;4;0;0;0;
EBT;UF;2607208;6.8750;7;3;4;0;0;0;
EBT;UF;2607604;2.0000;1;0;1;0;0;0;
EBT;UF;2607752;3.0000;2;0;2;0;0;0;
EBT;UF;2607901;3.7266;21;21;0;0;0;0;
EBT;UF;2608206;0.2500;1;1;0;0;0;0;
EBT;UF;2608453;5.2500;2;1;0;1;0;0;
EBT;UF;2608800;1.0625;4;4;0;0;0;0;
EBT;UF;2608909;0.0000;1;1;0;0;0;0;
EBT;UF;2609402;2.2500;2;1;1;0;0;0;
EBT;UF;2609501;6.5000;3;1;1;1;0;0;
EBT;UF;2609600;0.5811;7;7;0;0;0;0;
EBT;UF;2609907;6.7500;4;2;1;1;0;0;
EBT;UF;2610004;0.1250;1;1;0;0;0;0;
EBT;UF;2610608;1.7500;3;2;1;0;0;0;
EBT;UF;2610707;1.6436;5;4;1;0;0;0;
EBT;UF;2610905;0.0000;2;2;0;0;0;0;
EBT;UF;2611002;0.0625;1;1;0;0;0;0;
EBT;UF;2611101;3.0000;2;0;2;0;0;0;
EBT;UF;2611606;49.4023;66;52;8;6;0;0;
EBT;UF;2611804;1.0000;1;0;1;0;0;0;
EBT;UF;2611903;5.2500;2;1;0;1;0;0;
EBT;UF;2612208;1.0625;3;2;1;0;0;0;
EBT;UF;2612505;2.1250;5;4;1;0;0;0;
EBT;UF;2612604;2.2500;2;1;1;0;0;0;
EBT;UF;2613008;1.5000;2;1;1;0;0;0;
EBT;UF;2613404;0.2500;1;1;0;0;0;0;
EBT;UF;2613701;2.7500;5;4;1;0;0;0;
EBT;UF;2613909;0.0625;3;3;0;0;0;0;
EBT;UF;2614501;10.5625;10;6;3;1;0;0;
EBT;UF;2614808;0.1250;1;1;0;0;0;0;
EBT;UF;2614857;3.2500;3;1;2;0;0;0;
EBT;UF;2615300;0.0000;1;1;0;0;0;0;
EBT;UF;2615607;0.5000;1;1;0;0;0;0;
EBT;UF;2616407;3.0186;4;2;2;0;0;0;
EBT;UF;2700300;0.1250;1;1;0;0;0;0;
EBT;UF;2701704;0.5000;1;1;0;0;0;0;
EBT;UF;2702405;0.8125;4;4;0;0;0;0;
EBT;UF;2704302;2.8848;7;6;1;0;0;0;
EBT;UF;2705507;2.7500;3;2;1;0;0;0;
EBT;UF;2705705;2.2500;2;1;1;0;0;0;
EBT;UF;2706307;2.1250;3;2;1;0;0;0;
EBT;UF;2706802;2.2500;2;1;1;0;0;0;
EBT;UF;2707701;0.5000;1;1;0;0;0;0;
EBT;UF;2708006;0.4375;3;3;0;0;0;0;
EBT;UF;2708402;0.0625;1;1;0;0;0;0;
EBT;UF;2709301;0.5625;3;3;0;0;0;0;
EBT;UF;2800308;5.0000;1;0;0;1;0;0;
EBT;UF;2800605;3.0000;2;0;2;0;0;0;
EBT;UF;2801207;1.0000;1;0;1;0;0;0;
EBT;UF;2801405;1.0625;2;1;1;0;0;0;
EBT;UF;2801504;1.5000;2;1;1;0;0;0;
EBT;UF;2802106;0.5000;1;1;0;0;0;0;
EBT;UF;2802304;0.2500;1;1;0;0;0;0;
EBT;UF;2802908;2.0000;1;0;1;0;0;0;
EBT;UF;2803005;1.0000;1;0;1;0;0;0;
EBT;UF;2803203;1.0000;1;0;1;0;0;0;
EBT;UF;2804409;1.0000;1;0;1;0;0;0;
EBT;UF;2804508;2.2500;4;3;1;0;0;0;
EBT;UF;2804607;1.0000;1;0;1;0;0;0;
EBT;UF;2804805;0.2500;1;1;0;0;0;0;
EBT;UF;2805505;1.0000;1;0;1;0;0;0;
EBT;UF;2805604;0.2500;1;1;0;0;0;0;
EBT;UF;2806107;2.0000;1;0;1;0;0;0;
EBT;UF;2806206;1.0000;1;0;1;0;0;0;
EBT;UF;2806701;3.2500;3;1;2;0;0;0;
EBT;UF;2807105;1.7500;3;2;1;0;0;0;
EBT;UF;2807402;1.0625;2;1;1;0;0;0;
EBT;UF;2807600;1.5000;2;1;1;0;0;0;
EBT;UF;2900702;0.0625;1;1;0;0;0;0;
EBT;UF;2900801;0.0625;1;1;0;0;0;0;
EBT;UF;2901106;1.0000;1;0;1;0;0;0;
EBT;UF;2902104;1.0625;2;1;1;0;0;0;
EBT;UF;2902807;1.0000;1;0;1;0;0;0;
EBT;UF;2902906;1.0000;1;0;1;0;0;0;
EBT;UF;2903201;17.3750;14;6;8;0;0;0;
EBT;UF;2903409;1.0000;1;0;1;0;0;0;
EBT;UF;2903904;6.5000;5;1;4;0;0;0;
EBT;UF;2904605;1.7500;3;2;1;0;0;0;
EBT;UF;2904902;1.0000;1;0;1;0;0;0;
EBT;UF;2905008;1.0625;2;1;1;0;0;0;
EBT;UF;2905206;3.0000;2;0;2;0;0;0;
EBT;UF;2905602;1.0000;1;0;1;0;0;0;
EBT;UF;2905701;17.3223;38;33;5;0;0;0;
EBT;UF;2906006;5.5000;4;1;3;0;0;0;
EBT;UF;2906303;1.0625;2;1;1;0;0;0;
EBT;UF;2906501;3.6875;9;7;2;0;0;0;
EBT;UF;2906709;1.0000;1;0;1;0;0;0;
EBT;UF;2906808;1.0000;1;0;1;0;0;0;
EBT;UF;2906857;1.0000;1;0;1;0;0;0;
EBT;UF;2906873;1.0625;2;1;1;0;0;0;
EBT;UF;2906907;0.0098;1;1;0;0;0;0;
EBT;UF;2907103;1.0000;1;0;1;0;0;0;
EBT;UF;2907202;1.0000;1;0;1;0;0;0;
EBT;UF;2907301;1.0000;1;0;1;0;0;0;
EBT;UF;2907509;1.3750;3;2;1;0;0;0;
EBT;UF;2907806;1.0000;1;0;1;0;0;0;
EBT;UF;2908002;1.5000;2;1;1;0;0;0;
EBT;UF;2908408;1.6250;3;2;1;0;0;0;
EBT;UF;2908507;1.5000;2;1;1;0;0;0;
EBT;UF;2908903;1.0000;1;0;1;0;0;0;
EBT;UF;2910057;3.0000;2;0;2;0;0;0;
EBT;UF;2910503;1.0000;1;0;1;0;0;0;
EBT;UF;2910602;2.0625;4;3;1;0;0;0;
EBT;UF;2910701;1.2500;2;1;1;0;0;0;
EBT;UF;2910727;0.7500;4;4;0;0;0;0;
EBT;UF;2910800;6.6875;9;6;3;0;0;0;
EBT;UF;2911204;1.5000;2;1;1;0;0;0;
EBT;UF;2911709;2.5000;3;1;2;0;0;0;
EBT;UF;2912103;1.0000;1;0;1;0;0;0;
EBT;UF;2913200;1.0000;1;0;1;0;0;0;
EBT;UF;2913309;0.5000;1;1;0;0;0;0;
EBT;UF;2913457;1.5000;2;1;1;0;0;0;
EBT;UF;2913507;1.0000;1;0;1;0;0;0;
EBT;UF;2913606;3.0098;6;5;1;0;0;0;
EBT;UF;2913705;1.0625;2;1;1;0;0;0;
EBT;UF;2913903;1.0000;1;0;1;0;0;0;
EBT;UF;2914000;3.2500;3;1;2;0;0;0;
EBT;UF;2914406;0.5000;1;1;0;0;0;0;
EBT;UF;2914505;1.0000;1;0;1;0;0;0;
EBT;UF;2914604;6.2500;7;4;3;0;0;0;
EBT;UF;2914653;1.0000;1;0;1;0;0;0;
EBT;UF;2914703;2.1250;5;4;1;0;0;0;
EBT;UF;2914802;19.0625;14;6;7;1;0;0;
EBT;UF;2914901;1.0000;1;0;1;0;0;0;
EBT;UF;2915601;0.0625;1;1;0;0;0;0;
EBT;UF;2915809;1.5000;2;1;1;0;0;0;
EBT;UF;2916104;1.0000;1;0;1;0;0;0;
EBT;UF;2916401;0.0000;1;1;0;0;0;0;
EBT;UF;2916906;0.5000;1;1;0;0;0;0;
EBT;UF;2917003;1.0000;1;0;1;0;0;0;
EBT;UF;2917102;0.5000;1;1;0;0;0;0;
EBT;UF;2917300;1.5000;2;1;1;0;0;0;
EBT;UF;2917508;5.1875;7;4;3;0;0;0;
EBT;UF;2917607;1.0625;2;1;1;0;0;0;
EBT;UF;2917706;1.5625;3;2;1;0;0;0;
EBT;UF;2918001;2.0000;3;2;1;0;0;0;
EBT;UF;2918100;1.0625;2;1;1;0;0;0;
EBT;UF;2918407;21.0000;17;7;10;0;0;0;
EBT;UF;2919207;1.6250;3;2;1;0;0;0;
EBT;UF;2919504;1.0625;2;1;1;0;0;0;
EBT;UF;2919553;3.5000;5;4;1;0;0;0;
EBT;UF;2919926;3.0000;2;0;2;0;0;0;
EBT;UF;2920502;1.0000;1;0;1;0;0;0;
EBT;UF;2920601;3.0000;2;0;2;0;0;0;
EBT;UF;2921005;6.2598;8;4;4;0;0;0;
EBT;UF;2921104;1.0000;1;0;1;0;0;0;
EBT;UF;2921203;1.5000;2;1;1;0;0;0;
EBT;UF;2921302;0.0625;1;1;0;0;0;0;
EBT;UF;2921500;0.0625;1;1;0;0;0;0;
EBT;UF;2921708;1.5000;2;1;1;0;0;0;
EBT;UF;2922003;2.0625;4;3;1;0;0;0;
EBT;UF;2922102;1.5000;2;1;1;0;0;0;
EBT;UF;2922300;1.0000;1;0;1;0;0;0;
EBT;UF;2922508;1.5000;2;1;1;0;0;0;
EBT;UF;2922904;1.0000;1;0;1;0;0;0;
EBT;UF;2923001;0.0625;1;1;0;0;0;0;
EBT;UF;2923407;1.0000;1;0;1;0;0;0;
EBT;UF;2923605;1.0000;1;0;1;0;0;0;
EBT;UF;2923803;0.5000;1;1;0;0;0;0;
EBT;UF;2924009;3.0000;5;4;1;0;0;0;
EBT;UF;2925105;1.5000;2;1;1;0;0;0;
EBT;UF;2925204;1.0000;1;0;1;0;0;0;
EBT;UF;2925303;1.0098;2;1;1;0;0;0;
EBT;UF;2925501;3.0625;3;1;2;0;0;0;
EBT;UF;2925600;0.5000;1;1;0;0;0;0;
EBT;UF;2925808;1.0000;1;0;1;0;0;0;
EBT;UF;2926004;1.0625;2;1;1;0;0;0;
EBT;UF;2926301;0.5000;1;1;0;0;0;0;
EBT;UF;2926400;1.0625;2;1;1;0;0;0;
EBT;UF;2926608;2.2500;4;3;1;0;0;0;
EBT;UF;2927002;0.5000;1;1;0;0;0;0;
EBT;UF;2927200;1.1250;2;1;1;0;0;0;
EBT;UF;2927408;71.8369;105;73;32;0;0;0;
EBT;UF;2928109;0.5000;1;1;0;0;0;0;
EBT;UF;2928208;1.5000;2;1;1;0;0;0;
EBT;UF;2928604;2.0000;3;2;1;0;0;0;
EBT;UF;2928703;1.0000;1;0;1;0;0;0;
EBT;UF;2928802;1.1250;2;1;1;0;0;0;
EBT;UF;2929206;4.2500;4;1;3;0;0;0;
EBT;UF;2929503;1.3750;3;2;1;0;0;0;
EBT;UF;2929750;0.2500;1;1;0;0;0;0;
EBT;UF;2929909;1.6250;3;2;1;0;0;0;
EBT;UF;2930154;1.2500;2;1;1;0;0;0;
EBT;UF;2930501;2.1875;5;4;1;0;0;0;
EBT;UF;2930709;2.6875;4;3;1;0;0;0;
EBT;UF;2931350;0.0723;3;3;0;0;0;0;
EBT;UF;2931509;0.0098;1;1;0;0;0;0;
EBT;UF;2931905;0.5625;2;2;0;0;0;0;
EBT;UF;2932002;1.0000;1;0;1;0;0;0;
EBT;UF;2932200;1.0000;1;0;1;0;0;0;
EBT;UF;2932705;1.0000;1;0;1;0;0;0;
EBT;UF;2932903;0.5000;1;1;0;0;0;0;
EBT;UF;2933208;1.0000;1;0;1;0;0;0;
EBT;UF;2933307;0.1973;3;3;0;0;0;0;
EBT;UF;2933604;1.0000;1;0;1;0;0;0;
EBT;UF;3100203;2.0000;1;0;1;0;0;0;
EBT;UF;3100500;1.0000;1;0;1;0;0;0;
EBT;UF;3100609;0.5625;3;3;0;0;0;0;
EBT;UF;3100906;1.0000;1;0;1;0;0;0;
EBT;UF;3101003;1.0000;1;0;1;0;0;0;
EBT;UF;3101102;0.0625;1;1;0;0;0;0;
EBT;UF;3101201;2.0000;1;0;1;0;0;0;
EBT;UF;3101300;0.2500;1;1;0;0;0;0;
EBT;UF;3101607;0.3125;2;2;0;0;0;0;
EBT;UF;3101706;14.2500;11;3;8;0;0;0;
EBT;UF;3102308;2.5000;3;2;1;0;0;0;
EBT;UF;3102704;2.0000;2;0;2;0;0;0;
EBT;UF;3102803;2.2500;2;1;1;0;0;0;
EBT;UF;3102902;0.7500;2;2;0;0;0;0;
EBT;UF;3103009;0.2500;1;1;0;0;0;0;
EBT;UF;3103405;11.0000;7;0;7;0;0;0;
EBT;UF;3103504;0.0000;2;2;0;0;0;0;
EBT;UF;3103702;0.2500;1;1;0;0;0;0;
EBT;UF;3103751;0.3750;2;2;0;0;0;0;
EBT;UF;3104007;2.8750;4;3;1;0;0;0;
EBT;UF;3104106;0.2500;1;1;0;0;0;0;
EBT;UF;3104304;2.0000;1;0;1;0;0;0;
EBT;UF;3104502;2.0000;1;0;1;0;0;0;
EBT;UF;3105400;5.6250;5;2;3;0;0;0;
EBT;UF;3105608;2.5000;3;2;1;0;0;0;
EBT;UF;3105905;2.0000;1;0;1;0;0;0;
EBT;UF;3106002;0.2500;1;1;0;0;0;0;
EBT;UF;3106200;15.4785;31;26;4;1;0;0;
EBT;UF;3106408;0.0625;1;1;0;0;0;0;
EBT;UF;3106705;18.9375;20;15;3;2;0;0;
EBT;UF;3106903;2.0000;1;0;1;0;0;0;
EBT;UF;3107307;2.8125;4;3;1;0;0;0;
EBT;UF;3107406;0.5000;1;1;0;0;0;0;
EBT;UF;3107802;0.2500;1;1;0;0;0;0;
EBT;UF;3108008;2.0000;1;0;1;0;0;0;
EBT;UF;3108206;2.0000;1;0;1;0;0;0;
EBT;UF;3108305;2.0000;1;0;1;0;0;0;
EBT;UF;3108602;2.0625;2;1;1;0;0;0;
EBT;UF;3109006;13.2500;10;3;7;0;0;0;
EBT;UF;3109105;2.0000;1;0;1;0;0;0;
EBT;UF;3109204;2.0000;1;0;1;0;0;0;
EBT;UF;3109600;0.2500;1;1;0;0;0;0;
EBT;UF;3110004;8.8125;10;5;5;0;0;0;
EBT;UF;3110806;0.2500;1;1;0;0;0;0;
EBT;UF;3110905;3.5000;3;1;2;0;0;0;
EBT;UF;3111002;2.0000;1;0;1;0;0;0;
EBT;UF;3111101;3.0625;3;1;2;0;0;0;
EBT;UF;3111200;3.5625;4;2;2;0;0;0;
EBT;UF;3111408;1.0000;1;0;1;0;0;0;
EBT;UF;3111507;0.2500;1;1;0;0;0;0;
EBT;UF;3111804;2.2500;2;1;1;0;0;0;
EBT;UF;3112000;2.2500;2;1;1;0;0;0;
EBT;UF;3112604;2.0000;1;0;1;0;0;0;
EBT;UF;3113305;2.0000;1;0;1;0;0;0;
EBT;UF;3113404;5.1250;8;5;3;0;0;0;
EBT;UF;3113503;1.0000;1;0;1;0;0;0;
EBT;UF;3113701;1.0000;1;0;1;0;0;0;
EBT;UF;3114006;2.2500;2;1;1;0;0;0;
EBT;UF;3114105;2.0000;1;0;1;0;0;0;
EBT;UF;3114204;2.0000;1;0;1;0;0;0;
EBT;UF;3114303;0.0020;1;1;0;0;0;0;
EBT;UF;3114402;2.0000;1;0;1;0;0;0;
EBT;UF;3114550;1.5000;2;1;1;0;0;0;
EBT;UF;3114808;0.2500;1;1;0;0;0;0;
EBT;UF;3115300;0.5000;1;1;0;0;0;0;
EBT;UF;3116100;1.0000;1;0;1;0;0;0;
EBT;UF;3116605;2.0000;1;0;1;0;0;0;
EBT;UF;3116902;0.3125;2;2;0;0;0;0;
EBT;UF;3117306;2.0000;1;0;1;0;0;0;
EBT;UF;3117504;2.0000;1;0;1;0;0;0;
EBT;UF;3117603;0.2500;1;1;0;0;0;0;
EBT;UF;3117702;2.5000;2;1;1;0;0;0;
EBT;UF;3117801;2.0000;1;0;1;0;0;0;
EBT;UF;3117900;1.0000;1;0;1;0;0;0;
EBT;UF;3118007;2.5000;2;1;1;0;0;0;
EBT;UF;3118205;2.2500;2;1;1;0;0;0;
EBT;UF;3118304;1.5000;3;2;1;0;0;0;
EBT;UF;3118601;4.9375;9;7;2;0;0;0;
EBT;UF;3118809;2.0000;1;0;1;0;0;0;
EBT;UF;3119104;0.6250;4;4;0;0;0;0;
EBT;UF;3119302;2.5020;4;3;1;0;0;0;
EBT;UF;3119401;0.7500;2;2;0;0;0;0;
EBT;UF;3119500;1.0000;1;0;1;0;0;0;
EBT;UF;3119906;0.2500;1;1;0;0;0;0;
EBT;UF;3120102;0.2500;1;1;0;0;0;0;
EBT;UF;3120409;0.5000;2;2;0;0;0;0;
EBT;UF;3120508;2.0000;1;0;1;0;0;0;
EBT;UF;3120706;0.2500;1;1;0;0;0;0;
EBT;UF;3120805;3.5000;3;1;2;0;0;0;
EBT;UF;3120904;1.1250;5;5;0;0;0;0;
EBT;UF;3121209;0.2500;1;1;0;0;0;0;
EBT;UF;3121407;0.2500;1;1;0;0;0;0;
EBT;UF;3121605;31.5625;21;3;18;0;0;0;
EBT;UF;3122009;2.2500;2;1;1;0;0;0;
EBT;UF;3122306;2.3125;4;3;1;0;0;0;
EBT;UF;3122504;0.2500;1;1;0;0;0;0;
EBT;UF;3122900;0.2500;1;1;0;0;0;0;
EBT;UF;3123205;2.0000;1;0;1;0;0;0;
EBT;UF;3123601;5.0000;1;0;0;1;0;0;
EBT;UF;3123809;0.2500;1;1;0;0;0;0;
EBT;UF;3123858;0.2500;1;1;0;0;0;0;
EBT;UF;3123908;0.0625;1;1;0;0;0;0;
EBT;UF;3124005;2.2500;2;1;1;0;0;0;
EBT;UF;3124104;0.5000;1;1;0;0;0;0;
EBT;UF;3124302;2.0000;1;0;1;0;0;0;
EBT;UF;3124708;0.2500;1;1;0;0;0;0;
EBT;UF;3124807;2.0000;1;0;1;0;0;0;
EBT;UF;3124906;2.3125;3;2;1;0;0;0;
EBT;UF;3125101;1.5000;3;2;1;0;0;0;
EBT;UF;3125200;0.2500;1;1;0;0;0;0;
EBT;UF;3125606;0.2500;1;1;0;0;0;0;
EBT;UF;3125903;2.0000;1;0;1;0;0;0;
EBT;UF;3126000;0.2500;1;1;0;0;0;0;
EBT;UF;3126109;2.3750;5;4;1;0;0;0;
EBT;UF;3126307;1.0625;4;4;0;0;0;0;
EBT;UF;3126703;2.0000;1;0;1;0;0;0;
EBT;UF;3127107;0.7520;4;4;0;0;0;0;
EBT;UF;3127602;1.0000;1;0;1;0;0;0;
EBT;UF;3127701;0.5723;4;4;0;0;0;0;
EBT;UF;3128006;1.0000;1;0;1;0;0;0;
EBT;UF;3128105;2.0000;1;0;1;0;0;0;
EBT;UF;3128204;0.2500;1;1;0;0;0;0;
EBT;UF;3128303;2.0000;1;0;1;0;0;0;
EBT;UF;3128402;2.2500;2;1;1;0;0;0;
EBT;UF;3128709;3.5000;4;2;2;0;0;0;
EBT;UF;3129103;0.2500;1;1;0;0;0;0;
EBT;UF;3129509;0.3125;2;2;0;0;0;0;
EBT;UF;3129608;0.2500;1;1;0;0;0;0;
EBT;UF;3129707;2.0000;1;0;1;0;0;0;
EBT;UF;3129806;5.8125;5;4;0;1;0;0;
EBT;UF;3130705;2.0000;1;0;1;0;0;0;
EBT;UF;3131307;9.7500;9;6;2;1;0;0;
EBT;UF;3131406;0.2500;1;1;0;0;0;0;
EBT;UF;3131703;1.6250;7;7;0;0;0;0;
EBT;UF;3131901;6.1250;4;3;0;1;0;0;
EBT;UF;3132107;0.0625;1;1;0;0;0;0;
EBT;UF;3132305;0.2500;1;1;0;0;0;0;
EBT;UF;3132404;1.2500;3;2;1;0;0;0;
EBT;UF;3132701;0.2500;1;1;0;0;0;0;
EBT;UF;3133105;2.0000;1;0;1;0;0;0;
EBT;UF;3133204;2.0000;1;0;1;0;0;0;
EBT;UF;3133303;0.3125;2;2;0;0;0;0;
EBT;UF;3133402;2.0000;1;0;1;0;0;0;
EBT;UF;3133501;2.0000;1;0;1;0;0;0;
EBT;UF;3133709;1.0000;1;0;1;0;0;0;
EBT;UF;3133758;1.2500;3;3;0;0;0;0;
EBT;UF;3133808;3.8750;4;2;2;0;0;0;
EBT;UF;3134202;0.6250;2;2;0;0;0;0;
EBT;UF;3134301;2.2500;2;1;1;0;0;0;
EBT;UF;3134400;2.5625;4;2;2;0;0;0;
EBT;UF;3134608;2.2500;2;1;1;0;0;0;
EBT;UF;3134806;2.0000;1;0;1;0;0;0;
EBT;UF;3134905;2.0000;1;0;1;0;0;0;
EBT;UF;3135050;1.0000;1;0;1;0;0;0;
EBT;UF;3135100;2.0000;1;0;1;0;0;0;
EBT;UF;3135209;4.0000;2;0;2;0;0;0;
EBT;UF;3135605;0.2500;1;1;0;0;0;0;
EBT;UF;3135803;2.0000;1;0;1;0;0;0;
EBT;UF;3135902;0.2500;1;1;0;0;0;0;
EBT;UF;3136009;1.0000;1;0;1;0;0;0;
EBT;UF;3136108;0.2500;1;1;0;0;0;0;
EBT;UF;3136207;5.5625;8;6;2;0;0;0;
EBT;UF;3136405;0.2500;1;1;0;0;0;0;
EBT;UF;3136652;2.3125;3;2;1;0;0;0;
EBT;UF;3136702;13.6250;12;8;3;1;0;0;
EBT;UF;3137601;0.5918;5;5;0;0;0;0;
EBT;UF;3137809;2.0000;1;0;1;0;0;0;
EBT;UF;3138005;0.2500;1;1;0;0;0;0;
EBT;UF;3138203;5.7500;3;2;0;1;0;0;
EBT;UF;3138708;0.2500;1;1;0;0;0;0;
EBT;UF;3138906;0.2500;1;1;0;0;0;0;
EBT;UF;3139003;2.2500;2;1;1;0;0;0;
EBT;UF;3139102;0.2500;1;1;0;0;0;0;
EBT;UF;3139300;2.0000;1;0;1;0;0;0;
EBT;UF;3139409;8.3125;10;5;5;0;0;0;
EBT;UF;3139508;4.5000;5;2;3;0;0;0;
EBT;UF;3139805;2.0000;1;0;1;0;0;0;
EBT;UF;3140001;4.0000;7;5;2;0;0;0;
EBT;UF;3140506;3.7500;4;2;2;0;0;0;
EBT;UF;3140530;1.0000;1;0;1;0;0;0;
EBT;UF;3140555;1.0000;1;0;1;0;0;0;
EBT;UF;3140605;0.2500;1;1;0;0;0;0;
EBT;UF;3140704;2.5625;3;2;1;0;0;0;
EBT;UF;3140803;2.0000;1;0;1;0;0;0;
EBT;UF;3140902;0.2500;1;1;0;0;0;0;
EBT;UF;3141108;1.2500;2;1;1;0;0;0;
EBT;UF;3141207;0.2500;1;1;0;0;0;0;
EBT;UF;3141504;0.2500;1;1;0;0;0;0;
EBT;UF;3141603;2.0000;1;0;1;0;0;0;
EBT;UF;3141801;0.0625;1;1;0;0;0;0;
EBT;UF;3142106;2.2500;2;1;1;0;0;0;
EBT;UF;3142205;2.0625;2;1;1;0;0;0;
EBT;UF;3142403;0.2500;1;1;0;0;0;0;
EBT;UF;3142700;2.0000;1;0;1;0;0;0;
EBT;UF;3142809;2.1250;2;1;1;0;0;0;
EBT;UF;3142908;2.0000;1;0;1;0;0;0;
EBT;UF;3143005;2.0000;1;0;1;0;0;0;
EBT;UF;3143104;2.5625;5;4;1;0;0;0;
EBT;UF;3143203;2.0625;2;1;1;0;0;0;
EBT;UF;3143302;0.2500;1;1;0;0;0;0;
EBT;UF;3143401;2.0000;1;0;1;0;0;0;
EBT;UF;3143500;2.0000;1;0;1;0;0;0;
EBT;UF;3143906;1.7500;4;3;1;0;0;0;
EBT;UF;3144003;2.0000;1;0;1;0;0;0;
EBT;UF;3144102;2.0000;1;0;1;0;0;0;
EBT;UF;3144300;1.5000;2;1;1;0;0;0;
EBT;UF;3144359;0.2500;1;1;0;0;0;0;
EBT;UF;3144409;2.2500;2;1;1;0;0;0;
EBT;UF;3144508;0.2500;1;1;0;0;0;0;
EBT;UF;3144607;3.5000;3;1;2;0;0;0;
EBT;UF;3144706;2.0000;1;0;1;0;0;0;
EBT;UF;3144805;5.3750;14;13;1;0;0;0;
EBT;UF;3144904;0.2500;1;1;0;0;0;0;
EBT;UF;3145000;2.2500;2;1;1;0;0;0;
EBT;UF;3145109;2.0000;1;0;1;0;0;0;
EBT;UF;3145208;0.6875;4;4;0;0;0;0;
EBT;UF;3145901;6.5625;5;3;1;1;0;0;
EBT;UF;3146008;3.0000;2;0;2;0;0;0;
EBT;UF;3146107;12.6250;17;11;6;0;0;0;
EBT;UF;3146701;2.2500;2;1;1;0;0;0;
EBT;UF;3146750;1.0000;1;0;1;0;0;0;
EBT;UF;3146909;1.0000;1;0;1;0;0;0;
EBT;UF;3147006;6.0000;3;0;3;0;0;0;
EBT;UF;3147105;2.3125;3;2;1;0;0;0;
EBT;UF;3147204;2.0000;1;0;1;0;0;0;
EBT;UF;3147303;4.2500;6;4;2;0;0;0;
EBT;UF;3147402;4.0625;3;1;2;0;0;0;
EBT;UF;3147709;2.0000;1;0;1;0;0;0;
EBT;UF;3148004;0.5664;4;4;0;0;0;0;
EBT;UF;3148103;0.0020;1;1;0;0;0;0;
EBT;UF;3148301;0.2500;1;1;0;0;0;0;
EBT;UF;3148608;0.2500;1;1;0;0;0;0;
EBT;UF;3148707;12.2500;8;1;7;0;0;0;
EBT;UF;3149606;0.2500;1;1;0;0;0;0;
EBT;UF;3149705;0.2500;1;1;0;0;0;0;
EBT;UF;3150307;0.2500;1;1;0;0;0;0;
EBT;UF;3150703;0.2500;1;1;0;0;0;0;
EBT;UF;3150802;2.0000;1;0;1;0;0;0;
EBT;UF;3151107;2.7500;3;2;1;0;0;0;
EBT;UF;3151503;2.0000;1;0;1;0;0;0;
EBT;UF;3151602;0.1250;1;1;0;0;0;0;
EBT;UF;3151701;2.0000;1;0;1;0;0;0;
EBT;UF;3151800;12.3125;8;2;6;0;0;0;
EBT;UF;3151909;0.2500;1;1;0;0;0;0;
EBT;UF;3152006;2.2500;2;1;1;0;0;0;
EBT;UF;3152204;2.0000;1;0;1;0;0;0;
EBT;UF;3152501;2.0000;1;0;1;0;0;0;
EBT;UF;3152709;2.0000;1;0;1;0;0;0;
EBT;UF;3152808;6.1250;4;1;3;0;0;0;
EBT;UF;3152907;2.0000;1;0;1;0;0;0;
EBT;UF;3153400;2.2500;2;1;1;0;0;0;
EBT;UF;3153509;0.2500;1;1;0;0;0;0;
EBT;UF;3153608;0.2500;1;1;0;0;0;0;
EBT;UF;3154101;0.2500;1;1;0;0;0;0;
EBT;UF;3154408;1.0000;1;0;1;0;0;0;
EBT;UF;3154606;2.2500;2;1;1;0;0;0;
EBT;UF;3154705;0.7500;2;2;0;0;0;0;
EBT;UF;3154804;0.2500;1;1;0;0;0;0;
EBT;UF;3154903;2.0000;1;0;1;0;0;0;
EBT;UF;3155108;0.2500;1;1;0;0;0;0;
EBT;UF;3155405;2.3125;3;2;1;0;0;0;
EBT;UF;3155603;2.5000;2;1;1;0;0;0;
EBT;UF;3155702;2.0000;1;0;1;0;0;0;
EBT;UF;3155801;2.2500;2;1;1;0;0;0;
EBT;UF;3156007;2.0000;1;0;1;0;0;0;
EBT;UF;3156700;3.0000;6;5;1;0;0;0;
EBT;UF;3156908;2.0020;2;1;1;0;0;0;
EBT;UF;3157005;2.5000;2;1;1;0;0;0;
EBT;UF;3157104;0.0625;1;1;0;0;0;0;
EBT;UF;3157203;2.0625;2;1;1;0;0;0;
EBT;UF;3157807;6.2500;4;2;1;1;0;0;
EBT;UF;3158508;0.2500;1;1;0;0;0;0;
EBT;UF;3158953;0.2500;1;1;0;0;0;0;
EBT;UF;3159209;2.0000;1;0;1;0;0;0;
EBT;UF;3159605;6.3125;5;2;3;0;0;0;
EBT;UF;3159803;2.0625;2;1;1;0;0;0;
EBT;UF;3160900;1.0000;1;0;1;0;0;0;
EBT;UF;3161007;2.0625;2;1;1;0;0;0;
EBT;UF;3161106;2.1250;3;2;1;0;0;0;
EBT;UF;3161908;0.2500;1;1;0;0;0;0;
EBT;UF;3162005;5.5000;4;1;3;0;0;0;
EBT;UF;3162104;0.5000;1;1;0;0;0;0;
EBT;UF;3162500;0.4375;3;3;0;0;0;0;
EBT;UF;3162807;0.5000;2;2;0;0;0;0;
EBT;UF;3162906;2.2500;3;1;2;0;0;0;
EBT;UF;3163300;0.2500;1;1;0;0;0;0;
EBT;UF;3163409;1.0000;1;0;1;0;0;0;
EBT;UF;3163508;0.2500;1;1;0;0;0;0;
EBT;UF;3163805;0.5000;2;2;0;0;0;0;
EBT;UF;3164209;2.0000;1;0;1;0;0;0;
EBT;UF;3164308;2.0000;1;0;1;0;0;0;
EBT;UF;3164506;0.2500;1;1;0;0;0;0;
EBT;UF;3164704;2.0000;4;3;1;0;0;0;
EBT;UF;3165305;0.1250;1;1;0;0;0;0;
EBT;UF;3165800;0.5000;2;2;0;0;0;0;
EBT;UF;3165909;0.2500;1;1;0;0;0;0;
EBT;UF;3166204;0.2500;1;1;0;0;0;0;
EBT;UF;3167103;2.0625;2;1;1;0;0;0;
EBT;UF;3167202;3.0000;6;5;1;0;0;0;
EBT;UF;3167400;2.0000;1;0;1;0;0;0;
EBT;UF;3167608;0.5625;3;3;0;0;0;0;
EBT;UF;3167806;0.2500;1;1;0;0;0;0;
EBT;UF;3168002;2.0625;2;1;1;0;0;0;
EBT;UF;3168309;0.5000;2;2;0;0;0;0;
EBT;UF;3168606;6.0625;4;1;3;0;0;0;
EBT;UF;3168705;2.7500;8;8;0;0;0;0;
EBT;UF;3168804;1.0000;1;0;1;0;0;0;
EBT;UF;3168903;2.2500;2;1;1;0;0;0;
EBT;UF;3169208;2.0625;2;1;1;0;0;0;
EBT;UF;3169307;0.3750;2;2;0;0;0;0;
EBT;UF;3169356;1.2500;3;3;0;0;0;0;
EBT;UF;3169505;0.2500;1;1;0;0;0;0;
EBT;UF;3169604;2.0000;1;0;1;0;0;0;
EBT;UF;3169802;1.0000;1;0;1;0;0;0;
EBT;UF;3170057;0.2500;1;1;0;0;0;0;
EBT;UF;3170107;0.5098;6;6;0;0;0;0;
EBT;UF;3170206;7.1103;30;27;3;0;0;0;
EBT;UF;3170404;2.0000;1;0;1;0;0;0;
EBT;UF;3170503;0.2500;1;1;0;0;0;0;
EBT;UF;3170701;0.7500;4;4;0;0;0;0;
EBT;UF;3171006;12.2500;7;1;6;0;0;0;
EBT;UF;3171105;0.2500;1;1;0;0;0;0;
EBT;UF;3171303;2.0000;1;0;1;0;0;0;
EBT;UF;3200102;0.3125;2;2;0;0;0;0;
EBT;UF;3200136;4.0000;2;0;2;0;0;0;
EBT;UF;3200201;0.2500;1;1;0;0;0;0;
EBT;UF;3200300;0.0625;1;1;0;0;0;0;
EBT;UF;3200409;0.1250;2;2;0;0;0;0;
EBT;UF;3200508;4.0000;2;0;2;0;0;0;
EBT;UF;3200607;0.1875;3;3;0;0;0;0;
EBT;UF;3200805;0.0625;1;1;0;0;0;0;
EBT;UF;3200904;1.0625;2;1;1;0;0;0;
EBT;UF;3201159;0.0625;1;1;0;0;0;0;
EBT;UF;3201209;0.0625;1;1;0;0;0;0;
EBT;UF;3201308;5.3750;4;3;0;1;0;0;
EBT;UF;3201506;0.0625;1;1;0;0;0;0;
EBT;UF;3201605;0.0625;1;1;0;0;0;0;
EBT;UF;3201704;0.0625;1;1;0;0;0;0;
EBT;UF;3201803;2.0625;2;1;1;0;0;0;
EBT;UF;3201902;0.0625;1;1;0;0;0;0;
EBT;UF;3202009;2.0000;1;0;1;0;0;0;
EBT;UF;3202207;6.0625;4;1;3;0;0;0;
EBT;UF;3202405;5.5723;4;3;0;1;0;0;
EBT;UF;3202454;4.3125;4;2;2;0;0;0;
EBT;UF;3202553;2.0000;1;0;1;0;0;0;
EBT;UF;3202652;0.0625;1;1;0;0;0;0;
EBT;UF;3203007;5.8125;5;1;4;0;0;0;
EBT;UF;3203106;4.0625;3;1;2;0;0;0;
EBT;UF;3203205;0.0625;1;1;0;0;0;0;
EBT;UF;3203304;2.0625;2;1;1;0;0;0;
EBT;UF;3203353;0.0625;1;1;0;0;0;0;
EBT;UF;3203403;0.3125;2;2;0;0;0;0;
EBT;UF;3203601;10.0625;6;1;5;0;0;0;
EBT;UF;3203700;0.0625;1;1;0;0;0;0;
EBT;UF;3203809;2.2500;2;1;1;0;0;0;
EBT;UF;3204252;0.0625;1;1;0;0;0;0;
EBT;UF;3204500;0.2500;1;1;0;0;0;0;
EBT;UF;3204559;0.0625;1;1;0;0;0;0;
EBT;UF;3204609;0.0625;1;1;0;0;0;0;
EBT;UF;3204708;0.1875;2;2;0;0;0;0;
EBT;UF;3204906;0.0625;1;1;0;0;0;0;
EBT;UF;3204955;0.0625;1;1;0;0;0;0;
EBT;UF;3205002;1.5049;11;11;0;0;0;0;
EBT;UF;3205036;2.3125;3;2;1;0;0;0;
EBT;UF;3205069;1.1875;4;4;0;0;0;0;
EBT;UF;3205101;0.0625;1;1;0;0;0;0;
EBT;UF;3205150;4.0000;2;0;2;0;0;0;
EBT;UF;3205176;0.0625;1;1;0;0;0;0;
EBT;UF;3205200;0.3770;5;5;0;0;0;0;
EBT;UF;3205309;10.9463;21;19;0;2;0;0;
EBT;UF;3300100;8.3848;11;9;1;1;0;0;
EBT;UF;3300209;0.0723;2;2;0;0;0;0;
EBT;UF;3300233;1.6250;3;2;1;0;0;0;
EBT;UF;3300308;10.4473;16;13;2;1;0;0;
EBT;UF;3300407;1.6250;5;5;0;0;0;0;
EBT;UF;3300456;0.6250;2;2;0;0;0;0;
EBT;UF;3300605;1.0000;1;0;1;0;0;0;
EBT;UF;3300704;0.5000;1;1;0;0;0;0;
EBT;UF;3300902;0.5000;1;1;0;0;0;0;
EBT;UF;3301009;1.7500;6;6;0;0;0;0;
EBT;UF;3301306;0.0625;1;1;0;0;0;0;
EBT;UF;3301702;11.6875;17;14;2;1;0;0;
EBT;UF;3301801;0.2500;1;1;0;0;0;0;
EBT;UF;3301850;1.0000;2;2;0;0;0;0;
EBT;UF;3301900;1.5625;5;5;0;0;0;0;
EBT;UF;3302007;4.2061;11;9;2;0;0;0;
EBT;UF;3302205;0.1250;1;1;0;0;0;0;
EBT;UF;3302403;1.3848;6;6;0;0;0;0;
EBT;UF;3302502;2.0000;5;4;1;0;0;0;
EBT;UF;3302601;0.8125;3;3;0;0;0;0;
EBT;UF;3302700;2.3750;5;4;1;0;0;0;
EBT;UF;3302858;0.5625;3;3;0;0;0;0;
EBT;UF;3302908;1.5000;2;1;1;0;0;0;
EBT;UF;3303005;0.2500;1;1;0;0;0;0;
EBT;UF;3303203;1.5625;5;5;0;0;0;0;
EBT;UF;3303302;6.8848;16;13;3;0;0;0;
EBT;UF;3303401;7.3750;10;9;0;1;0;0;
EBT;UF;3303500;6.5186;16;13;3;0;0;0;
EBT;UF;3303609;1.8936;5;4;1;0;0;0;
EBT;UF;3303708;0.4375;3;3;0;0;0;0;
EBT;UF;3303807;5.7500;3;2;0;1;0;0;
EBT;UF;3303906;0.8125;5;5;0;0;0;0;
EBT;UF;3304003;2.0000;2;0;2;0;0;0;
EBT;UF;3304102;0.5000;1;1;0;0;0;0;
EBT;UF;3304110;11.6875;8;5;1;2;0;0;
EBT;UF;3304144;2.0000;6;6;0;0;0;0;
EBT;UF;3304201;1.2500;7;7;0;0;0;0;
EBT;UF;3304300;1.7500;6;6;0;0;0;0;
EBT;UF;3304524;1.5625;3;2;1;0;0;0;
EBT;UF;3304557;331.8349;723;586;122;15;0;0;
EBT;UF;3304755;1.2500;2;1;1;0;0;0;
EBT;UF;3304805;0.3125;2;2;0;0;0;0;
EBT;UF;3304904;3.8750;12;10;2;0;0;0;
EBT;UF;3305109;1.9375;12;12;0;0;0;0;
EBT;UF;3305158;0.3125;2;2;0;0;0;0;
EBT;UF;3305208;2.1250;4;3;1;0;0;0;
EBT;UF;3305554;0.2500;3;3;0;0;0;0;
EBT;UF;3305604;0.1250;2;2;0;0;0;0;
EBT;UF;3305802;1.0000;3;3;0;0;0;0;
EBT;UF;3306008;0.8750;3;3;0;0;0;0;
EBT;UF;3306305;9.6875;14;12;1;1;0;0;
EBT;UF;3500303;2.2500;2;1;1;0;0;0;
EBT;UF;3500501;1.2500;2;1;1;0;0;0;
EBT;UF;3500600;2.2500;2;1;1;0;0;0;
EBT;UF;3500709;0.3125;2;2;0;0;0;0;
EBT;UF;3501004;1.0000;1;0;1;0;0;0;
EBT;UF;3501301;2.2500;2;1;1;0;0;0;
EBT;UF;3501608;2.7500;4;3;1;0;0;0;
EBT;UF;3501707;2.2500;2;1;1;0;0;0;
EBT;UF;3501905;7.0625;7;4;3;0;0;0;
EBT;UF;3502200;2.3125;3;2;1;0;0;0;
EBT;UF;3502309;2.2500;2;1;1;0;0;0;
EBT;UF;3502507;2.1875;4;3;1;0;0;0;
EBT;UF;3502705;4.2500;3;1;2;0;0;0;
EBT;UF;3502804;2.6875;5;4;1;0;0;0;
EBT;UF;3503208;15.7598;11;5;5;1;0;0;
EBT;UF;3503307;0.2500;1;1;0;0;0;0;
EBT;UF;3503802;0.2500;1;1;0;0;0;0;
EBT;UF;3503901;0.5625;2;2;0;0;0;0;
EBT;UF;3504008;0.7500;2;2;0;0;0;0;
EBT;UF;3504107;7.5000;7;4;3;0;0;0;
EBT;UF;3504206;2.2500;2;1;1;0;0;0;
EBT;UF;3504404;0.0625;1;1;0;0;0;0;
EBT;UF;3504503;7.5000;3;1;1;1;0;0;
EBT;UF;3504909;2.3125;3;2;1;0;0;0;
EBT;UF;3505203;3.7500;4;2;2;0;0;0;
EBT;UF;3505500;4.1875;8;6;2;0;0;0;
EBT;UF;3505708;23.5195;38;30;8;0;0;0;
EBT;UF;3505906;0.0098;1;1;0;0;0;0;
EBT;UF;3506003;10.9375;6;4;0;2;0;0;
EBT;UF;3506102;0.2500;1;1;0;0;0;0;
EBT;UF;3506300;3.2500;4;3;1;0;0;0;
EBT;UF;3506409;0.0098;1;1;0;0;0;0;
EBT;UF;3506508;0.0625;1;1;0;0;0;0;
EBT;UF;3507001;2.2500;2;1;1;0;0;0;
EBT;UF;3507407;2.2500;2;1;1;0;0;0;
EBT;UF;3507506;4.3750;4;2;2;0;0;0;
EBT;UF;3507605;2.0625;2;1;1;0;0;0;
EBT;UF;3507902;2.2500;2;1;1;0;0;0;
EBT;UF;3508009;2.2500;2;1;1;0;0;0;
EBT;UF;3508108;2.2500;2;1;1;0;0;0;
EBT;UF;3508405;6.0000;3;0;3;0;0;0;
EBT;UF;3508504;15.2500;11;4;7;0;0;0;
EBT;UF;3508603;4.5000;4;2;2;0;0;0;
EBT;UF;3508702;2.0000;1;0;1;0;0;0;
EBT;UF;3508801;2.2500;2;1;1;0;0;0;
EBT;UF;3508900;0.0625;1;1;0;0;0;0;
EBT;UF;3509007;11.2500;8;3;5;0;0;0;
EBT;UF;3509205;35.5000;3;1;1;0;1;0;
EBT;UF;3509254;10.0000;1;0;0;1;0;0;
EBT;UF;3509304;2.2500;2;1;1;0;0;0;
EBT;UF;3509403;0.0098;1;1;0;0;0;0;
EBT;UF;3509502;54.7881;45;26;16;3;0;0;
EBT;UF;3509601;11.2500;8;3;5;0;0;0;
EBT;UF;3509700;4.0000;2;0;2;0;0;0;
EBT;UF;3509957;4.0000;2;0;2;0;0;0;
EBT;UF;3510203;2.5000;3;2;1;0;0;0;
EBT;UF;3510401;3.0000;4;3;1;0;0;0;
EBT;UF;3510500;23.0000;14;3;11;0;0;0;
EBT;UF;3510609;2.0000;1;0;1;0;0;0;
EBT;UF;3510708;2.2500;2;1;1;0;0;0;
EBT;UF;3510807;1.2500;2;1;1;0;0;0;
EBT;UF;3511102;2.3223;4;3;1;0;0;0;
EBT;UF;3511409;2.2500;2;1;1;0;0;0;
EBT;UF;3511508;2.5000;3;2;1;0;0;0;
EBT;UF;3511607;0.0625;1;1;0;0;0;0;
EBT;UF;3511706;2.2500;2;1;1;0;0;0;
EBT;UF;3512209;4.2500;3;1;2;0;0;0;
EBT;UF;3512308;2.2500;2;1;1;0;0;0;
EBT;UF;3512407;2.2500;2;1;1;0;0;0;
EBT;UF;3512803;2.2598;3;2;1;0;0;0;
EBT;UF;3513009;22.8750;20;10;10;0;0;0;
EBT;UF;3513108;6.0000;3;0;3;0;0;0;
EBT;UF;3513306;2.2500;2;1;1;0;0;0;
EBT;UF;3513405;6.3125;5;2;3;0;0;0;
EBT;UF;3513504;25.5000;21;10;11;0;0;0;
EBT;UF;3513603;2.5000;3;2;1;0;0;0;
EBT;UF;3513702;0.2500;1;1;0;0;0;0;
EBT;UF;3513801;2.4424;6;5;1;0;0;0;
EBT;UF;3513900;2.5000;3;2;1;0;0;0;
EBT;UF;3514106;5.2500;5;3;2;0;0;0;
EBT;UF;3514502;2.2500;2;1;1;0;0;0;
EBT;UF;3514908;0.2500;1;1;0;0;0;0;
EBT;UF;3515004;12.7500;8;2;6;0;0;0;
EBT;UF;3515103;0.5000;1;1;0;0;0;0;
EBT;UF;3515152;2.5000;3;2;1;0;0;0;
EBT;UF;3515202;2.2500;2;1;1;0;0;0;
EBT;UF;3515400;2.2500;2;1;1;0;0;0;
EBT;UF;3515509;0.0625;1;1;0;0;0;0;
EBT;UF;3515707;6.8750;7;4;3;0;0;0;
EBT;UF;3516002;2.2500;2;1;1;0;0;0;
EBT;UF;3516200;0.5000;1;1;0;0;0;0;
EBT;UF;3516309;12.2500;7;1;6;0;0;0;
EBT;UF;3516408;5.0000;4;2;2;0;0;0;
EBT;UF;3516705;0.0625;1;1;0;0;0;0;
EBT;UF;3516903;2.2500;2;1;1;0;0;0;
EBT;UF;3517505;2.2500;2;1;1;0;0;0;
EBT;UF;3517604;2.2500;2;1;1;0;0;0;
EBT;UF;3517703;0.0098;1;1;0;0;0;0;
EBT;UF;3517901;2.0000;1;0;1;0;0;0;
EBT;UF;3518206;2.2500;2;1;1;0;0;0;
EBT;UF;3518305;6.3262;6;3;3;0;0;0;
EBT;UF;3518404;0.6875;6;6;0;0;0;0;
EBT;UF;3518602;2.5098;4;3;1;0;0;0;
EBT;UF;3518701;4.5625;7;5;2;0;0;0;
EBT;UF;3518800;20.6250;28;20;8;0;0;0;
EBT;UF;3519055;0.2500;1;1;0;0;0;0;
EBT;UF;3519071;20.0625;16;7;9;0;0;0;
EBT;UF;3519253;2.0000;1;0;1;0;0;0;
EBT;UF;3519303;2.3125;3;2;1;0;0;0;
EBT;UF;3519402;2.2500;2;1;1;0;0;0;
EBT;UF;3519600;2.2500;2;1;1;0;0;0;
EBT;UF;3519709;2.3125;3;2;1;0;0;0;
EBT;UF;3519907;2.2500;2;1;1;0;0;0;
EBT;UF;3520202;2.0000;1;0;1;0;0;0;
EBT;UF;3520301;6.2500;4;1;3;0;0;0;
EBT;UF;3520442;2.2500;2;1;1;0;0;0;
EBT;UF;3520509;2.8750;5;4;1;0;0;0;
EBT;UF;3520707;2.0000;1;0;1;0;0;0;
EBT;UF;3521002;2.2500;2;1;1;0;0;0;
EBT;UF;3521101;2.2500;2;1;1;0;0;0;
EBT;UF;3521200;0.0625;1;1;0;0;0;0;
EBT;UF;3521408;1.0000;1;0;1;0;0;0;
EBT;UF;3521705;2.0000;1;0;1;0;0;0;
EBT;UF;3521804;2.2500;2;1;1;0;0;0;
EBT;UF;3521903;2.2500;2;1;1;0;0;0;
EBT;UF;3522109;2.5000;3;2;1;0;0;0;
EBT;UF;3522208;2.2500;3;2;1;0;0;0;
EBT;UF;3522307;0.8750;4;4;0;0;0;0;
EBT;UF;3522406;8.8750;7;3;4;0;0;0;
EBT;UF;3522505;3.8125;5;3;2;0;0;0;
EBT;UF;3522604;1.3750;4;4;0;0;0;0;
EBT;UF;3522703;2.3750;3;2;1;0;0;0;
EBT;UF;3522802;2.2500;2;1;1;0;0;0;
EBT;UF;3523107;0.5000;1;1;0;0;0;0;
EBT;UF;3523206;1.2500;2;1;1;0;0;0;
EBT;UF;3523305;0.0625;1;1;0;0;0;0;
EBT;UF;3523404;14.6875;11;4;7;0;0;0;
EBT;UF;3523909;0.3311;3;3;0;0;0;0;
EBT;UF;3524006;4.7500;9;8;1;0;0;0;
EBT;UF;3524105;0.0098;1;1;0;0;0;0;
EBT;UF;3524303;0.5820;5;5;0;0;0;0;
EBT;UF;3524402;9.3750;10;6;4;0;0;0;
EBT;UF;3524600;2.5000;3;2;1;0;0;0;
EBT;UF;3524709;0.2500;1;1;0;0;0;0;
EBT;UF;3524808;8.3125;6;2;4;0;0;0;
EBT;UF;3524907;4.0000;2;0;2;0;0;0;
EBT;UF;3525003;0.6875;4;4;0;0;0;0;
EBT;UF;3525201;2.2500;2;1;1;0;0;0;
EBT;UF;3525300;0.8125;5;5;0;0;0;0;
EBT;UF;3525508;2.3125;3;2;1;0;0;0;
EBT;UF;3525706;2.5000;3;2;1;0;0;0;
EBT;UF;3525854;2.0000;1;0;1;0;0;0;
EBT;UF;3525904;18.2070;22;15;6;1;0;0;
EBT;UF;3526001;2.3125;3;2;1;0;0;0;
EBT;UF;3526209;1.0098;2;1;1;0;0;0;
EBT;UF;3526605;0.5000;1;1;0;0;0;0;
EBT;UF;3526704;9.2500;8;4;4;0;0;0;
EBT;UF;3526803;2.0000;1;0;1;0;0;0;
EBT;UF;3526902;6.1250;5;2;3;0;0;0;
EBT;UF;3527009;0.6250;3;3;0;0;0;0;
EBT;UF;3527207;2.7500;4;3;1;0;0;0;
EBT;UF;3527603;2.2500;2;1;1;0;0;0;
EBT;UF;3528007;2.5000;3;2;1;0;0;0;
EBT;UF;3528106;2.2500;2;1;1;0;0;0;
EBT;UF;3528403;0.0625;1;1;0;0;0;0;
EBT;UF;3528502;0.0098;1;1;0;0;0;0;
EBT;UF;3528809;2.2500;2;1;1;0;0;0;
EBT;UF;3528858;2.0000;1;0;1;0;0;0;
EBT;UF;3529005;2.7500;6;5;1;0;0;0;
EBT;UF;3529401;4.3750;6;4;2;0;0;0;
EBT;UF;3530102;2.2500;2;1;1;0;0;0;
EBT;UF;3530201;0.3750;2;2;0;0;0;0;
EBT;UF;3530508;0.7500;2;2;0;0;0;0;
EBT;UF;3530607;2.9561;7;6;1;0;0;0;
EBT;UF;3530706;0.6250;3;3;0;0;0;0;
EBT;UF;3530805;7.1250;9;6;3;0;0;0;
EBT;UF;3531308;2.7500;3;2;1;0;0;0;
EBT;UF;3531407;2.2500;2;1;1;0;0;0;
EBT;UF;3531704;8.2500;5;1;4;0;0;0;
EBT;UF;3531803;0.7500;2;2;0;0;0;0;
EBT;UF;3532009;2.2500;2;1;1;0;0;0;
EBT;UF;3532603;2.2598;3;2;1;0;0;0;
EBT;UF;3533007;2.2500;2;1;1;0;0;0;
EBT;UF;3533502;3.0000;5;4;1;0;0;0;
EBT;UF;3534401;5.7168;20;19;1;0;0;0;
EBT;UF;3534708;2.3125;3;2;1;0;0;0;
EBT;UF;3534757;2.2500;2;1;1;0;0;0;
EBT;UF;3534906;2.2500;2;1;1;0;0;0;
EBT;UF;3535002;2.2500;2;1;1;0;0;0;
EBT;UF;3535200;2.3125;3;2;1;0;0;0;
EBT;UF;3535309;0.0098;1;1;0;0;0;0;
EBT;UF;3535408;2.2500;2;1;1;0;0;0;
EBT;UF;3535507;0.0098;1;1;0;0;0;0;
EBT;UF;3535804;4.5000;4;2;2;0;0;0;
EBT;UF;3536000;2.2500;2;1;1;0;0;0;
EBT;UF;3536109;0.0625;1;1;0;0;0;0;
EBT;UF;3536208;0.0625;1;1;0;0;0;0;
EBT;UF;3536307;2.2500;2;1;1;0;0;0;
EBT;UF;3536505;50.6309;39;14;25;0;0;0;
EBT;UF;3536604;2.2500;2;1;1;0;0;0;
EBT;UF;3536703;0.1250;1;1;0;0;0;0;
EBT;UF;3537008;2.2500;2;1;1;0;0;0;
EBT;UF;3537107;0.2500;1;1;0;0;0;0;
EBT;UF;3537156;2.3750;4;3;1;0;0;0;
EBT;UF;3537206;0.0625;1;1;0;0;0;0;
EBT;UF;3537305;0.1250;1;1;0;0;0;0;
EBT;UF;3537602;5.9375;7;4;3;0;0;0;
EBT;UF;3537800;3.0674;6;5;1;0;0;0;
EBT;UF;3537909;2.3125;3;2;1;0;0;0;
EBT;UF;3538006;7.1875;13;10;3;0;0;0;
EBT;UF;3538204;1.2500;2;1;1;0;0;0;
EBT;UF;3538600;2.2500;2;1;1;0;0;0;
EBT;UF;3538709;27.5000;14;5;8;1;0;0;
EBT;UF;3538808;2.0000;1;0;1;0;0;0;
EBT;UF;3538907;2.2500;2;1;1;0;0;0;
EBT;UF;3539004;2.2500;2;1;1;0;0;0;
EBT;UF;3539103;0.0625;1;1;0;0;0;0;
EBT;UF;3539202;2.2500;2;1;1;0;0;0;
EBT;UF;3539301;4.3945;7;5;2;0;0;0;
EBT;UF;3539400;2.2500;2;1;1;0;0;0;
EBT;UF;3539509;4.3125;4;2;2;0;0;0;
EBT;UF;3539806;5.2686;6;4;2;0;0;0;
EBT;UF;3540002;2.2500;2;1;1;0;0;0;
EBT;UF;3540200;2.2500;2;1;1;0;0;0;
EBT;UF;3540705;0.7500;2;2;0;0;0;0;
EBT;UF;3540754;4.0000;2;0;2;0;0;0;
EBT;UF;3540804;2.2500;2;1;1;0;0;0;
EBT;UF;3541000;523.9375;13;7;5;0;0;1;
EBT;UF;3541208;2.2500;2;1;1;0;0;0;
EBT;UF;3541406;0.8848;4;4;0;0;0;0;
EBT;UF;3541604;2.5625;4;3;1;0;0;0;
EBT;UF;3541901;2.5000;2;1;1;0;0;0;
EBT;UF;3542404;3.2500;4;3;1;0;0;0;
EBT;UF;3542602;8.0000;4;0;4;0;0;0;
EBT;UF;3542909;2.2500;2;1;1;0;0;0;
EBT;UF;3543006;2.2500;2;1;1;0;0;0;
EBT;UF;3543303;4.2500;3;1;2;0;0;0;
EBT;UF;3543402;10.6533;15;11;4;0;0;0;
EBT;UF;3543808;2.2500;2;1;1;0;0;0;
EBT;UF;3543907;6.6875;8;5;3;0;0;0;
EBT;UF;3544004;2.0098;2;1;1;0;0;0;
EBT;UF;3544202;0.2500;1;1;0;0;0;0;
EBT;UF;3544301;4.5625;4;2;2;0;0;0;
EBT;UF;3545209;4.2500;3;1;2;0;0;0;
EBT;UF;3545605;4.2500;3;1;2;0;0;0;
EBT;UF;3546009;6.5000;5;2;3;0;0;0;
EBT;UF;3546306;2.2500;2;1;1;0;0;0;
EBT;UF;3546603;2.2500;2;1;1;0;0;0;
EBT;UF;3546702;2.2500;2;1;1;0;0;0;
EBT;UF;3547304;20.5000;17;8;9;0;0;0;
EBT;UF;3547502;2.2500;2;1;1;0;0;0;
EBT;UF;3547601;2.2500;2;1;1;0;0;0;
EBT;UF;3547700;2.2500;2;1;1;0;0;0;
EBT;UF;3547809;3.5098;14;13;1;0;0;0;
EBT;UF;3548005;2.5000;3;2;1;0;0;0;
EBT;UF;3548500;19.9375;19;10;9;0;0;0;
EBT;UF;3548609;2.2500;2;1;1;0;0;0;
EBT;UF;3548708;5.4375;6;4;2;0;0;0;
EBT;UF;3548807;0.6250;3;3;0;0;0;0;
EBT;UF;3548906;11.6875;12;7;5;0;0;0;
EBT;UF;3549102;0.5000;1;1;0;0;0;0;
EBT;UF;3549607;2.0625;2;1;1;0;0;0;
EBT;UF;3549805;21.5000;16;10;4;2;0;0;
EBT;UF;3549904;28.2070;34;22;12;0;0;0;
EBT;UF;3550001;2.2500;2;1;1;0;0;0;
EBT;UF;3550209;2.2500;2;1;1;0;0;0;
EBT;UF;3550308;210.6611;351;285;53;13;0;0;
EBT;UF;3550704;4.3750;4;2;2;0;0;0;
EBT;UF;3550803;2.2500;2;1;1;0;0;0;
EBT;UF;3550902;2.2500;2;1;1;0;0;0;
EBT;UF;3551009;5.0625;6;4;2;0;0;0;
EBT;UF;3551108;2.2500;2;1;1;0;0;0;
EBT;UF;3551504;2.2598;3;2;1;0;0;0;
EBT;UF;3551603;2.7500;3;2;1;0;0;0;
EBT;UF;3551702;2.7686;4;3;1;0;0;0;
EBT;UF;3551801;2.2500;2;1;1;0;0;0;
EBT;UF;3552106;2.5000;3;2;1;0;0;0;
EBT;UF;3552205;13.1348;17;11;6;0;0;0;
EBT;UF;3552403;26.8125;27;16;11;0;0;0;
EBT;UF;3552502;4.1875;10;8;2;0;0;0;
EBT;UF;3552601;2.2500;2;1;1;0;0;0;
EBT;UF;3552809;15.1875;16;10;6;0;0;0;
EBT;UF;3553005;0.0625;1;1;0;0;0;0;
EBT;UF;3553302;2.3125;3;2;1;0;0;0;
EBT;UF;3553401;2.2500;2;1;1;0;0;0;
EBT;UF;3553609;2.2598;3;2;1;0;0;0;
EBT;UF;3553708;4.2500;3;1;2;0;0;0;
EBT;UF;3553807;2.2500;2;1;1;0;0;0;
EBT;UF;3553955;2.2500;2;1;1;0;0;0;
EBT;UF;3554003;4.3750;4;2;2;0;0;0;
EBT;UF;3554102;3084.0625;14;7;3;1;0;3;
EBT;UF;3554755;0.0625;1;1;0;0;0;0;
EBT;UF;3554805;12.0000;6;0;6;0;0;0;
EBT;UF;3554904;2.2500;2;1;1;0;0;0;
EBT;UF;3555406;4.3125;9;7;2;0;0;0;
EBT;UF;3555604;2.7500;3;2;1;0;0;0;
EBT;UF;3555802;2.2500;2;1;1;0;0;0;
EBT;UF;3556008;2.2500;2;1;1;0;0;0;
EBT;UF;3556107;2.2500;2;1;1;0;0;0;
EBT;UF;3556206;2.8750;5;4;1;0;0;0;
EBT;UF;3556305;2.2500;2;1;1;0;0;0;
EBT;UF;3556354;2.0000;1;0;1;0;0;0;
EBT;UF;3556503;3.5625;7;6;1;0;0;0;
EBT;UF;3556701;20.8125;18;9;9;0;0;0;
EBT;UF;3556800;2.3750;3;2;1;0;0;0;
EBT;UF;3556909;4.2500;3;1;2;0;0;0;
EBT;UF;3557006;3.0625;4;3;1;0;0;0;
EBT;UF;3557105;4.0000;2;0;2;0;0;0;
EBT;UF;3557204;2.2500;2;1;1;0;0;0;
EBT;UF;4100202;0.0625;1;1;0;0;0;0;
EBT;UF;4100301;0.0625;1;1;0;0;0;0;
EBT;UF;4100400;0.0625;1;1;0;0;0;0;
EBT;UF;4100509;0.3750;2;2;0;0;0;0;
EBT;UF;4100608;0.2500;1;1;0;0;0;0;
EBT;UF;4100707;0.1250;1;1;0;0;0;0;
EBT;UF;4100806;0.2500;1;1;0;0;0;0;
EBT;UF;4101002;0.0625;1;1;0;0;0;0;
EBT;UF;4101150;0.2500;1;1;0;0;0;0;
EBT;UF;4101200;3.2500;4;1;3;0;0;0;
EBT;UF;4101309;0.2500;1;1;0;0;0;0;
EBT;UF;4101408;0.2500;1;1;0;0;0;0;
EBT;UF;4101606;0.3125;2;2;0;0;0;0;
EBT;UF;4101705;0.2500;1;1;0;0;0;0;
EBT;UF;4101804;0.0723;2;2;0;0;0;0;
EBT;UF;4101903;0.2500;1;1;0;0;0;0;
EBT;UF;4102000;0.5000;2;2;0;0;0;0;
EBT;UF;4102109;0.5625;3;3;0;0;0;0;
EBT;UF;4102208;0.3125;2;2;0;0;0;0;
EBT;UF;4102505;0.2500;1;1;0;0;0;0;
EBT;UF;4102901;0.3125;2;2;0;0;0;0;
EBT;UF;4103040;0.2500;1;1;0;0;0;0;
EBT;UF;4103107;0.4375;3;3;0;0;0;0;
EBT;UF;4103156;0.0625;1;1;0;0;0;0;
EBT;UF;4103453;0.3125;2;2;0;0;0;0;
EBT;UF;4103602;0.2500;1;1;0;0;0;0;
EBT;UF;4103701;0.2500;2;2;0;0;0;0;
EBT;UF;4103958;0.2500;1;1;0;0;0;0;
EBT;UF;4104006;0.1250;1;1;0;0;0;0;
EBT;UF;4104204;0.1250;1;1;0;0;0;0;
EBT;UF;4104253;0.3750;3;3;0;0;0;0;
EBT;UF;4104402;1.2500;2;1;1;0;0;0;
EBT;UF;4104451;2.5000;4;2;2;0;0;0;
EBT;UF;4104501;0.5000;1;1;0;0;0;0;
EBT;UF;4104600;0.2500;1;1;0;0;0;0;
EBT;UF;4104659;0.5000;2;2;0;0;0;0;
EBT;UF;4104709;0.4375;3;3;0;0;0;0;
EBT;UF;4104808;1.5723;7;7;0;0;0;0;
EBT;UF;4104907;4.5000;3;1;2;0;0;0;
EBT;UF;4105003;0.0098;1;1;0;0;0;0;
EBT;UF;4105102;0.2500;1;1;0;0;0;0;
EBT;UF;4105409;0.0625;1;1;0;0;0;0;
EBT;UF;4105508;0.1250;1;1;0;0;0;0;
EBT;UF;4105706;0.2500;1;1;0;0;0;0;
EBT;UF;4105805;0.4375;3;3;0;0;0;0;
EBT;UF;4105904;0.2500;1;1;0;0;0;0;
EBT;UF;4106100;0.0625;1;1;0;0;0;0;
EBT;UF;4106209;0.2500;1;1;0;0;0;0;
EBT;UF;4106605;0.2500;1;1;0;0;0;0;
EBT;UF;4106803;0.3750;2;2;0;0;0;0;
EBT;UF;4106902;6.5244;75;75;0;0;0;0;
EBT;UF;4107207;0.3750;2;2;0;0;0;0;
EBT;UF;4107256;0.6875;4;4;0;0;0;0;
EBT;UF;4107306;0.2500;1;1;0;0;0;0;
EBT;UF;4107405;0.2500;1;1;0;0;0;0;
EBT;UF;4107538;0.2500;1;1;0;0;0;0;
EBT;UF;4107603;0.3125;2;2;0;0;0;0;
EBT;UF;4107652;1.2500;3;2;1;0;0;0;
EBT;UF;4107850;0.0625;1;1;0;0;0;0;
EBT;UF;4107900;2.0000;1;0;1;0;0;0;
EBT;UF;4108106;2.0000;1;0;1;0;0;0;
EBT;UF;4108205;0.2500;1;1;0;0;0;0;
EBT;UF;4108304;3.5098;12;11;1;0;0;0;
EBT;UF;4108320;0.0625;1;1;0;0;0;0;
EBT;UF;4108502;0.3750;2;2;0;0;0;0;
EBT;UF;4108650;0.2500;1;1;0;0;0;0;
EBT;UF;4108700;0.2500;1;1;0;0;0;0;
EBT;UF;4108809;0.8125;3;3;0;0;0;0;
EBT;UF;4109302;0.5000;2;2;0;0;0;0;
EBT;UF;4109401;1.0186;4;4;0;0;0;0;
EBT;UF;4109609;0.3125;2;2;0;0;0;0;
EBT;UF;4109658;0.2500;1;1;0;0;0;0;
EBT;UF;4109708;0.2500;1;1;0;0;0;0;
EBT;UF;4109757;0.0625;1;1;0;0;0;0;
EBT;UF;4109906;0.3750;2;2;0;0;0;0;
EBT;UF;4110003;1.0625;2;1;1;0;0;0;
EBT;UF;4110201;1.0000;1;0;1;0;0;0;
EBT;UF;4110409;0.0625;1;1;0;0;0;0;
EBT;UF;4110607;0.2500;1;1;0;0;0;0;
EBT;UF;4110706;0.2500;1;1;0;0;0;0;
EBT;UF;4110805;1.2500;2;1;1;0;0;0;
EBT;UF;4110953;0.5000;2;2;0;0;0;0;
EBT;UF;4111001;0.0625;1;1;0;0;0;0;
EBT;UF;4111100;1.2500;2;1;1;0;0;0;
EBT;UF;4111407;1.0000;1;0;1;0;0;0;
EBT;UF;4111803;0.5000;2;2;0;0;0;0;
EBT;UF;4112009;0.2500;1;1;0;0;0;0;
EBT;UF;4112207;1.2500;2;1;1;0;0;0;
EBT;UF;4112504;0.2500;1;1;0;0;0;0;
EBT;UF;4112801;0.2500;1;1;0;0;0;0;
EBT;UF;4112959;1.0000;1;0;1;0;0;0;
EBT;UF;4113205;0.3125;2;2;0;0;0;0;
EBT;UF;4113452;0.2500;1;1;0;0;0;0;
EBT;UF;4113502;0.2500;1;1;0;0;0;0;
EBT;UF;4113601;1.2500;2;1;1;0;0;0;
EBT;UF;4113700;2.6631;8;6;2;0;0;0;
EBT;UF;4113908;1.2500;2;1;1;0;0;0;
EBT;UF;4114005;0.2500;1;1;0;0;0;0;
EBT;UF;4114104;0.2500;1;1;0;0;0;0;
EBT;UF;4114302;1.2500;2;1;1;0;0;0;
EBT;UF;4114401;0.3125;2;2;0;0;0;0;
EBT;UF;4114500;0.2500;1;1;0;0;0;0;
EBT;UF;4114609;1.1250;4;4;0;0;0;0;
EBT;UF;4114807;0.2500;1;1;0;0;0;0;
EBT;UF;4114906;0.2500;1;1;0;0;0;0;
EBT;UF;4115200;1.3848;5;4;1;0;0;0;
EBT;UF;4115358;0.2500;1;1;0;0;0;0;
EBT;UF;4115408;0.2500;1;1;0;0;0;0;
EBT;UF;4115705;0.6250;6;6;0;0;0;0;
EBT;UF;4116000;0.5000;2;2;0;0;0;0;
EBT;UF;4116059;0.3125;2;2;0;0;0;0;
EBT;UF;4116208;1.2500;2;1;1;0;0;0;
EBT;UF;4116703;0.2500;1;1;0;0;0;0;
EBT;UF;4116950;0.0625;1;1;0;0;0;0;
EBT;UF;4117008;0.1875;2;2;0;0;0;0;
EBT;UF;4117107;0.2500;1;1;0;0;0;0;
EBT;UF;4117255;0.3750;2;2;0;0;0;0;
EBT;UF;4117453;0.2500;1;1;0;0;0;0;
EBT;UF;4117602;0.2500;1;1;0;0;0;0;
EBT;UF;4117701;0.6250;4;4;0;0;0;0;
EBT;UF;4117909;0.6875;3;3;0;0;0;0;
EBT;UF;4118006;0.2500;1;1;0;0;0;0;
EBT;UF;4118105;0.2500;1;1;0;0;0;0;
EBT;UF;4118204;0.5723;5;5;0;0;0;0;
EBT;UF;4118303;0.2500;1;1;0;0;0;0;
EBT;UF;4118402;1.1250;2;1;1;0;0;0;
EBT;UF;4118451;0.0625;1;1;0;0;0;0;
EBT;UF;4118501;0.5000;1;1;0;0;0;0;
EBT;UF;4118600;0.2500;1;1;0;0;0;0;
EBT;UF;4118709;0.2500;1;1;0;0;0;0;
EBT;UF;4118808;1.2500;2;1;1;0;0;0;
EBT;UF;4118907;0.2500;1;1;0;0;0;0;
EBT;UF;4119103;0.6250;3;3;0;0;0;0;
EBT;UF;4119202;0.2500;1;1;0;0;0;0;
EBT;UF;4119400;1.5000;5;4;1;0;0;0;
EBT;UF;4119608;0.2500;1;1;0;0;0;0;
EBT;UF;4119905;1.2598;11;11;0;0;0;0;
EBT;UF;4119954;4.1875;5;3;2;0;0;0;
EBT;UF;4120002;0.2500;1;1;0;0;0;0;
EBT;UF;4120200;1.2500;2;1;1;0;0;0;
EBT;UF;4120408;0.0625;1;1;0;0;0;0;
EBT;UF;4120507;0.5000;1;1;0;0;0;0;
EBT;UF;4120655;0.0625;1;1;0;0;0;0;
EBT;UF;4120804;0.2500;1;1;0;0;0;0;
EBT;UF;4120853;0.5000;2;2;0;0;0;0;
EBT;UF;4120903;0.3125;2;2;0;0;0;0;
EBT;UF;4121000;0.2500;1;1;0;0;0;0;
EBT;UF;4121109;0.2500;1;1;0;0;0;0;
EBT;UF;4121208;1.0000;1;0;1;0;0;0;
EBT;UF;4121257;0.0625;1;1;0;0;0;0;
EBT;UF;4121356;0.0625;1;1;0;0;0;0;
EBT;UF;4121406;0.2500;1;1;0;0;0;0;
EBT;UF;4121505;0.2500;1;1;0;0;0;0;
EBT;UF;4121703;0.2500;1;1;0;0;0;0;
EBT;UF;4121901;0.2500;1;1;0;0;0;0;
EBT;UF;4122156;1.0000;1;0;1;0;0;0;
EBT;UF;4122206;0.2500;1;1;0;0;0;0;
EBT;UF;4122305;5.0000;3;0;3;0;0;0;
EBT;UF;4122404;0.1250;2;2;0;0;0;0;
EBT;UF;4122503;1.2500;2;1;1;0;0;0;
EBT;UF;4122909;0.2500;1;1;0;0;0;0;
EBT;UF;4123204;0.2500;1;1;0;0;0;0;
EBT;UF;4123303;1.2500;2;1;1;0;0;0;
EBT;UF;4123402;0.3125;2;2;0;0;0;0;
EBT;UF;4123501;0.7500;2;2;0;0;0;0;
EBT;UF;4123709;0.2500;1;1;0;0;0;0;
EBT;UF;4123808;0.2500;1;1;0;0;0;0;
EBT;UF;4123857;1.1250;2;1;1;0;0;0;
EBT;UF;4124103;0.8125;3;3;0;0;0;0;
EBT;UF;4124400;0.2500;1;1;0;0;0;0;
EBT;UF;4124509;0.2500;1;1;0;0;0;0;
EBT;UF;4125100;1.2500;2;1;1;0;0;0;
EBT;UF;4125209;0.1250;1;1;0;0;0;0;
EBT;UF;4125308;0.2500;1;1;0;0;0;0;
EBT;UF;4125407;0.2500;1;1;0;0;0;0;
EBT;UF;4125506;1.2158;11;11;0;0;0;0;
EBT;UF;4125605;0.3125;2;2;0;0;0;0;
EBT;UF;4125704;0.7500;2;2;0;0;0;0;
EBT;UF;4125902;0.2500;1;1;0;0;0;0;
EBT;UF;4126108;0.0625;1;1;0;0;0;0;
EBT;UF;4126256;0.6250;3;3;0;0;0;0;
EBT;UF;4126272;0.1250;2;2;0;0;0;0;
EBT;UF;4126306;0.3125;2;2;0;0;0;0;
EBT;UF;4126603;0.2500;1;1;0;0;0;0;
EBT;UF;4126801;0.2500;1;1;0;0;0;0;
EBT;UF;4127007;1.0000;1;0;1;0;0;0;
EBT;UF;4127106;0.2500;2;2;0;0;0;0;
EBT;UF;4127403;0.2500;1;1;0;0;0;0;
EBT;UF;4127502;0.2500;1;1;0;0;0;0;
EBT;UF;4127601;1.2500;2;1;1;0;0;0;
EBT;UF;4127809;0.2500;1;1;0;0;0;0;
EBT;UF;4127882;0.2500;1;1;0;0;0;0;
EBT;UF;4128005;0.5000;2;2;0;0;0;0;
EBT;UF;4128104;0.0625;1;1;0;0;0;0;
EBT;UF;4128203;0.0625;1;1;0;0;0;0;
EBT;UF;4128302;0.0625;1;1;0;0;0;0;
EBT;UF;4128401;0.2500;1;1;0;0;0;0;
EBT;UF;4128500;0.3750;2;2;0;0;0;0;
EBT;UF;4128534;0.2500;1;1;0;0;0;0;
EBT;UF;4128609;1.2500;2;1;1;0;0;0;
EBT;UF;4128807;0.0625;1;1;0;0;0;0;
EBT;UF;4200200;1.2500;2;1;1;0;0;0;
EBT;UF;4200408;1.2500;2;1;1;0;0;0;
EBT;UF;4200556;2.0000;1;0;1;0;0;0;
EBT;UF;4200705;1.4375;4;3;1;0;0;0;
EBT;UF;4201208;2.2500;3;1;2;0;0;0;
EBT;UF;4201273;0.3750;2;2;0;0;0;0;
EBT;UF;4201307;0.5000;1;1;0;0;0;0;
EBT;UF;4201406;5.9375;8;5;3;0;0;0;
EBT;UF;4201505;1.2500;2;1;1;0;0;0;
EBT;UF;4201653;0.3750;2;2;0;0;0;0;
EBT;UF;4201950;0.3750;2;2;0;0;0;0;
EBT;UF;4202008;0.2500;1;1;0;0;0;0;
EBT;UF;4202107;2.7500;3;2;1;0;0;0;
EBT;UF;4202206;2.2500;3;1;2;0;0;0;
EBT;UF;4202305;0.1875;2;2;0;0;0;0;
EBT;UF;4202404;2.5625;6;5;1;0;0;0;
EBT;UF;4202453;2.0000;1;0;1;0;0;0;
EBT;UF;4202859;1.3125;3;2;1;0;0;0;
EBT;UF;4202909;1.0625;2;1;1;0;0;0;
EBT;UF;4203105;1.2500;2;1;1;0;0;0;
EBT;UF;4203303;1.0000;1;0;1;0;0;0;
EBT;UF;4203402;1.2500;2;1;1;0;0;0;
EBT;UF;4203501;1.5000;3;2;1;0;0;0;
EBT;UF;4203600;3.0000;2;0;2;0;0;0;
EBT;UF;4203709;0.0625;1;1;0;0;0;0;
EBT;UF;4203808;5.0000;6;3;3;0;0;0;
EBT;UF;4203907;1.2500;2;1;1;0;0;0;
EBT;UF;4204004;1.2500;2;1;1;0;0;0;
EBT;UF;4204103;1.2500;2;1;1;0;0;0;
EBT;UF;4204202;1.0625;2;1;1;0;0;0;
EBT;UF;4204251;0.6875;5;5;0;0;0;0;
EBT;UF;4204301;0.0625;1;1;0;0;0;0;
EBT;UF;4204558;15.3125;10;2;8;0;0;0;
EBT;UF;4204608;0.5625;5;5;0;0;0;0;
EBT;UF;4204707;0.3750;2;2;0;0;0;0;
EBT;UF;4204806;0.2500;1;1;0;0;0;0;
EBT;UF;4204905;1.2500;2;1;1;0;0;0;
EBT;UF;4205001;7.3125;7;2;5;0;0;0;
EBT;UF;4205308;3.0000;6;4;2;0;0;0;
EBT;UF;4205407;1.4873;25;25;0;0;0;0;
EBT;UF;4205431;0.3750;2;2;0;0;0;0;
EBT;UF;4205456;1.2500;2;1;1;0;0;0;
EBT;UF;4205605;1.2500;2;1;1;0;0;0;
EBT;UF;4205704;0.0625;1;1;0;0;0;0;
EBT;UF;4205803;1.2500;2;1;1;0;0;0;
EBT;UF;4205902;0.1250;2;2;0;0;0;0;
EBT;UF;4206306;0.5000;1;1;0;0;0;0;
EBT;UF;4206405;1.2500;2;1;1;0;0;0;
EBT;UF;4206504;0.7500;3;3;0;0;0;0;
EBT;UF;4206603;1.2500;2;1;1;0;0;0;
EBT;UF;4206702;1.0625;3;3;0;0;0;0;
EBT;UF;4206900;0.4375;3;3;0;0;0;0;
EBT;UF;4207007;2.1250;7;6;1;0;0;0;
EBT;UF;4207106;0.3125;2;2;0;0;0;0;
EBT;UF;4207304;2.6875;4;3;1;0;0;0;
EBT;UF;4207650;1.2500;2;1;1;0;0;0;
EBT;UF;4207684;1.0000;1;0;1;0;0;0;
EBT;UF;4207700;1.2500;2;1;1;0;0;0;
EBT;UF;4207809;1.5000;3;2;1;0;0;0;
EBT;UF;4207908;1.5000;3;2;1;0;0;0;
EBT;UF;4208104;1.5000;3;2;1;0;0;0;
EBT;UF;4208203;3.2500;9;8;1;0;0;0;
EBT;UF;4208302;4.2500;5;3;2;0;0;0;
EBT;UF;4208401;2.8125;5;3;2;0;0;0;
EBT;UF;4208450;1.2500;2;1;1;0;0;0;
EBT;UF;4208500;2.8750;6;4;2;0;0;0;
EBT;UF;4208708;1.2500;2;1;1;0;0;0;
EBT;UF;4208906;0.1875;2;2;0;0;0;0;
EBT;UF;4209003;0.5098;2;2;0;0;0;0;
EBT;UF;4209102;3.2285;10;9;1;0;0;0;
EBT;UF;4209300;0.2500;1;1;0;0;0;0;
EBT;UF;4209409;0.1250;1;1;0;0;0;0;
EBT;UF;4209607;1.2500;2;1;1;0;0;0;
EBT;UF;4209805;1.2500;2;1;1;0;0;0;
EBT;UF;4209854;0.5000;1;1;0;0;0;0;
EBT;UF;4209904;1.2500;2;1;1;0;0;0;
EBT;UF;4210506;1.7500;3;2;1;0;0;0;
EBT;UF;4210803;1.2500;2;1;1;0;0;0;
EBT;UF;4211009;0.3750;2;2;0;0;0;0;
EBT;UF;4211058;1.0000;1;0;1;0;0;0;
EBT;UF;4211108;1.2500;2;1;1;0;0;0;
EBT;UF;4211207;2.7500;4;2;2;0;0;0;
EBT;UF;4211405;0.2500;1;1;0;0;0;0;
EBT;UF;4211504;1.6250;4;3;1;0;0;0;
EBT;UF;4211751;1.1875;3;2;1;0;0;0;
EBT;UF;4211900;1.2598;3;2;1;0;0;0;
EBT;UF;4212106;1.2500;2;1;1;0;0;0;
EBT;UF;4212205;0.2500;1;1;0;0;0;0;
EBT;UF;4212270;0.4375;3;3;0;0;0;0;
EBT;UF;4212502;0.0908;3;3;0;0;0;0;
EBT;UF;4212809;1.0000;1;0;1;0;0;0;
EBT;UF;4212908;1.7500;3;2;1;0;0;0;
EBT;UF;4213104;1.2500;2;1;1;0;0;0;
EBT;UF;4213203;0.2500;2;2;0;0;0;0;
EBT;UF;4213302;1.2500;2;1;1;0;0;0;
EBT;UF;4213351;1.0000;1;0;1;0;0;0;
EBT;UF;4213401;1.2500;2;1;1;0;0;0;
EBT;UF;4213609;1.5625;4;3;1;0;0;0;
EBT;UF;4213708;1.2500;2;1;1;0;0;0;
EBT;UF;4213807;1.0000;1;0;1;0;0;0;
EBT;UF;4214201;2.0000;3;1;2;0;0;0;
EBT;UF;4214607;1.2500;2;1;1;0;0;0;
EBT;UF;4214805;1.0000;3;3;0;0;0;0;
EBT;UF;4215075;1.2500;2;1;1;0;0;0;
EBT;UF;4215109;0.0625;1;1;0;0;0;0;
EBT;UF;4215307;1.2500;2;1;1;0;0;0;
EBT;UF;4215356;0.3750;2;2;0;0;0;0;
EBT;UF;4215455;0.2500;1;1;0;0;0;0;
EBT;UF;4215679;0.2500;1;1;0;0;0;0;
EBT;UF;4215687;0.1250;1;1;0;0;0;0;
EBT;UF;4215695;0.3750;2;2;0;0;0;0;
EBT;UF;4215703;0.5000;1;1;0;0;0;0;
EBT;UF;4215802;0.6250;5;5;0;0;0;0;
EBT;UF;4215901;1.2500;2;1;1;0;0;0;
EBT;UF;4216008;1.2500;2;1;1;0;0;0;
EBT;UF;4216057;1.0000;1;0;1;0;0;0;
EBT;UF;4216206;0.2500;1;1;0;0;0;0;
EBT;UF;4216305;1.3125;3;2;1;0;0;0;
EBT;UF;4216404;1.2500;2;1;1;0;0;0;
EBT;UF;4216602;0.5625;2;2;0;0;0;0;
EBT;UF;4216701;1.2500;2;1;1;0;0;0;
EBT;UF;4216909;0.3125;2;2;0;0;0;0;
EBT;UF;4217204;9.0000;11;7;4;0;0;0;
EBT;UF;4217402;0.0625;1;1;0;0;0;0;
EBT;UF;4217550;1.2500;2;1;1;0;0;0;
EBT;UF;4217600;0.2500;1;1;0;0;0;0;
EBT;UF;4217709;1.0000;1;0;1;0;0;0;
EBT;UF;4217808;1.2500;2;1;1;0;0;0;
EBT;UF;4217956;0.1875;2;2;0;0;0;0;
EBT;UF;4218004;0.5000;2;2;0;0;0;0;
EBT;UF;4218202;0.3750;3;3;0;0;0;0;
EBT;UF;4218400;1.2500;2;1;1;0;0;0;
EBT;UF;4218608;1.2500;2;1;1;0;0;0;
EBT;UF;4218707;3.0000;4;2;2;0;0;0;
EBT;UF;4218756;1.2500;2;1;1;0;0;0;
EBT;UF;4218806;0.3750;2;2;0;0;0;0;
EBT;UF;4218855;1.2500;2;1;1;0;0;0;
EBT;UF;4218905;3.3613;9;7;2;0;0;0;
EBT;UF;4218954;1.2500;2;1;1;0;0;0;
EBT;UF;4219176;3.0000;4;3;1;0;0;0;
EBT;UF;4219200;0.3750;2;2;0;0;0;0;
EBT;UF;4219309;2.0000;1;0;1;0;0;0;
EBT;UF;4219507;3.1250;4;2;2;0;0;0;
EBT;UF;4219853;0.1250;1;1;0;0;0;0;
EBT;UF;4300034;1.0000;1;0;1;0;0;0;
EBT;UF;4300109;1.5000;3;2;1;0;0;0;
EBT;UF;4300208;1.2500;2;1;1;0;0;0;
EBT;UF;4300307;1.0000;1;0;1;0;0;0;
EBT;UF;4300406;0.0625;1;1;0;0;0;0;
EBT;UF;4300604;0.2500;3;3;0;0;0;0;
EBT;UF;4300802;2.1250;5;4;1;0;0;0;
EBT;UF;4300901;1.1250;2;1;1;0;0;0;
EBT;UF;4301008;1.8125;5;4;1;0;0;0;
EBT;UF;4301057;2.2500;3;1;2;0;0;0;
EBT;UF;4301107;2.2500;3;1;2;0;0;0;
EBT;UF;4301206;2.5000;4;2;2;0;0;0;
EBT;UF;4301305;2.5625;5;3;2;0;0;0;
EBT;UF;4301404;2.5000;4;2;2;0;0;0;
EBT;UF;4301503;0.6250;3;3;0;0;0;0;
EBT;UF;4301552;0.5000;2;2;0;0;0;0;
EBT;UF;4301602;0.0186;1;1;0;0;0;0;
EBT;UF;4301800;1.0000;1;0;1;0;0;0;
EBT;UF;4301909;1.5000;3;2;1;0;0;0;
EBT;UF;4302006;1.0000;1;0;1;0;0;0;
EBT;UF;4302105;0.2061;3;3;0;0;0;0;
EBT;UF;4302204;1.3750;3;2;1;0;0;0;
EBT;UF;4302303;3.2500;3;1;2;0;0;0;
EBT;UF;4302451;1.1250;2;1;1;0;0;0;
EBT;UF;4302501;1.0000;1;0;1;0;0;0;
EBT;UF;4302659;1.2500;2;1;1;0;0;0;
EBT;UF;4302709;2.5000;4;2;2;0;0;0;
EBT;UF;4302808;1.5000;3;2;1;0;0;0;
EBT;UF;4303004;3.5000;3;1;2;0;0;0;
EBT;UF;4303301;1.0000;1;0;1;0;0;0;
EBT;UF;4303509;0.1250;1;1;0;0;0;0;
EBT;UF;4303673;1.2500;2;1;1;0;0;0;
EBT;UF;4303707;0.2500;1;1;0;0;0;0;
EBT;UF;4303806;0.2500;1;1;0;0;0;0;
EBT;UF;4303905;0.2500;1;1;0;0;0;0;
EBT;UF;4304002;1.7500;4;3;1;0;0;0;
EBT;UF;4304200;0.2500;1;1;0;0;0;0;
EBT;UF;4304358;1.0000;1;0;1;0;0;0;
EBT;UF;4304408;1.1250;2;1;1;0;0;0;
EBT;UF;4304507;3.2598;7;5;2;0;0;0;
EBT;UF;4304606;2.6445;6;5;1;0;0;0;
EBT;UF;4304630;0.0625;1;1;0;0;0;0;
EBT;UF;4304671;1.2500;2;1;1;0;0;0;
EBT;UF;4304705;0.1250;1;1;0;0;0;0;
EBT;UF;4304903;1.2500;2;1;1;0;0;0;
EBT;UF;4305009;1.5000;3;2;1;0;0;0;
EBT;UF;4305108;5.4561;11;8;3;0;0;0;
EBT;UF;4305116;1.0000;1;0;1;0;0;0;
EBT;UF;4305207;1.5625;4;3;1;0;0;0;
EBT;UF;4305306;1.2500;2;1;1;0;0;0;
EBT;UF;4305355;0.6250;3;3;0;0;0;0;
EBT;UF;4305439;0.7500;2;2;0;0;0;0;
EBT;UF;4305447;0.5000;2;2;0;0;0;0;
EBT;UF;4305454;0.3125;2;2;0;0;0;0;
EBT;UF;4305603;1.2500;2;1;1;0;0;0;
EBT;UF;4305702;0.3750;2;2;0;0;0;0;
EBT;UF;4305801;2.2500;3;1;2;0;0;0;
EBT;UF;4305900;1.5000;3;2;1;0;0;0;
EBT;UF;4306007;1.2500;2;1;1;0;0;0;
EBT;UF;4306106;0.5723;3;3;0;0;0;0;
EBT;UF;4306304;1.2500;2;1;1;0;0;0;
EBT;UF;4306403;0.3125;3;3;0;0;0;0;
EBT;UF;4306452;1.2500;2;1;1;0;0;0;
EBT;UF;4306502;1.2500;2;1;1;0;0;0;
EBT;UF;4306734;1.2500;2;1;1;0;0;0;
EBT;UF;4306767;6.2500;4;1;3;0;0;0;
EBT;UF;4306809;2.5000;4;2;2;0;0;0;
EBT;UF;4306908;4.1250;7;4;3;0;0;0;
EBT;UF;4306932;0.3750;2;2;0;0;0;0;
EBT;UF;4307005;1.0000;1;0;1;0;0;0;
EBT;UF;4307302;2.2500;3;1;2;0;0;0;
EBT;UF;4307401;1.0000;1;0;1;0;0;0;
EBT;UF;4307500;2.5000;4;2;2;0;0;0;
EBT;UF;4307609;0.2500;1;1;0;0;0;0;
EBT;UF;4307708;1.0625;3;3;0;0;0;0;
EBT;UF;4307807;0.4375;3;3;0;0;0;0;
EBT;UF;4307864;0.2500;1;1;0;0;0;0;
EBT;UF;4308003;2.2500;3;1;2;0;0;0;
EBT;UF;4308102;0.2500;1;1;0;0;0;0;
EBT;UF;4308201;2.5000;4;2;2;0;0;0;
EBT;UF;4308300;1.2500;2;1;1;0;0;0;
EBT;UF;4308458;1.2500;2;1;1;0;0;0;
EBT;UF;4308508;3.2500;3;1;2;0;0;0;
EBT;UF;4308706;1.7500;4;3;1;0;0;0;
EBT;UF;4308805;1.7500;4;3;1;0;0;0;
EBT;UF;4309001;0.1250;1;1;0;0;0;0;
EBT;UF;4309100;0.2500;1;1;0;0;0;0;
EBT;UF;4309209;5.2598;14;11;3;0;0;0;
EBT;UF;4309308;1.2500;3;3;0;0;0;0;
EBT;UF;4309407;0.2500;1;1;0;0;0;0;
EBT;UF;4309506;1.5000;3;2;1;0;0;0;
EBT;UF;4309605;0.2500;1;1;0;0;0;0;
EBT;UF;4309654;0.0625;1;1;0;0;0;0;
EBT;UF;4309803;1.2500;2;1;1;0;0;0;
EBT;UF;4309902;1.2500;2;1;1;0;0;0;
EBT;UF;4310009;4.5000;5;2;3;0;0;0;
EBT;UF;4310108;1.0000;1;0;1;0;0;0;
EBT;UF;4310207;0.2158;4;4;0;0;0;0;
EBT;UF;4310306;0.3750;2;2;0;0;0;0;
EBT;UF;4310330;1.0625;2;1;1;0;0;0;
EBT;UF;4310405;2.8125;6;4;2;0;0;0;
EBT;UF;4310439;1.2500;2;1;1;0;0;0;
EBT;UF;4310504;0.6250;3;3;0;0;0;0;
EBT;UF;4310538;0.1250;1;1;0;0;0;0;
EBT;UF;4310603;6.3750;11;6;5;0;0;0;
EBT;UF;4310801;0.1250;1;1;0;0;0;0;
EBT;UF;4311007;0.1250;1;1;0;0;0;0;
EBT;UF;4311106;2.5000;4;2;2;0;0;0;
EBT;UF;4311122;1.2500;2;1;1;0;0;0;
EBT;UF;4311205;0.2500;1;1;0;0;0;0;
EBT;UF;4311304;3.5625;7;5;2;0;0;0;
EBT;UF;4311403;0.0186;1;1;0;0;0;0;
EBT;UF;4311502;1.5000;3;2;1;0;0;0;
EBT;UF;4311627;0.0625;1;1;0;0;0;0;
EBT;UF;4311700;1.2500;2;1;1;0;0;0;
EBT;UF;4311908;1.2500;2;1;1;0;0;0;
EBT;UF;4312104;2.5625;5;3;2;0;0;0;
EBT;UF;4312385;1.2500;2;1;1;0;0;0;
EBT;UF;4312401;4.5000;3;1;2;0;0;0;
EBT;UF;4312500;0.6250;3;3;0;0;0;0;
EBT;UF;4312609;1.0000;1;0;1;0;0;0;
EBT;UF;4312658;4.5625;9;6;3;0;0;0;
EBT;UF;4312708;1.7500;3;2;1;0;0;0;
EBT;UF;4312757;1.2500;2;1;1;0;0;0;
EBT;UF;4312906;0.0625;1;1;0;0;0;0;
EBT;UF;4313037;0.3750;2;2;0;0;0;0;
EBT;UF;4313060;1.0000;1;0;1;0;0;0;
EBT;UF;4313086;1.2500;2;1;1;0;0;0;
EBT;UF;4313102;0.3750;2;2;0;0;0;0;
EBT;UF;4313300;2.5000;3;2;1;0;0;0;
EBT;UF;4313359;1.2500;2;1;1;0;0;0;
EBT;UF;4313375;6.0000;4;0;4;0;0;0;
EBT;UF;4313409;0.5000;1;1;0;0;0;0;
EBT;UF;4313508;0.3750;3;3;0;0;0;0;
EBT;UF;4313656;1.6250;4;3;1;0;0;0;
EBT;UF;4313706;4.2500;3;1;2;0;0;0;
EBT;UF;4313805;1.2500;2;1;1;0;0;0;
EBT;UF;4313904;1.2500;4;4;0;0;0;0;
EBT;UF;4313953;1.3750;3;2;1;0;0;0;
EBT;UF;4314001;1.5000;3;2;1;0;0;0;
EBT;UF;4314027;0.6250;3;3;0;0;0;0;
EBT;UF;4314050;0.3125;4;4;0;0;0;0;
EBT;UF;4314076;1.0000;1;0;1;0;0;0;
EBT;UF;4314100;0.2598;2;2;0;0;0;0;
EBT;UF;4314159;1.2500;2;1;1;0;0;0;
EBT;UF;4314209;1.2500;2;1;1;0;0;0;
EBT;UF;4314407;2.4375;9;9;0;0;0;0;
EBT;UF;4314423;1.2500;2;1;1;0;0;0;
EBT;UF;4314506;0.1250;1;1;0;0;0;0;
EBT;UF;4314555;1.0000;1;0;1;0;0;0;
EBT;UF;4314605;1.2500;2;1;1;0;0;0;
EBT;UF;4314704;1.2500;2;1;1;0;0;0;
EBT;UF;4314902;34.2744;64;49;15;0;0;0;
EBT;UF;4315107;0.4375;3;3;0;0;0;0;
EBT;UF;4315206;1.2500;2;1;1;0;0;0;
EBT;UF;4315305;2.2500;3;1;2;0;0;0;
EBT;UF;4315503;0.2500;1;1;0;0;0;0;
EBT;UF;4315602;7.8750;17;14;3;0;0;0;
EBT;UF;4315701;1.0000;3;3;0;0;0;0;
EBT;UF;4315800;0.1250;1;1;0;0;0;0;
EBT;UF;4315909;0.2500;1;1;0;0;0;0;
EBT;UF;4316006;0.3750;2;2;0;0;0;0;
EBT;UF;4316105;1.5000;3;2;1;0;0;0;
EBT;UF;4316204;1.2500;2;1;1;0;0;0;
EBT;UF;4316303;1.2500;2;1;1;0;0;0;
EBT;UF;4316402;0.2500;1;1;0;0;0;0;
EBT;UF;4316436;0.2500;1;1;0;0;0;0;
EBT;UF;4316451;2.5000;4;2;2;0;0;0;
EBT;UF;4316600;2.5000;4;2;2;0;0;0;
EBT;UF;4316808;2.7500;6;5;1;0;0;0;
EBT;UF;4316907;1.2793;8;8;0;0;0;0;
EBT;UF;4317202;7.1875;8;5;3;0;0;0;
EBT;UF;4317301;4.5000;5;2;3;0;0;0;
EBT;UF;4317400;0.2500;1;1;0;0;0;0;
EBT;UF;4317608;0.3125;4;4;0;0;0;0;
EBT;UF;4317707;0.2500;1;1;0;0;0;0;
EBT;UF;4317806;2.5000;4;2;2;0;0;0;
EBT;UF;4317905;0.2500;1;1;0;0;0;0;
EBT;UF;4318002;10.6875;16;10;6;0;0;0;
EBT;UF;4318101;1.2500;2;1;1;0;0;0;
EBT;UF;4318309;6.5000;12;9;3;0;0;0;
EBT;UF;4318408;2.2598;4;2;2;0;0;0;
EBT;UF;4318432;1.2500;2;1;1;0;0;0;
EBT;UF;4318507;2.2500;3;1;2;0;0;0;
EBT;UF;4318606;1.5000;3;2;1;0;0;0;
EBT;UF;4318622;1.1250;2;1;1;0;0;0;
EBT;UF;4318705;0.5000;3;3;0;0;0;0;
EBT;UF;4318804;0.5000;2;2;0;0;0;0;
EBT;UF;4318903;2.5625;5;3;2;0;0;0;
EBT;UF;4319000;0.2500;1;1;0;0;0;0;
EBT;UF;4319109;0.3750;2;2;0;0;0;0;
EBT;UF;4319125;0.5000;1;1;0;0;0;0;
EBT;UF;4319158;1.2500;2;1;1;0;0;0;
EBT;UF;4319208;1.2500;2;1;1;0;0;0;
EBT;UF;4319307;1.2500;2;1;1;0;0;0;
EBT;UF;4319406;0.2500;1;1;0;0;0;0;
EBT;UF;4319604;1.5000;3;2;1;0;0;0;
EBT;UF;4319802;0.2500;1;1;0;0;0;0;
EBT;UF;4319901;1.0000;1;0;1;0;0;0;
EBT;UF;4320008;0.5625;3;3;0;0;0;0;
EBT;UF;4320107;0.2500;1;1;0;0;0;0;
EBT;UF;4320206;1.2500;2;1;1;0;0;0;
EBT;UF;4320305;1.2500;2;1;1;0;0;0;
EBT;UF;4320404;0.2500;1;1;0;0;0;0;
EBT;UF;4320552;1.0000;1;0;1;0;0;0;
EBT;UF;4320602;0.1250;1;1;0;0;0;0;
EBT;UF;4320677;0.3750;2;2;0;0;0;0;
EBT;UF;4320701;1.5000;3;2;1;0;0;0;
EBT;UF;4320800;4.9375;7;4;3;0;0;0;
EBT;UF;4320859;0.1250;1;1;0;0;0;0;
EBT;UF;4320909;1.5000;3;2;1;0;0;0;
EBT;UF;4321006;2.5000;4;2;2;0;0;0;
EBT;UF;4321105;2.8750;6;4;2;0;0;0;
EBT;UF;4321303;3.1250;7;5;2;0;0;0;
EBT;UF;4321402;2.5000;4;2;2;0;0;0;
EBT;UF;4321436;0.2500;1;1;0;0;0;0;
EBT;UF;4321451;1.2500;2;1;1;0;0;0;
EBT;UF;4321501;0.1250;1;1;0;0;0;0;
EBT;UF;4321667;2.5000;4;2;2;0;0;0;
EBT;UF;4321709;0.2500;1;1;0;0;0;0;
EBT;UF;4321808;2.5000;4;2;2;0;0;0;
EBT;UF;4321857;1.2500;2;1;1;0;0;0;
EBT;UF;4321907;3.0000;5;3;2;0;0;0;
EBT;UF;4322004;8.3750;14;9;5;0;0;0;
EBT;UF;4322103;1.5000;3;2;1;0;0;0;
EBT;UF;4322202;2.5000;4;2;2;0;0;0;
EBT;UF;4322301;0.3750;2;2;0;0;0;0;
EBT;UF;4322400;0.1875;2;2;0;0;0;0;
EBT;UF;4322533;1.0000;1;0;1;0;0;0;
EBT;UF;4322558;1.2500;2;1;1;0;0;0;
EBT;UF;4322608;0.2500;1;1;0;0;0;0;
EBT;UF;4322707;3.0625;6;4;2;0;0;0;
EBT;UF;4322806;1.5000;3;2;1;0;0;0;
EBT;UF;4323002;1.3408;7;6;1;0;0;0;
EBT;UF;4323200;1.2500;2;1;1;0;0;0;
EBT;UF;4323309;1.3125;3;2;1;0;0;0;
EBT;UF;4323457;1.0000;1;0;1;0;0;0;
EBT;UF;5000203;0.0635;2;2;0;0;0;0;
EBT;UF;5000609;0.1250;1;1;0;0;0;0;
EBT;UF;5000708;1.2500;4;3;1;0;0;0;
EBT;UF;5000807;1.0000;1;0;1;0;0;0;
EBT;UF;5000856;1.0000;1;0;1;0;0;0;
EBT;UF;5000906;0.0625;1;1;0;0;0;0;
EBT;UF;5001102;1.2500;5;4;1;0;0;0;
EBT;UF;5001243;0.2500;1;1;0;0;0;0;
EBT;UF;5001508;1.0000;1;0;1;0;0;0;
EBT;UF;5001904;1.1250;3;2;1;0;0;0;
EBT;UF;5002001;2.0000;2;0;2;0;0;0;
EBT;UF;5002100;1.3125;3;2;1;0;0;0;
EBT;UF;5002209;1.2500;2;1;1;0;0;0;
EBT;UF;5002308;0.0625;1;1;0;0;0;0;
EBT;UF;5002407;3.8750;6;4;2;0;0;0;
EBT;UF;5002605;0.0625;1;1;0;0;0;0;
EBT;UF;5002704;4.9092;47;47;0;0;0;0;
EBT;UF;5002902;1.8125;4;3;1;0;0;0;
EBT;UF;5002951;3.8223;6;4;2;0;0;0;
EBT;UF;5003207;16.8154;20;12;8;0;0;0;
EBT;UF;5003256;1.2500;2;1;1;0;0;0;
EBT;UF;5003306;1.5625;4;3;1;0;0;0;
EBT;UF;5003454;1.0000;1;0;1;0;0;0;
EBT;UF;5003488;1.2500;2;1;1;0;0;0;
EBT;UF;5003702;4.4375;6;4;2;0;0;0;
EBT;UF;5003751;1.1250;2;1;1;0;0;0;
EBT;UF;5003801;1.4375;5;4;1;0;0;0;
EBT;UF;5004007;1.2500;2;1;1;0;0;0;
EBT;UF;5004106;1.2500;2;1;1;0;0;0;
EBT;UF;5004304;1.0625;2;1;1;0;0;0;
EBT;UF;5004403;1.0000;1;0;1;0;0;0;
EBT;UF;5004502;1.0000;1;0;1;0;0;0;
EBT;UF;5004601;2.0000;2;0;2;0;0;0;
EBT;UF;5004700;1.3750;3;2;1;0;0;0;
EBT;UF;5004908;0.0625;1;1;0;0;0;0;
EBT;UF;5005004;3.0625;3;1;2;0;0;0;
EBT;UF;5005202;6.5000;5;1;4;0;0;0;
EBT;UF;5005251;1.2500;2;1;1;0;0;0;
EBT;UF;5005400;1.3223;4;3;1;0;0;0;
EBT;UF;5005608;1.2695;4;3;1;0;0;0;
EBT;UF;5005681;1.2500;2;1;1;0;0;0;
EBT;UF;5005707;3.0000;2;0;2;0;0;0;
EBT;UF;5005806;1.3125;3;2;1;0;0;0;
EBT;UF;5006002;1.2500;2;1;1;0;0;0;
EBT;UF;5006200;1.0000;1;0;1;0;0;0;
EBT;UF;5006309;0.1250;2;2;0;0;0;0;
EBT;UF;5006358;0.3750;2;2;0;0;0;0;
EBT;UF;5006408;1.2500;2;1;1;0;0;0;
EBT;UF;5006606;5.7715;15;12;3;0;0;0;
EBT;UF;5006903;0.5000;1;1;0;0;0;0;
EBT;UF;5007109;0.0010;1;1;0;0;0;0;
EBT;UF;5007208;1.2500;2;1;1;0;0;0;
EBT;UF;5007307;1.2500;2;1;1;0;0;0;
EBT;UF;5007406;1.2500;2;1;1;0;0;0;
EBT;UF;5007554;0.2500;1;1;0;0;0;0;
EBT;UF;5007695;1.9375;5;4;1;0;0;0;
EBT;UF;5007802;1.0000;1;0;1;0;0;0;
EBT;UF;5007935;1.0000;1;0;1;0;0;0;
EBT;UF;5008305;0.4482;5;5;0;0;0;0;
EBT;UF;5008404;1.2500;2;1;1;0;0;0;
EBT;UF;5100201;0.5000;1;1;0;0;0;0;
EBT;UF;5100250;1.0625;2;1;1;0;0;0;
EBT;UF;5100300;1.0000;1;0;1;0;0;0;
EBT;UF;5100409;1.5000;2;1;1;0;0;0;
EBT;UF;5100607;1.2500;2;1;1;0;0;0;
EBT;UF;5101258;1.2500;2;1;1;0;0;0;
EBT;UF;5101407;1.0000;1;0;1;0;0;0;
EBT;UF;5101704;1.0625;2;1;1;0;0;0;
EBT;UF;5101803;9.7500;14;9;5;0;0;0;
EBT;UF;5101902;1.0000;1;0;1;0;0;0;
EBT;UF;5102603;1.0000;1;0;1;0;0;0;
EBT;UF;5102678;3.7500;4;2;2;0;0;0;
EBT;UF;5102702;1.0000;1;0;1;0;0;0;
EBT;UF;5103007;1.2500;2;1;1;0;0;0;
EBT;UF;5103205;1.0000;1;0;1;0;0;0;
EBT;UF;5103452;1.2500;2;1;1;0;0;0;
EBT;UF;5103502;1.8125;4;3;1;0;0;0;
EBT;UF;5104203;1.0000;1;0;1;0;0;0;
EBT;UF;5104559;0.0625;1;1;0;0;0;0;
EBT;UF;5104609;1.2500;2;1;1;0;0;0;
EBT;UF;5104807;1.2500;2;1;1;0;0;0;
EBT;UF;5105101;1.0000;1;0;1;0;0;0;
EBT;UF;5105150;3.0625;5;3;2;0;0;0;
EBT;UF;5105200;1.0000;1;0;1;0;0;0;
EBT;UF;5105580;0.1875;2;2;0;0;0;0;
EBT;UF;5105622;0.1250;1;1;0;0;0;0;
EBT;UF;5105903;1.2500;2;1;1;0;0;0;
EBT;UF;5106109;0.2500;1;1;0;0;0;0;
EBT;UF;5106232;1.2500;2;1;1;0;0;0;
EBT;UF;5106257;1.0000;1;0;1;0;0;0;
EBT;UF;5106307;0.3750;2;2;0;0;0;0;
EBT;UF;5106372;1.2500;2;1;1;0;0;0;
EBT;UF;5106422;1.0000;1;0;1;0;0;0;
EBT;UF;5106505;1.0000;1;0;1;0;0;0;
EBT;UF;5106778;0.0625;1;1;0;0;0;0;
EBT;UF;5106802;1.0000;1;0;1;0;0;0;
EBT;UF;5107040;5.5625;11;9;2;0;0;0;
EBT;UF;5107065;1.2500;2;1;1;0;0;0;
EBT;UF;5107107;1.2500;2;1;1;0;0;0;
EBT;UF;5107206;1.0000;1;0;1;0;0;0;
EBT;UF;5107305;1.2500;2;1;1;0;0;0;
EBT;UF;5107602;0.7500;1;0;1;0;0;0;
EBT;UF;5107800;1.2500;2;1;1;0;0;0;
EBT;UF;5107859;0.5781;5;5;0;0;0;0;
EBT;UF;5107909;0.0625;1;1;0;0;0;0;
EBT;UF;5107958;0.5000;1;1;0;0;0;0;
EBT;UF;5108600;0.3750;2;2;0;0;0;0;
EBT;UF;5200050;0.0625;1;1;0;0;0;0;
EBT;UF;5200134;1.2500;2;1;1;0;0;0;
EBT;UF;5200175;0.0625;1;1;0;0;0;0;
EBT;UF;5200258;0.1875;2;2;0;0;0;0;
EBT;UF;5200605;0.3750;2;2;0;0;0;0;
EBT;UF;5200803;0.2500;1;1;0;0;0;0;
EBT;UF;5201306;1.2500;2;1;1;0;0;0;
EBT;UF;5201405;1.0000;6;6;0;0;0;0;
EBT;UF;5201702;0.5000;1;1;0;0;0;0;
EBT;UF;5202502;0.5000;1;1;0;0;0;0;
EBT;UF;5203302;2.0000;1;0;1;0;0;0;
EBT;UF;5203401;1.2500;2;1;1;0;0;0;
EBT;UF;5203500;1.0000;1;0;1;0;0;0;
EBT;UF;5203906;1.5000;4;3;1;0;0;0;
EBT;UF;5204102;2.3750;3;2;1;0;0;0;
EBT;UF;5204250;0.6250;2;2;0;0;0;0;
EBT;UF;5204300;1.2500;2;1;1;0;0;0;
EBT;UF;5204409;0.0625;1;1;0;0;0;0;
EBT;UF;5204508;0.3125;2;2;0;0;0;0;
EBT;UF;5204557;1.0000;1;0;1;0;0;0;
EBT;UF;5204805;0.2500;1;1;0;0;0;0;
EBT;UF;5204904;1.2500;2;1;1;0;0;0;
EBT;UF;5205000;2.2500;3;1;2;0;0;0;
EBT;UF;5205109;1.6250;3;2;1;0;0;0;
EBT;UF;5205307;1.2500;2;1;1;0;0;0;
EBT;UF;5205406;3.6875;8;6;2;0;0;0;
EBT;UF;5205471;2.6875;5;4;1;0;0;0;
EBT;UF;5205802;1.2500;2;1;1;0;0;0;
EBT;UF;5205901;1.2500;2;1;1;0;0;0;
EBT;UF;5206404;1.0000;1;0;1;0;0;0;
EBT;UF;5206602;0.0625;1;1;0;0;0;0;
EBT;UF;5207253;1.2500;2;1;1;0;0;0;
EBT;UF;5207402;1.0000;1;0;1;0;0;0;
EBT;UF;5207600;0.2500;1;1;0;0;0;0;
EBT;UF;5208004;10.3125;17;12;5;0;0;0;
EBT;UF;5208608;1.7500;3;2;1;0;0;0;
EBT;UF;5208707;0.6533;10;10;0;0;0;0;
EBT;UF;5208905;2.2500;3;1;2;0;0;0;
EBT;UF;5209101;3.2500;5;3;2;0;0;0;
EBT;UF;5209200;0.0625;1;1;0;0;0;0;
EBT;UF;5209705;0.2500;1;1;0;0;0;0;
EBT;UF;5209903;0.2500;1;1;0;0;0;0;
EBT;UF;5209952;1.1250;2;1;1;0;0;0;
EBT;UF;5210000;0.3750;1;1;0;0;0;0;
EBT;UF;5210109;0.0625;1;1;0;0;0;0;
EBT;UF;5210208;1.2500;2;1;1;0;0;0;
EBT;UF;5210406;1.5000;2;1;1;0;0;0;
EBT;UF;5210604;1.2500;2;1;1;0;0;0;
EBT;UF;5210802;1.2500;2;1;1;0;0;0;
EBT;UF;5210901;1.2500;2;1;1;0;0;0;
EBT;UF;5211008;1.2500;2;1;1;0;0;0;
EBT;UF;5211206;0.6250;3;3;0;0;0;0;
EBT;UF;5211503;1.3125;3;2;1;0;0;0;
EBT;UF;5211701;1.2500;2;1;1;0;0;0;
EBT;UF;5211800;1.3125;3;2;1;0;0;0;
EBT;UF;5212204;1.3125;3;2;1;0;0;0;
EBT;UF;5212303;0.0625;1;1;0;0;0;0;
EBT;UF;5212501;0.8008;12;12;0;0;0;0;
EBT;UF;5212808;0.2500;1;1;0;0;0;0;
EBT;UF;5212956;0.2500;1;1;0;0;0;0;
EBT;UF;5213004;1.0000;1;0;1;0;0;0;
EBT;UF;5213087;1.2500;2;1;1;0;0;0;
EBT;UF;5213103;5.8125;11;7;4;0;0;0;
EBT;UF;5213756;1.2500;2;1;1;0;0;0;
EBT;UF;5213806;0.1250;2;2;0;0;0;0;
EBT;UF;5214002;1.2500;2;1;1;0;0;0;
EBT;UF;5214507;3.2500;3;1;2;0;0;0;
EBT;UF;5214606;2.7500;4;2;2;0;0;0;
EBT;UF;5214838;1.2500;2;1;1;0;0;0;
EBT;UF;5215231;0.0625;1;1;0;0;0;0;
EBT;UF;5215306;0.7500;3;3;0;0;0;0;
EBT;UF;5215603;1.2500;2;1;1;0;0;0;
EBT;UF;5215702;1.7500;3;2;1;0;0;0;
EBT;UF;5216304;0.0625;1;1;0;0;0;0;
EBT;UF;5216403;1.5000;3;2;1;0;0;0;
EBT;UF;5216809;2.0000;2;0;2;0;0;0;
EBT;UF;5217104;1.0000;1;0;1;0;0;0;
EBT;UF;5217203;1.2500;2;1;1;0;0;0;
EBT;UF;5217302;1.2500;2;1;1;0;0;0;
EBT;UF;5217401;1.0625;2;1;1;0;0;0;
EBT;UF;5217609;2.0645;8;7;1;0;0;0;
EBT;UF;5217708;0.5000;1;1;0;0;0;0;
EBT;UF;5218003;1.1875;4;3;1;0;0;0;
EBT;UF;5218052;0.5000;1;1;0;0;0;0;
EBT;UF;5218102;1.1250;2;1;1;0;0;0;
EBT;UF;5218508;2.2500;3;1;2;0;0;0;
EBT;UF;5218789;0.1621;4;4;0;0;0;0;
EBT;UF;5218805;0.9375;4;3;1;0;0;0;
EBT;UF;5218904;1.0000;1;0;1;0;0;0;
EBT;UF;5219001;0.3750;2;2;0;0;0;0;
EBT;UF;5219308;8.7500;7;2;5;0;0;0;
EBT;UF;5219704;1.2500;2;1;1;0;0;0;
EBT;UF;5219753;1.2549;3;2;1;0;0;0;
EBT;UF;5219803;0.2500;1;1;0;0;0;0;
EBT;UF;5220108;4.2500;6;3;3;0;0;0;
EBT;UF;5220405;3.3750;5;2;3;0;0;0;
EBT;UF;5220603;1.5000;3;2;1;0;0;0;
EBT;UF;5221403;4.0625;3;1;2;0;0;0;
EBT;UF;5221601;0.0625;1;1;0;0;0;0;
EBT;UF;5221809;0.0625;1;1;0;0;0;0;
EBT;UF;5221858;2.1973;8;7;1;0;0;0;
EBT;UF;5222005;1.2500;2;1;1;0;0;0;
EBT;UF;5222054;1.5000;3;2;1;0;0;0;
EBT;UF;5300108;30.9013;149;142;4;3;0;0;
TLB;UF;2927408;0.0098;1;1;0;0;0;0;
TLB;UF;3304557;0.1250;2;2;0;0;0;0;
TLB;UF;4106902;0.0049;1;1;0;0;0;0;
09;1962;
