01;CLA;IPL4;201504;
EBT;UF;1100023;170.3750;47;5;36;4;2;0;
EBT;UF;1100049;340.6875;90;20;54;14;1;1;
EBT;UF;1100080;0.3750;2;2;0;0;0;0;
EBT;UF;1100098;0.5000;1;1;0;0;0;0;
EBT;UF;1100106;16.0000;6;0;4;2;0;0;
EBT;UF;1100114;109.0000;19;0;16;1;2;0;
EBT;UF;1100122;1180.6875;193;14;148;18;9;4;
EBT;UF;1100155;90.0000;8;0;4;1;3;0;
EBT;UF;1100189;139.3125;45;9;30;4;2;0;
EBT;UF;1100205;15300.2031;804;98;491;140;32;43;
EBT;UF;1100254;1.0000;1;0;1;0;0;0;
EBT;UF;1100288;2.0000;1;0;1;0;0;0;
EBT;UF;1100296;1.0000;1;0;1;0;0;0;
EBT;UF;1100304;646.0000;142;19;99;17;6;1;
EBT;UF;1100346;1.0000;1;0;1;0;0;0;
EBT;UF;1100452;1.0000;1;0;1;0;0;0;
EBT;UF;1100924;2.0000;1;0;1;0;0;0;
EBT;UF;1101005;1.0000;1;0;1;0;0;0;
EBT;UF;1101468;0.5000;1;1;0;0;0;0;
EBT;UF;1101500;0.1250;1;1;0;0;0;0;
EBT;UF;1200054;2.0000;2;0;2;0;0;0;
EBT;UF;1200104;1.0000;1;0;1;0;0;0;
EBT;UF;1200138;19.0000;7;0;5;2;0;0;
EBT;UF;1200203;5.0000;3;0;3;0;0;0;
EBT;UF;1200252;0.6875;3;3;0;0;0;0;
EBT;UF;1200344;1.0000;1;0;1;0;0;0;
EBT;UF;1200401;7970.5391;394;46;235;79;14;20;
EBT;UF;1200450;4.0000;2;0;2;0;0;0;
EBT;UF;1301100;5.0000;4;0;4;0;0;0;
EBT;UF;1301704;117.3125;11;2;7;1;0;1;
EBT;UF;1301852;2.0000;1;0;1;0;0;0;
EBT;UF;1302603;13039.2500;1082;133;621;218;73;37;
EBT;UF;1303403;2.5000;3;2;1;0;0;0;
EBT;UF;1400100;801.0000;144;10;74;51;8;1;
EBT;UF;1500602;2.0000;1;0;1;0;0;0;
EBT;UF;1500800;8265.1152;171;11;89;55;7;9;
EBT;UF;1501303;24.0000;4;0;2;2;0;0;
EBT;UF;1501402;52648.0195;1020;44;421;348;107;100;
EBT;UF;1501501;50.8750;22;6;12;4;0;0;
EBT;UF;1501709;2.2500;2;1;1;0;0;0;
EBT;UF;1502202;131.0000;8;0;1;3;4;0;
EBT;UF;1502400;147.5156;36;3;24;7;2;0;
EBT;UF;1502939;1.0000;1;0;1;0;0;0;
EBT;UF;1503606;6.0000;3;0;3;0;0;0;
EBT;UF;1503903;2.0000;1;0;1;0;0;0;
EBT;UF;1504208;497.6875;131;34;67;22;7;1;
EBT;UF;1504422;284.7031;79;14;43;19;3;0;
EBT;UF;1505304;1.0000;1;0;1;0;0;0;
EBT;UF;1505502;392.0000;22;0;15;2;2;3;
EBT;UF;1506203;1.2500;3;3;0;0;0;0;
EBT;UF;1506500;0.7500;2;2;0;0;0;0;
EBT;UF;1506807;209.0625;55;12;36;4;1;2;
EBT;UF;1507607;4.0000;2;0;2;0;0;0;
EBT;UF;1508209;0.2500;1;1;0;0;0;0;
EBT;UF;1600303;516.8438;123;14;79;24;4;2;
EBT;UF;1600600;21.6250;15;5;9;1;0;0;
EBT;UF;1700350;4.0000;3;0;3;0;0;0;
EBT;UF;1700707;17.7500;7;2;4;1;0;0;
EBT;UF;1702000;0.2500;1;1;0;0;0;0;
EBT;UF;1702109;456.3750;80;12;36;27;5;0;
EBT;UF;1705508;212.5000;9;1;6;0;0;2;
EBT;UF;1707009;5.0000;3;0;3;0;0;0;
EBT;UF;1709302;102.6875;11;4;4;2;0;1;
EBT;UF;1709500;236.3125;24;3;12;7;0;2;
EBT;UF;1713205;8.5625;8;3;5;0;0;0;
EBT;UF;1713304;4.7500;6;3;3;0;0;0;
EBT;UF;1714880;25.3125;6;2;3;0;1;0;
EBT;UF;1716109;168.7500;15;2;8;2;2;1;
EBT;UF;1716604;8.0000;4;0;4;0;0;0;
EBT;UF;1718204;336.7500;32;4;16;6;4;2;
EBT;UF;1718402;4.0000;1;0;0;1;0;0;
EBT;UF;1721000;2175.5000;243;44;115;61;17;6;
EBT;UF;1722081;4.0000;1;0;0;1;0;0;
EBT;UF;2100204;32.0000;1;0;0;0;1;0;
EBT;UF;2101202;98.0000;7;0;4;0;3;0;
EBT;UF;2101251;155.0000;1;0;0;0;0;1;
EBT;UF;2101400;134.0000;8;0;0;5;2;1;
EBT;UF;2101608;0.1250;1;1;0;0;0;0;
EBT;UF;2103000;1118.0000;27;0;6;8;7;6;
EBT;UF;2103307;155.0000;1;0;0;0;0;1;
EBT;UF;2103604;0.5000;1;1;0;0;0;0;
EBT;UF;2104057;2.0000;1;0;1;0;0;0;
EBT;UF;2105302;437.2500;46;2;20;20;3;1;
EBT;UF;2105427;20.0000;3;0;1;2;0;0;
EBT;UF;2108603;4.0000;1;0;0;1;0;0;
EBT;UF;2109106;2.2500;4;3;1;0;0;0;
EBT;UF;2109908;43.0000;8;2;5;0;1;0;
EBT;UF;2110203;0.2500;1;1;0;0;0;0;
EBT;UF;2110302;52.0000;6;0;1;5;0;0;
EBT;UF;2111201;46.6445;18;5;8;5;0;0;
EBT;UF;2111300;17239.7227;348;32;90;153;47;26;
EBT;UF;2112209;162.0000;6;0;0;2;3;1;
EBT;UF;2112902;0.3750;2;2;0;0;0;0;
EBT;UF;2114007;2.0000;1;0;1;0;0;0;
EBT;UF;2200400;32.0000;1;0;0;0;1;0;
EBT;UF;2201507;42.0000;2;0;0;1;1;0;
EBT;UF;2202000;32.0000;1;0;0;0;1;0;
EBT;UF;2202208;80.0000;4;0;0;2;2;0;
EBT;UF;2202406;64.0000;2;0;0;0;2;0;
EBT;UF;2202703;64.0000;2;0;0;0;2;0;
EBT;UF;2203701;106.0000;4;0;0;1;3;0;
EBT;UF;2203909;54.0000;5;0;1;3;1;0;
EBT;UF;2207702;144.0000;7;0;0;3;4;0;
EBT;UF;2208403;505.0000;13;0;1;2;9;1;
EBT;UF;2211001;18092.9844;312;5;69;113;112;13;
EBT;UF;2301000;130.2500;10;1;6;2;0;1;
EBT;UF;2301109;50.0000;5;0;0;4;1;0;
EBT;UF;2301901;40.6250;9;3;1;5;0;0;
EBT;UF;2302503;20.0000;2;0;0;2;0;0;
EBT;UF;2303709;36.2891;21;6;12;3;0;0;
EBT;UF;2303956;0.2500;1;1;0;0;0;0;
EBT;UF;2304103;8.2500;2;1;0;1;0;0;
EBT;UF;2304202;87.0000;6;0;2;2;2;0;
EBT;UF;2304285;240.0000;28;0;16;7;4;1;
EBT;UF;2304400;13007.1367;480;31;158;198;51;42;
EBT;UF;2305233;81.0625;11;1;5;3;2;0;
EBT;UF;2305407;100.0000;4;0;0;1;2;1;
EBT;UF;2305506;42.0000;3;0;0;2;1;0;
EBT;UF;2306256;0.5000;1;1;0;0;0;0;
EBT;UF;2306405;38.0000;5;0;0;5;0;0;
EBT;UF;2307007;1.0000;1;0;1;0;0;0;
EBT;UF;2307304;333.5000;27;1;11;12;1;2;
EBT;UF;2307601;110.0000;4;0;0;2;1;1;
EBT;UF;2307650;207.2148;43;2;21;19;1;0;
EBT;UF;2307700;20.0000;2;0;0;2;0;0;
EBT;UF;2308302;16.0000;1;0;0;0;1;0;
EBT;UF;2309201;10.0000;1;0;0;1;0;0;
EBT;UF;2309607;106.0000;3;0;0;0;2;1;
EBT;UF;2310704;1.0000;1;0;1;0;0;0;
EBT;UF;2311306;53.0000;5;0;1;3;1;0;
EBT;UF;2311801;72.9375;20;8;8;3;1;0;
EBT;UF;2312403;4.0000;2;0;2;0;0;0;
EBT;UF;2312908;392.3125;42;6;14;16;4;2;
EBT;UF;2313302;3.1875;4;2;2;0;0;0;
EBT;UF;2313401;722.0000;13;0;2;4;3;4;
EBT;UF;2400109;106.0000;5;0;0;3;1;1;
EBT;UF;2400802;10.5000;2;1;0;1;0;0;
EBT;UF;2403251;176.8750;46;6;24;16;0;0;
EBT;UF;2404507;1.0000;1;0;1;0;0;0;
EBT;UF;2406700;10.0000;1;0;0;1;0;0;
EBT;UF;2407104;48.0000;16;0;13;3;0;0;
EBT;UF;2407203;10.0000;1;0;0;1;0;0;
EBT;UF;2407401;4.0000;1;0;0;1;0;0;
EBT;UF;2408003;887.3125;60;7;30;12;7;4;
EBT;UF;2408102;6346.6406;167;20;37;64;22;24;
EBT;UF;2412005;239.5000;24;1;13;7;1;2;
EBT;UF;2501807;79.0000;11;0;7;3;1;0;
EBT;UF;2503209;543.2500;33;1;17;11;1;3;
EBT;UF;2504009;1913.7500;63;6;14;28;6;9;
EBT;UF;2506301;42.0000;2;0;0;1;1;0;
EBT;UF;2506905;48.0000;2;0;0;0;2;0;
EBT;UF;2507507;6009.7773;238;19;94;73;26;26;
EBT;UF;2510808;197.0000;3;0;0;1;1;1;
EBT;UF;2516201;2.0000;1;0;1;0;0;0;
EBT;UF;2600054;236.6250;38;7;27;2;1;1;
EBT;UF;2601102;18.0000;1;0;0;0;1;0;
EBT;UF;2601201;90.0000;7;0;1;2;4;0;
EBT;UF;2601706;90.5000;5;1;0;1;3;0;
EBT;UF;2601904;22.0000;1;0;0;0;1;0;
EBT;UF;2602902;1239.0000;93;6;61;18;2;6;
EBT;UF;2603454;19.5000;11;1;9;1;0;0;
EBT;UF;2604007;51.0000;5;0;1;3;1;0;
EBT;UF;2604106;1653.4727;63;7;29;20;4;3;
EBT;UF;2605103;24.7891;3;0;2;0;1;0;
EBT;UF;2606002;20.5000;3;1;0;2;0;0;
EBT;UF;2606408;145.2500;10;3;5;1;0;1;
EBT;UF;2606804;44.5000;17;1;11;5;0;0;
EBT;UF;2607208;600.2500;41;6;18;14;0;3;
EBT;UF;2607901;899.7813;170;17;90;54;8;1;
EBT;UF;2608909;6.0000;9;5;4;0;0;0;
EBT;UF;2609600;482.4648;56;7;28;14;5;2;
EBT;UF;2610707;468.1250;65;9;45;8;1;2;
EBT;UF;2610905;168.0000;3;0;0;0;2;1;
EBT;UF;2611101;106.5000;15;1;8;4;2;0;
EBT;UF;2611606;17736.8047;682;49;273;214;77;69;
EBT;UF;2612000;50.0000;1;0;0;0;0;1;
EBT;UF;2612208;22.0000;3;0;0;3;0;0;
EBT;UF;2613701;37.0000;6;0;4;1;1;0;
EBT;UF;2613909;161.6250;32;18;6;2;6;0;
EBT;UF;2700300;330.5625;43;2;22;17;1;1;
EBT;UF;2704302;4799.3750;323;39;108;134;22;20;
EBT;UF;2704708;2.0000;1;0;1;0;0;0;
EBT;UF;2706307;2.0000;1;0;1;0;0;0;
EBT;UF;2706703;12.0000;2;0;1;1;0;0;
EBT;UF;2707701;174.5000;14;1;12;0;0;1;
EBT;UF;2708600;2.0000;1;0;1;0;0;0;
EBT;UF;2800308;6930.0625;281;35;92;111;21;22;
EBT;UF;2800670;2.8750;5;3;2;0;0;0;
EBT;UF;2803203;1.0000;1;0;1;0;0;0;
EBT;UF;2804805;429.7500;57;6;32;16;1;2;
EBT;UF;2805703;30.0000;3;0;0;3;0;0;
EBT;UF;2806701;170.5625;13;3;5;3;1;1;
EBT;UF;2900702;129.0000;16;0;6;8;2;0;
EBT;UF;2901007;1.0000;1;0;1;0;0;0;
EBT;UF;2901106;1.0000;1;0;1;0;0;0;
EBT;UF;2903201;20.0000;6;0;4;2;0;0;
EBT;UF;2904605;58.0000;5;0;2;2;0;1;
EBT;UF;2904704;2.0000;1;0;1;0;0;0;
EBT;UF;2905602;130.0000;5;0;2;1;1;1;
EBT;UF;2905701;517.6250;87;5;51;27;2;2;
EBT;UF;2906501;744.0000;18;0;6;6;2;4;
EBT;UF;2906709;2.0000;1;0;1;0;0;0;
EBT;UF;2908408;1.0000;1;0;1;0;0;0;
EBT;UF;2908507;11.0000;2;0;1;1;0;0;
EBT;UF;2909802;58.0000;5;0;0;4;1;0;
EBT;UF;2910727;384.8125;28;3;14;8;1;2;
EBT;UF;2910800;3177.2344;163;22;64;55;8;14;
EBT;UF;2912103;4.0000;1;0;0;1;0;0;
EBT;UF;2913606;950.5000;82;1;24;47;7;3;
EBT;UF;2913705;1.0000;1;0;1;0;0;0;
EBT;UF;2914653;18.0000;3;0;1;2;0;0;
EBT;UF;2914802;1719.1250;76;9;30;26;3;8;
EBT;UF;2914901;72.0000;2;0;0;1;0;1;
EBT;UF;2915304;2.0000;1;0;1;0;0;0;
EBT;UF;2915601;36.0000;8;0;6;1;1;0;
EBT;UF;2915809;12.0000;2;0;1;1;0;0;
EBT;UF;2916302;2.0000;1;0;1;0;0;0;
EBT;UF;2916401;164.1875;9;2;2;2;2;1;
EBT;UF;2917102;2.0000;1;0;1;0;0;0;
EBT;UF;2917607;100.0000;1;0;0;0;0;1;
EBT;UF;2918001;209.0000;24;3;11;8;1;1;
EBT;UF;2918407;7.5156;4;0;4;0;0;0;
EBT;UF;2919207;1422.5000;61;1;28;25;3;4;
EBT;UF;2919553;2.0000;1;0;1;0;0;0;
EBT;UF;2920601;18.0000;2;0;0;2;0;0;
EBT;UF;2921005;20.2500;3;1;0;2;0;0;
EBT;UF;2921302;10.0000;2;0;0;2;0;0;
EBT;UF;2922003;14.0000;2;0;0;2;0;0;
EBT;UF;2924009;84.1250;12;1;5;4;2;0;
EBT;UF;2925006;4.0000;2;0;2;0;0;0;
EBT;UF;2925105;20.0000;2;0;0;2;0;0;
EBT;UF;2925303;320.0000;22;0;11;6;3;2;
EBT;UF;2927002;0.5000;1;1;0;0;0;0;
EBT;UF;2927408;36578.3047;982;103;344;376;79;80;
EBT;UF;2928703;196.0000;7;0;1;3;2;1;
EBT;UF;2929206;4.0625;2;1;0;1;0;0;
EBT;UF;2929305;50.0000;1;0;0;0;0;1;
EBT;UF;2929354;4.0000;1;0;0;1;0;0;
EBT;UF;2930105;25.0000;5;0;3;2;0;0;
EBT;UF;2930709;206.5000;51;3;31;17;0;0;
EBT;UF;2931350;3347.3125;38;4;14;7;4;9;
EBT;UF;2932507;32.0000;1;0;0;0;1;0;
EBT;UF;2932903;6.2500;10;6;4;0;0;0;
EBT;UF;2933307;1125.0625;89;7;37;34;7;4;
EBT;UF;3100302;2.0000;1;0;1;0;0;0;
EBT;UF;3101508;259.0000;11;2;1;0;8;0;
EBT;UF;3101607;73.6250;34;8;23;3;0;0;
EBT;UF;3101904;2.0000;1;0;1;0;0;0;
EBT;UF;3103504;45.5547;23;2;18;3;0;0;
EBT;UF;3104007;78.9648;33;7;25;0;1;0;
EBT;UF;3104205;13.2500;8;1;7;0;0;0;
EBT;UF;3104601;32.0000;1;0;0;0;1;0;
EBT;UF;3104908;4.0000;2;0;2;0;0;0;
EBT;UF;3105608;216.8945;27;1;17;3;6;0;
EBT;UF;3106200;131098.787;2903;330;1646;561;214;152;
EBT;UF;3106309;74.0625;5;1;1;1;2;0;
EBT;UF;3106705;2221.8711;279;53;164;32;26;4;
EBT;UF;3107109;4.0000;2;0;2;0;0;0;
EBT;UF;3107406;10.0000;5;0;5;0;0;0;
EBT;UF;3107703;0.2500;1;1;0;0;0;0;
EBT;UF;3108404;2.0000;1;0;1;0;0;0;
EBT;UF;3108909;2.2500;2;1;1;0;0;0;
EBT;UF;3109303;2.0000;1;0;1;0;0;0;
EBT;UF;3109501;2.0000;1;0;1;0;0;0;
EBT;UF;3109709;2.0000;1;0;1;0;0;0;
EBT;UF;3110004;2.0000;1;0;1;0;0;0;
EBT;UF;3110301;2.0000;1;0;1;0;0;0;
EBT;UF;3110509;5.0000;3;0;3;0;0;0;
EBT;UF;3110608;3.0000;2;0;2;0;0;0;
EBT;UF;3110707;4.0000;2;0;2;0;0;0;
EBT;UF;3111606;2.0000;1;0;1;0;0;0;
EBT;UF;3112307;2.0000;1;0;1;0;0;0;
EBT;UF;3113206;64.0000;2;0;0;0;2;0;
EBT;UF;3113404;14.0000;3;0;2;1;0;0;
EBT;UF;3114303;2.0000;1;0;1;0;0;0;
EBT;UF;3114501;2.0000;1;0;1;0;0;0;
EBT;UF;3115300;559.0000;10;0;2;3;2;3;
EBT;UF;3115508;10.6250;8;3;5;0;0;0;
EBT;UF;3117876;24.0000;3;0;0;3;0;0;
EBT;UF;3118007;24.3125;12;4;7;1;0;0;
EBT;UF;3118304;92.8437;33;7;20;5;1;0;
EBT;UF;3118403;32.0000;1;0;0;0;1;0;
EBT;UF;3118601;3288.0429;465;66;263;89;38;9;
EBT;UF;3119401;92.5000;19;1;15;1;2;0;
EBT;UF;3120904;66.0000;30;0;28;2;0;0;
EBT;UF;3122306;1039.5781;87;9;59;11;3;5;
EBT;UF;3122454;0.2500;1;1;0;0;0;0;
EBT;UF;3123601;4.0000;2;0;2;0;0;0;
EBT;UF;3123908;2.0000;1;0;1;0;0;0;
EBT;UF;3124203;32.0000;1;0;0;0;1;0;
EBT;UF;3125101;21.0000;12;0;12;0;0;0;
EBT;UF;3126109;4.0000;2;0;2;0;0;0;
EBT;UF;3127008;4.0000;2;0;2;0;0;0;
EBT;UF;3127107;17.0000;9;0;9;0;0;0;
EBT;UF;3127701;1769.8086;101;11;57;13;14;6;
EBT;UF;3128709;8.0000;1;0;0;1;0;0;
EBT;UF;3129509;2.0000;1;0;1;0;0;0;
EBT;UF;3129806;212.9648;20;3;12;1;3;1;
EBT;UF;3130101;6.0000;3;0;3;0;0;0;
EBT;UF;3130309;5.0000;3;0;3;0;0;0;
EBT;UF;3131307;792.5273;88;15;50;8;13;2;
EBT;UF;3131703;418.2031;46;14;25;4;1;2;
EBT;UF;3131901;18.8750;10;4;5;1;0;0;
EBT;UF;3132206;6.0000;3;0;3;0;0;0;
EBT;UF;3132404;360.7070;69;16;38;8;7;0;
EBT;UF;3133006;9.0000;5;0;5;0;0;0;
EBT;UF;3133808;136.2500;28;3;17;7;1;0;
EBT;UF;3134103;0.2500;1;1;0;0;0;0;
EBT;UF;3134202;35.3945;21;2;19;0;0;0;
EBT;UF;3135209;2.0000;1;0;1;0;0;0;
EBT;UF;3135407;28.1250;7;1;4;2;0;0;
EBT;UF;3135506;2.0000;1;0;1;0;0;0;
EBT;UF;3136207;38.0000;32;13;18;1;0;0;
EBT;UF;3136306;62.0000;8;0;5;2;1;0;
EBT;UF;3136603;0.2500;1;1;0;0;0;0;
EBT;UF;3136702;4736.9219;202;14;106;41;24;17;
EBT;UF;3137205;88.0000;9;0;4;3;2;0;
EBT;UF;3137601;91.6797;33;11;18;3;1;0;
EBT;UF;3138203;450.0000;68;14;37;12;3;2;
EBT;UF;3138401;189.0000;3;0;1;0;1;1;
EBT;UF;3138609;200.0000;6;0;2;0;3;1;
EBT;UF;3138807;2.0000;1;0;1;0;0;0;
EBT;UF;3139003;32.0000;1;0;0;0;1;0;
EBT;UF;3139607;32.0000;1;0;0;0;1;0;
EBT;UF;3140001;64.0000;2;0;0;0;2;0;
EBT;UF;3140803;83.0000;11;0;5;5;1;0;
EBT;UF;3140902;0.2500;1;1;0;0;0;0;
EBT;UF;3141405;40.0000;5;0;4;0;1;0;
EBT;UF;3143302;3472.3984;138;13;65;17;34;9;
EBT;UF;3143906;390.0000;8;0;3;1;2;2;
EBT;UF;3144805;910.6016;101;6;60;20;13;2;
EBT;UF;3145208;2.0000;1;0;1;0;0;0;
EBT;UF;3145604;12.2500;7;1;5;1;0;0;
EBT;UF;3145901;5.0000;3;0;3;0;0;0;
EBT;UF;3146107;12.5625;8;2;6;0;0;0;
EBT;UF;3146305;4.0000;2;0;2;0;0;0;
EBT;UF;3147006;106.2500;25;1;19;3;2;0;
EBT;UF;3147105;177.0625;13;1;10;1;0;1;
EBT;UF;3147402;200.0000;2;0;0;0;0;2;
EBT;UF;3147600;2.0000;1;0;1;0;0;0;
EBT;UF;3147907;214.1445;41;9;24;5;2;1;
EBT;UF;3148004;37.8750;20;4;15;1;0;0;
EBT;UF;3148103;6.0000;3;0;3;0;0;0;
EBT;UF;3149101;2.0000;1;0;1;0;0;0;
EBT;UF;3149309;101.8398;33;8;20;3;2;0;
EBT;UF;3149903;219.0000;8;0;5;1;0;2;
EBT;UF;3151206;475.5000;20;1;2;3;14;0;
EBT;UF;3151404;4.0000;2;0;2;0;0;0;
EBT;UF;3151800;311.5156;101;15;69;13;4;0;
EBT;UF;3152105;22.0000;3;0;1;2;0;0;
EBT;UF;3152501;580.5781;124;23;68;25;7;1;
EBT;UF;3154200;32.0000;1;0;0;0;1;0;
EBT;UF;3154606;207.6523;62;17;34;8;3;0;
EBT;UF;3155504;2.0000;1;0;1;0;0;0;
EBT;UF;3156007;0.2500;1;1;0;0;0;0;
EBT;UF;3156502;0.2500;1;1;0;0;0;0;
EBT;UF;3156700;23.8125;15;3;12;0;0;0;
EBT;UF;3157807;184.0586;60;14;35;9;2;0;
EBT;UF;3160405;2.0000;1;0;1;0;0;0;
EBT;UF;3160702;124.5000;6;1;2;2;0;1;
EBT;UF;3162104;20.0000;6;0;5;1;0;0;
EBT;UF;3162401;2.0000;1;0;1;0;0;0;
EBT;UF;3162500;373.9375;50;16;24;2;7;1;
EBT;UF;3162559;2.0000;1;0;1;0;0;0;
EBT;UF;3162708;2.0000;1;0;1;0;0;0;
EBT;UF;3162955;2.4648;4;3;1;0;0;0;
EBT;UF;3163706;39.5000;19;4;14;0;1;0;
EBT;UF;3164704;70.3750;46;14;31;1;0;0;
EBT;UF;3165701;64.0000;2;0;0;0;2;0;
EBT;UF;3166907;8.0000;1;0;0;1;0;0;
EBT;UF;3167202;327.8203;91;12;62;13;4;0;
EBT;UF;3168606;330.0352;43;6;20;10;7;0;
EBT;UF;3168705;599.5625;39;5;11;5;18;0;
EBT;UF;3169307;164.8750;45;19;20;2;4;0;
EBT;UF;3169356;4.0000;2;0;2;0;0;0;
EBT;UF;3169406;2.2500;2;1;1;0;0;0;
EBT;UF;3169901;166.0000;6;0;0;4;1;1;
EBT;UF;3170107;2435.8633;136;28;90;13;2;3;
EBT;UF;3170206;5279.2969;435;87;225;72;26;25;
EBT;UF;3170404;176.0000;43;2;36;3;1;1;
EBT;UF;3170701;2390.6211;99;9;53;17;9;11;
EBT;UF;3170800;193.0000;7;0;1;0;6;0;
EBT;UF;3171006;2.0000;1;0;1;0;0;0;
EBT;UF;3171204;128.0000;48;6;34;6;2;0;
EBT;UF;3171303;56.2500;11;1;8;1;1;0;
EBT;UF;3171501;1.0000;1;0;1;0;0;0;
EBT;UF;3172004;128.0000;4;0;0;0;4;0;
EBT;UF;3200102;8.0000;4;0;3;1;0;0;
EBT;UF;3200136;2.0000;1;0;1;0;0;0;
EBT;UF;3200169;4.0000;2;0;2;0;0;0;
EBT;UF;3200201;44.0000;4;0;1;2;1;0;
EBT;UF;3200300;7.0625;5;1;4;0;0;0;
EBT;UF;3200409;144.0000;3;0;0;1;1;1;
EBT;UF;3200508;1.0000;1;0;1;0;0;0;
EBT;UF;3200607;52.5000;10;3;3;3;1;0;
EBT;UF;3200706;3.0000;2;0;2;0;0;0;
EBT;UF;3200805;80.0000;5;0;0;2;3;0;
EBT;UF;3200904;16.0000;3;0;1;2;0;0;
EBT;UF;3201159;4.0000;2;0;2;0;0;0;
EBT;UF;3201209;2633.8125;53;4;32;8;4;5;
EBT;UF;3201308;532.0000;71;10;42;14;2;3;
EBT;UF;3201506;1196.9375;44;4;29;6;2;3;
EBT;UF;3201902;6.6250;9;6;3;0;0;0;
EBT;UF;3202009;1.0000;1;0;1;0;0;0;
EBT;UF;3202108;2.0000;1;0;1;0;0;0;
EBT;UF;3202306;5.9375;8;5;3;0;0;0;
EBT;UF;3202405;535.5000;21;3;10;3;1;4;
EBT;UF;3202454;6.0000;4;0;4;0;0;0;
EBT;UF;3202504;175.1250;9;2;4;0;2;1;
EBT;UF;3202553;6.0000;3;0;3;0;0;0;
EBT;UF;3202603;2.0000;1;0;1;0;0;0;
EBT;UF;3202652;2.0000;1;0;1;0;0;0;
EBT;UF;3202702;6.1250;6;1;5;0;0;0;
EBT;UF;3202801;104.1875;8;5;2;0;0;1;
EBT;UF;3202900;38.0000;3;0;2;0;1;0;
EBT;UF;3203007;2.0000;1;0;1;0;0;0;
EBT;UF;3203106;6.0000;3;0;3;0;0;0;
EBT;UF;3203130;2.0000;1;0;1;0;0;0;
EBT;UF;3203163;3.1875;4;2;2;0;0;0;
EBT;UF;3203205;217.8750;30;7;16;4;2;1;
EBT;UF;3203304;10.0000;4;0;3;1;0;0;
EBT;UF;3203320;5.1875;9;5;4;0;0;0;
EBT;UF;3203346;20.0000;2;0;0;2;0;0;
EBT;UF;3203353;2.0000;1;0;1;0;0;0;
EBT;UF;3203502;10.0000;1;0;0;1;0;0;
EBT;UF;3203601;3.2500;3;1;2;0;0;0;
EBT;UF;3203809;3.0000;2;0;2;0;0;0;
EBT;UF;3203908;4.0000;2;0;2;0;0;0;
EBT;UF;3204054;22.0000;6;0;4;2;0;0;
EBT;UF;3204104;96.0000;3;0;1;0;1;1;
EBT;UF;3204203;129.6250;5;3;1;0;0;1;
EBT;UF;3204252;1.2500;2;1;1;0;0;0;
EBT;UF;3204302;8.0000;4;0;4;0;0;0;
EBT;UF;3204401;30.0000;2;0;0;1;1;0;
EBT;UF;3204500;1.2500;2;1;1;0;0;0;
EBT;UF;3204559;4.5625;4;2;2;0;0;0;
EBT;UF;3204609;49.0000;6;0;4;1;1;0;
EBT;UF;3204658;2.0000;2;0;2;0;0;0;
EBT;UF;3204708;4.0000;2;0;2;0;0;0;
EBT;UF;3204807;2.0000;1;0;1;0;0;0;
EBT;UF;3204906;769.7500;22;3;6;4;4;5;
EBT;UF;3205002;3512.0000;190;30;82;51;15;12;
EBT;UF;3205010;2.0000;1;0;1;0;0;0;
EBT;UF;3205036;5.0000;2;0;1;1;0;0;
EBT;UF;3205069;110.1875;13;7;5;0;0;1;
EBT;UF;3205101;220.0625;26;1;15;8;1;1;
EBT;UF;3205200;2529.8125;98;12;38;33;7;8;
EBT;UF;3205309;40261.5859;217;25;37;72;24;59;
EBT;UF;3300100;1163.5000;27;4;15;5;2;1;
EBT;UF;3300209;27.0000;9;2;4;3;0;0;
EBT;UF;3300233;3.2500;5;4;1;0;0;0;
EBT;UF;3300258;2.2500;2;1;1;0;0;0;
EBT;UF;3300308;12.7500;8;2;6;0;0;0;
EBT;UF;3300407;116.5000;26;4;14;6;2;0;
EBT;UF;3300456;303.6133;49;7;33;6;1;2;
EBT;UF;3300605;0.2500;1;1;0;0;0;0;
EBT;UF;3300704;51.0000;22;2;18;2;0;0;
EBT;UF;3300803;4.0000;2;0;2;0;0;0;
EBT;UF;3301009;7470.8398;88;21;41;11;4;11;
EBT;UF;3301108;5.5000;5;2;3;0;0;0;
EBT;UF;3301306;3.0000;2;0;2;0;0;0;
EBT;UF;3301702;4409.3750;170;20;99;21;7;23;
EBT;UF;3301850;2.0000;1;0;1;0;0;0;
EBT;UF;3301900;2727.1602;32;5;21;4;0;2;
EBT;UF;3302007;137.4648;34;3;25;3;3;0;
EBT;UF;3302205;38.9648;23;4;19;0;0;0;
EBT;UF;3302254;265.2500;26;1;15;5;4;1;
EBT;UF;3302270;2.5000;2;1;1;0;0;0;
EBT;UF;3302403;11588.0586;307;14;122;123;29;19;
EBT;UF;3302502;9.7500;7;2;5;0;0;0;
EBT;UF;3302601;10.5000;2;1;0;1;0;0;
EBT;UF;3302700;10.5000;6;1;5;0;0;0;
EBT;UF;3302858;74.0547;18;3;13;1;0;1;
EBT;UF;3303203;42.6797;31;7;24;0;0;0;
EBT;UF;3303302;4073.7656;350;27;257;37;19;10;
EBT;UF;3303401;27.5000;18;7;10;1;0;0;
EBT;UF;3303500;489.3906;94;12;63;17;0;2;
EBT;UF;3303609;3.2500;3;1;2;0;0;0;
EBT;UF;3303807;38.7500;9;2;4;3;0;0;
EBT;UF;3303906;887.2344;82;9;52;13;6;2;
EBT;UF;3303955;1.4648;1;0;1;0;0;0;
EBT;UF;3304003;3.5000;3;1;2;0;0;0;
EBT;UF;3304110;1285.1250;45;7;14;13;1;10;
EBT;UF;3304144;26.7500;12;2;9;1;0;0;
EBT;UF;3304201;830.2500;69;4;38;14;9;4;
EBT;UF;3304300;11.2500;10;3;7;0;0;0;
EBT;UF;3304524;266.2500;51;7;25;17;2;0;
EBT;UF;3304557;634441.794;8467;467;4390;2312;520;778;
EBT;UF;3304706;1.0000;1;0;1;0;0;0;
EBT;UF;3304805;0.5000;1;1;0;0;0;0;
EBT;UF;3304904;652.5195;126;23;81;18;0;4;
EBT;UF;3305000;82.2500;17;3;11;1;2;0;
EBT;UF;3305109;197.0625;59;8;43;7;0;1;
EBT;UF;3305208;28.2148;18;4;14;0;0;0;
EBT;UF;3305505;3.5000;3;1;2;0;0;0;
EBT;UF;3305554;506.0000;12;5;3;0;1;3;
EBT;UF;3305802;10143.3750;24;2;11;1;1;9;
EBT;UF;3306008;239.5000;27;1;15;9;1;1;
EBT;UF;3306107;5.0000;4;2;2;0;0;0;
EBT;UF;3306305;895.7500;53;6;27;8;7;5;
EBT;UF;3500105;155.0000;1;0;0;0;0;1;
EBT;UF;3500709;6.0000;1;0;0;1;0;0;
EBT;UF;3501004;0.2500;1;1;0;0;0;0;
EBT;UF;3501152;52.0000;2;0;1;0;0;1;
EBT;UF;3501608;3599.6797;159;21;94;18;5;21;
EBT;UF;3501707;310.0000;2;0;0;0;0;2;
EBT;UF;3502101;1819.0000;8;0;4;1;0;3;
EBT;UF;3502507;4.7148;4;1;3;0;0;0;
EBT;UF;3502804;543.1797;21;3;9;6;0;3;
EBT;UF;3503000;2.5000;2;1;1;0;0;0;
EBT;UF;3503208;4152.5000;102;13;45;14;5;25;
EBT;UF;3503307;50.6875;34;9;25;0;0;0;
EBT;UF;3503901;118.7500;15;4;10;0;0;1;
EBT;UF;3504008;1018.6250;18;3;3;5;1;6;
EBT;UF;3504107;30.9648;15;3;11;1;0;0;
EBT;UF;3505302;6.0000;3;0;3;0;0;0;
EBT;UF;3505500;671.5156;14;0;4;5;0;5;
EBT;UF;3505708;54379.8515;644;51;229;157;67;140;
EBT;UF;3505906;1.2598;3;2;1;0;0;0;
EBT;UF;3506003;13707.2344;256;12;94;61;14;75;
EBT;UF;3506102;2053.3750;52;10;20;7;3;12;
EBT;UF;3506359;7.0000;9;6;3;0;0;0;
EBT;UF;3506508;235.0000;2;0;0;0;0;2;
EBT;UF;3507001;299.0000;9;0;3;4;0;2;
EBT;UF;3507506;1710.7891;47;0;27;8;2;10;
EBT;UF;3507605;1555.0625;33;10;6;5;3;9;
EBT;UF;3507803;2.2500;2;1;1;0;0;0;
EBT;UF;3508207;2.5000;2;1;1;0;0;0;
EBT;UF;3508405;16.5000;6;1;4;1;0;0;
EBT;UF;3508504;135.2500;7;1;5;0;0;1;
EBT;UF;3508603;1375.2500;7;1;1;0;2;3;
EBT;UF;3509007;1.0000;1;0;1;0;0;0;
EBT;UF;3509205;1712.6094;91;13;37;29;5;7;
EBT;UF;3509254;155.2500;2;1;0;0;0;1;
EBT;UF;3509403;1.2500;2;1;1;0;0;0;
EBT;UF;3509502;77058.7148;804;66;375;147;46;170;
EBT;UF;3509700;27.3750;15;6;8;1;0;0;
EBT;UF;3510005;0.7500;2;2;0;0;0;0;
EBT;UF;3510500;209.0000;5;0;1;2;1;1;
EBT;UF;3510609;1.4648;1;0;1;0;0;0;
EBT;UF;3511102;615.7109;25;0;11;10;1;3;
EBT;UF;3512803;8.0625;4;1;2;1;0;0;
EBT;UF;3513009;350.2070;48;11;26;7;2;2;
EBT;UF;3513504;953.1250;29;3;13;5;2;6;
EBT;UF;3513702;1.5625;6;6;0;0;0;0;
EBT;UF;3513801;3949.4297;314;43;197;48;4;22;
EBT;UF;3515186;4.2500;3;1;2;0;0;0;
EBT;UF;3516200;3130.0918;92;12;56;4;2;18;
EBT;UF;3516705;7.2500;5;1;4;0;0;0;
EBT;UF;3517000;2.0000;1;0;1;0;0;0;
EBT;UF;3517406;1.2646;4;3;1;0;0;0;
EBT;UF;3517703;13.7686;10;3;7;0;0;0;
EBT;UF;3518305;155.0000;1;0;0;0;0;1;
EBT;UF;3518404;75.5625;45;5;40;0;0;0;
EBT;UF;3518701;1684.6289;96;16;61;12;3;4;
EBT;UF;3518800;2699.5859;539;90;357;71;9;12;
EBT;UF;3519071;13908.8750;78;4;19;7;10;38;
EBT;UF;3520103;0.5000;1;1;0;0;0;0;
EBT;UF;3520509;2590.5625;87;15;42;11;3;16;
EBT;UF;3521002;4.0000;2;0;2;0;0;0;
EBT;UF;3521309;4.7686;5;3;2;0;0;0;
EBT;UF;3522208;10.0000;1;0;0;1;0;0;
EBT;UF;3522307;610.0000;9;3;0;1;1;4;
EBT;UF;3522505;15.0000;4;0;2;2;0;0;
EBT;UF;3522604;1.5625;4;3;1;0;0;0;
EBT;UF;3523107;218.2500;25;11;7;5;1;1;
EBT;UF;3523909;3901.2031;95;8;42;18;8;19;
EBT;UF;3524006;0.1250;1;1;0;0;0;0;
EBT;UF;3524105;3.8750;5;3;2;0;0;0;
EBT;UF;3524303;229.2500;9;1;0;6;1;1;
EBT;UF;3524402;550.1172;119;15;86;16;0;2;
EBT;UF;3524709;963.5000;19;5;5;1;2;6;
EBT;UF;3525003;196.7500;13;2;6;4;0;1;
EBT;UF;3525102;3.7500;5;2;3;0;0;0;
EBT;UF;3525300;2714.0000;65;0;35;11;3;16;
EBT;UF;3525904;11025.4062;308;42;149;56;19;42;
EBT;UF;3526803;1660.0000;26;0;10;4;2;10;
EBT;UF;3526902;2548.4844;103;10;66;10;2;15;
EBT;UF;3527108;2473.0156;43;9;10;7;2;15;
EBT;UF;3527207;10.0000;5;0;5;0;0;0;
EBT;UF;3527306;424.2148;17;3;8;2;1;3;
EBT;UF;3528007;2048.0000;2;0;0;0;0;2;
EBT;UF;3528403;12.7500;8;2;6;0;0;0;
EBT;UF;3528502;4.7500;4;2;2;0;0;0;
EBT;UF;3529005;3677.6250;116;14;49;23;8;22;
EBT;UF;3529302;318.0000;3;0;0;1;0;2;
EBT;UF;3529401;2195.2773;156;26;95;21;2;12;
EBT;UF;3529708;3.7500;4;2;2;0;0;0;
EBT;UF;3530300;322.0000;4;0;1;1;0;2;
EBT;UF;3530508;3.0000;4;3;1;0;0;0;
EBT;UF;3530607;6169.1172;256;49;156;23;14;14;
EBT;UF;3530706;77.2500;41;5;35;1;0;0;
EBT;UF;3530805;563.9766;27;0;23;1;0;3;
EBT;UF;3531100;9.8750;8;3;5;0;0;0;
EBT;UF;3531902;3.2500;5;3;2;0;0;0;
EBT;UF;3532009;1.0000;1;0;1;0;0;0;
EBT;UF;3533403;19.0000;13;2;11;0;0;0;
EBT;UF;3534401;6987.7871;173;14;74;47;13;25;
EBT;UF;3534609;155.2500;2;1;0;0;0;1;
EBT;UF;3534708;1633.5000;31;1;9;8;2;11;
EBT;UF;3535507;10.0000;1;0;0;1;0;0;
EBT;UF;3536505;6.3125;5;2;3;0;0;0;
EBT;UF;3536703;35.0000;2;0;1;0;1;0;
EBT;UF;3537404;3.3125;6;5;1;0;0;0;
EBT;UF;3537602;2.0000;1;0;1;0;0;0;
EBT;UF;3538006;5287.1250;34;4;20;4;0;6;
EBT;UF;3538709;4568.6289;127;18;71;17;4;17;
EBT;UF;3539301;16.8125;11;3;8;0;0;0;
EBT;UF;3539806;1166.8945;45;0;3;4;32;6;
EBT;UF;3541000;42.6797;33;11;21;1;0;0;
EBT;UF;3541307;0.2500;1;1;0;0;0;0;
EBT;UF;3541406;3241.5781;101;7;50;18;7;19;
EBT;UF;3541505;16.0000;1;0;0;0;1;0;
EBT;UF;3542206;12.0000;2;0;1;1;0;0;
EBT;UF;3542404;2.0000;1;0;1;0;0;0;
EBT;UF;3543303;29.7500;14;4;9;1;0;0;
EBT;UF;3543402;16850.6094;458;30;208;118;13;89;
EBT;UF;3543907;2024.8867;108;13;67;14;2;12;
EBT;UF;3544004;157.2500;5;3;1;0;0;1;
EBT;UF;3544103;7.2500;5;1;4;0;0;0;
EBT;UF;3544202;2.0000;1;0;1;0;0;0;
EBT;UF;3545209;649.4648;14;0;7;3;0;4;
EBT;UF;3545803;301.0742;54;2;41;10;0;1;
EBT;UF;3546306;2.0000;1;0;1;0;0;0;
EBT;UF;3546405;21.0000;4;2;0;2;0;0;
EBT;UF;3547304;7973.1875;50;4;20;10;3;13;
EBT;UF;3547809;16480.9922;436;79;227;59;11;60;
EBT;UF;3548500;15236.6680;375;30;191;89;16;49;
EBT;UF;3548708;14742.9102;691;173;332;77;41;68;
EBT;UF;3548807;7576.8672;185;31;94;34;11;15;
EBT;UF;3548906;3740.8398;61;2;29;19;0;11;
EBT;UF;3549409;7.1250;9;5;4;0;0;0;
EBT;UF;3549706;12.3125;8;2;6;0;0;0;
EBT;UF;3549805;5520.0000;99;0;23;40;6;30;
EBT;UF;3549904;9130.2148;406;56;235;73;12;30;
EBT;UF;3550100;2.2500;4;3;1;0;0;0;
EBT;UF;3550308;493527.355;12084;1099;5482;3191;640;1672;
EBT;UF;3550605;6.3750;8;5;3;0;0;0;
EBT;UF;3550704;18.0000;4;0;2;2;0;0;
EBT;UF;3551009;3191.8047;102;25;56;13;0;8;
EBT;UF;3551702;501.0000;13;0;8;2;0;3;
EBT;UF;3552205;15254.0391;434;38;218;77;20;81;
EBT;UF;3552403;70.5000;16;2;11;1;2;0;
EBT;UF;3552502;110.0000;39;10;28;0;0;1;
EBT;UF;3552809;12507.8750;36;3;13;7;2;11;
EBT;UF;3554102;2598.6797;162;29;92;19;7;15;
EBT;UF;3554508;9.0000;4;0;3;1;0;0;
EBT;UF;3555000;2.0000;1;0;1;0;0;0;
EBT;UF;3555406;0.5000;1;1;0;0;0;0;
EBT;UF;3556206;859.7148;43;9;22;5;1;6;
EBT;UF;3556404;0.5000;1;1;0;0;0;0;
EBT;UF;3556503;0.2500;1;1;0;0;0;0;
EBT;UF;3556701;192.0000;5;0;3;0;1;1;
EBT;UF;3557006;1026.7500;50;8;31;5;0;6;
EBT;UF;3557105;26.1250;7;2;3;2;0;0;
EBT;UF;3557303;0.2500;1;1;0;0;0;0;
EBT;UF;4100202;0.2500;1;1;0;0;0;0;
EBT;UF;4100301;0.2500;1;1;0;0;0;0;
EBT;UF;4100400;26.2500;16;7;7;2;0;0;
EBT;UF;4100509;1.0000;1;0;1;0;0;0;
EBT;UF;4100608;1.0000;1;0;1;0;0;0;
EBT;UF;4100707;1.2500;2;1;1;0;0;0;
EBT;UF;4100806;1.2500;2;1;1;0;0;0;
EBT;UF;4100905;0.5000;2;2;0;0;0;0;
EBT;UF;4101002;0.5000;1;1;0;0;0;0;
EBT;UF;4101101;10.7500;8;2;6;0;0;0;
EBT;UF;4101408;145.1250;30;2;20;7;1;0;
EBT;UF;4101507;2111.5000;14;2;4;6;0;2;
EBT;UF;4101606;1.0000;1;0;1;0;0;0;
EBT;UF;4101705;1.0000;1;0;1;0;0;0;
EBT;UF;4101804;718.1875;117;34;60;16;5;2;
EBT;UF;4101903;1.0000;1;0;1;0;0;0;
EBT;UF;4102000;1.0000;1;0;1;0;0;0;
EBT;UF;4102109;1.0000;1;0;1;0;0;0;
EBT;UF;4102307;14.5000;9;1;8;0;0;0;
EBT;UF;4102406;23.1875;8;5;1;2;0;0;
EBT;UF;4102505;1.0000;1;0;1;0;0;0;
EBT;UF;4102802;5.2500;4;1;3;0;0;0;
EBT;UF;4102901;1.0000;1;0;1;0;0;0;
EBT;UF;4103057;0.2500;1;1;0;0;0;0;
EBT;UF;4103206;0.2500;1;1;0;0;0;0;
EBT;UF;4103354;0.2500;1;1;0;0;0;0;
EBT;UF;4103503;0.2500;1;1;0;0;0;0;
EBT;UF;4103602;2.0000;1;0;1;0;0;0;
EBT;UF;4103701;59.4375;48;18;28;2;0;0;
EBT;UF;4103800;0.5000;2;2;0;0;0;0;
EBT;UF;4104006;3.2500;4;1;3;0;0;0;
EBT;UF;4104105;0.2500;1;1;0;0;0;0;
EBT;UF;4104204;140.7500;27;3;15;8;0;1;
EBT;UF;4104253;4.2500;4;1;3;0;0;0;
EBT;UF;4104303;12.0000;7;0;7;0;0;0;
EBT;UF;4104428;9.2500;3;1;1;1;0;0;
EBT;UF;4104501;1.2500;2;1;1;0;0;0;
EBT;UF;4104659;1.4375;4;3;1;0;0;0;
EBT;UF;4104709;2.0000;1;0;1;0;0;0;
EBT;UF;4104808;2499.0625;150;40;80;25;3;2;
EBT;UF;4104907;21.4375;30;21;8;1;0;0;
EBT;UF;4105003;0.2500;1;1;0;0;0;0;
EBT;UF;4105102;1.0000;1;0;1;0;0;0;
EBT;UF;4105409;3.1250;3;1;2;0;0;0;
EBT;UF;4105508;83.6250;37;11;22;4;0;0;
EBT;UF;4105607;0.2500;1;1;0;0;0;0;
EBT;UF;4105706;1.0000;1;0;1;0;0;0;
EBT;UF;4105805;236.3125;52;19;28;3;1;1;
EBT;UF;4106001;0.2500;1;1;0;0;0;0;
EBT;UF;4106209;1.0000;1;0;1;0;0;0;
EBT;UF;4106308;1.0000;1;0;1;0;0;0;
EBT;UF;4106407;52.2500;7;1;3;2;1;0;
EBT;UF;4106506;1.5625;4;3;1;0;0;0;
EBT;UF;4106605;1.0000;1;0;1;0;0;0;
EBT;UF;4106704;0.2500;1;1;0;0;0;0;
EBT;UF;4106902;43990.3750;1842;323;871;409;139;100;
EBT;UF;4107009;2.0000;2;0;2;0;0;0;
EBT;UF;4107108;0.5000;2;2;0;0;0;0;
EBT;UF;4107207;6.2500;6;2;4;0;0;0;
EBT;UF;4107256;12.7500;3;2;0;1;0;0;
EBT;UF;4107306;0.5000;2;2;0;0;0;0;
EBT;UF;4107405;0.2500;1;1;0;0;0;0;
EBT;UF;4107504;0.2500;1;1;0;0;0;0;
EBT;UF;4107538;1.0000;1;0;1;0;0;0;
EBT;UF;4107603;1.0000;1;0;1;0;0;0;
EBT;UF;4107652;351.4375;15;6;5;1;1;2;
EBT;UF;4107702;0.2500;1;1;0;0;0;0;
EBT;UF;4107736;6.0000;2;0;1;1;0;0;
EBT;UF;4107801;2.5000;3;2;1;0;0;0;
EBT;UF;4107900;2.2500;2;1;1;0;0;0;
EBT;UF;4108007;1.5000;3;2;1;0;0;0;
EBT;UF;4108106;0.2500;1;1;0;0;0;0;
EBT;UF;4108205;1.2500;2;1;1;0;0;0;
EBT;UF;4108304;382.6250;147;56;81;8;1;1;
EBT;UF;4108320;0.2500;1;1;0;0;0;0;
EBT;UF;4108403;56.5625;20;7;12;0;1;0;
EBT;UF;4108452;0.0625;1;1;0;0;0;0;
EBT;UF;4108502;2.0000;1;0;1;0;0;0;
EBT;UF;4108551;0.2500;1;1;0;0;0;0;
EBT;UF;4108601;6.3125;9;5;4;0;0;0;
EBT;UF;4108700;1.0000;1;0;1;0;0;0;
EBT;UF;4108809;20.5000;12;1;11;0;0;0;
EBT;UF;4109302;1.0000;1;0;1;0;0;0;
EBT;UF;4109401;670.0625;26;7;15;3;0;1;
EBT;UF;4109500;2.5000;3;2;1;0;0;0;
EBT;UF;4109609;9.0000;5;0;5;0;0;0;
EBT;UF;4109708;1.0000;1;0;1;0;0;0;
EBT;UF;4109807;15.8750;23;13;10;0;0;0;
EBT;UF;4110201;0.2500;1;1;0;0;0;0;
EBT;UF;4110607;1.0000;1;0;1;0;0;0;
EBT;UF;4110706;10.8125;25;22;3;0;0;0;
EBT;UF;4110904;0.2500;1;1;0;0;0;0;
EBT;UF;4110953;1.0000;1;0;1;0;0;0;
EBT;UF;4111407;0.2500;1;1;0;0;0;0;
EBT;UF;4111506;3.2500;3;1;2;0;0;0;
EBT;UF;4111803;12.2148;10;4;6;0;0;0;
EBT;UF;4112009;17.2500;3;1;1;0;1;0;
EBT;UF;4112108;3.3750;5;3;2;0;0;0;
EBT;UF;4112504;1.0000;1;0;1;0;0;0;
EBT;UF;4112702;1.2500;2;1;1;0;0;0;
EBT;UF;4112801;1.0000;1;0;1;0;0;0;
EBT;UF;4113205;1.0625;2;1;1;0;0;0;
EBT;UF;4113304;2.7500;4;2;2;0;0;0;
EBT;UF;4113502;1.0000;1;0;1;0;0;0;
EBT;UF;4113601;14.0000;4;0;3;1;0;0;
EBT;UF;4113700;8698.7852;314;83;130;68;16;17;
EBT;UF;4113734;0.2500;1;1;0;0;0;0;
EBT;UF;4113809;1.0000;1;0;1;0;0;0;
EBT;UF;4114005;1.0000;1;0;1;0;0;0;
EBT;UF;4114104;6.2500;6;3;3;0;0;0;
EBT;UF;4114203;45.0000;14;6;6;1;1;0;
EBT;UF;4114302;0.2500;1;1;0;0;0;0;
EBT;UF;4114351;0.2500;1;1;0;0;0;0;
EBT;UF;4114401;2.2500;3;1;2;0;0;0;
EBT;UF;4114500;1.2500;2;1;1;0;0;0;
EBT;UF;4114609;0.5000;1;1;0;0;0;0;
EBT;UF;4114807;11.7500;7;2;4;1;0;0;
EBT;UF;4114906;1.0000;1;0;1;0;0;0;
EBT;UF;4115101;0.2500;1;1;0;0;0;0;
EBT;UF;4115200;4575.7500;308;72;154;71;4;7;
EBT;UF;4115309;0.2500;1;1;0;0;0;0;
EBT;UF;4115358;1.0000;1;0;1;0;0;0;
EBT;UF;4115606;3.2500;3;1;2;0;0;0;
EBT;UF;4115705;5.0000;3;0;3;0;0;0;
EBT;UF;4115804;1.2500;2;1;1;0;0;0;
EBT;UF;4116208;1.0000;1;0;1;0;0;0;
EBT;UF;4116703;1.0000;1;0;1;0;0;0;
EBT;UF;4116901;2.3750;5;4;1;0;0;0;
EBT;UF;4117008;0.2500;1;1;0;0;0;0;
EBT;UF;4117107;1.0000;1;0;1;0;0;0;
EBT;UF;4117206;0.2500;1;1;0;0;0;0;
EBT;UF;4117271;0.2500;1;1;0;0;0;0;
EBT;UF;4117503;9.3750;7;2;5;0;0;0;
EBT;UF;4117602;4.5000;4;1;3;0;0;0;
EBT;UF;4117701;1.0000;1;0;1;0;0;0;
EBT;UF;4117909;7.2500;5;1;4;0;0;0;
EBT;UF;4118105;1.0000;1;0;1;0;0;0;
EBT;UF;4118204;447.3125;108;20;70;16;1;1;
EBT;UF;4118402;86.6875;46;18;27;0;1;0;
EBT;UF;4118451;1.2500;2;1;1;0;0;0;
EBT;UF;4118501;72.5625;32;8;22;1;1;0;
EBT;UF;4118600;0.2500;1;1;0;0;0;0;
EBT;UF;4118709;0.2500;1;1;0;0;0;0;
EBT;UF;4118907;1.0000;1;0;1;0;0;0;
EBT;UF;4119152;275.2500;59;3;39;13;4;0;
EBT;UF;4119202;0.2500;1;1;0;0;0;0;
EBT;UF;4119301;37.5625;6;3;2;0;1;0;
EBT;UF;4119400;2.0000;1;0;1;0;0;0;
EBT;UF;4119509;12.5625;11;4;7;0;0;0;
EBT;UF;4119608;1.0000;1;0;1;0;0;0;
EBT;UF;4119707;0.2500;1;1;0;0;0;0;
EBT;UF;4119806;1.0000;1;0;1;0;0;0;
EBT;UF;4119905;558.1250;142;42;75;19;5;1;
EBT;UF;4119954;26.7500;9;2;6;0;1;0;
EBT;UF;4120002;1.0000;1;0;1;0;0;0;
EBT;UF;4120101;0.5000;2;2;0;0;0;0;
EBT;UF;4120309;0.2500;1;1;0;0;0;0;
EBT;UF;4120606;3.2500;3;1;2;0;0;0;
EBT;UF;4120705;0.5000;2;2;0;0;0;0;
EBT;UF;4120804;413.2500;25;6;11;4;2;2;
EBT;UF;4120853;1.0000;1;0;1;0;0;0;
EBT;UF;4120903;1.0000;1;0;1;0;0;0;
EBT;UF;4121307;0.2500;1;1;0;0;0;0;
EBT;UF;4121406;1.2500;2;1;1;0;0;0;
EBT;UF;4121505;1.0000;1;0;1;0;0;0;
EBT;UF;4121604;0.2500;1;1;0;0;0;0;
EBT;UF;4121703;1.0000;1;0;1;0;0;0;
EBT;UF;4121901;1.0000;1;0;1;0;0;0;
EBT;UF;4122008;1.0000;1;0;1;0;0;0;
EBT;UF;4122206;1.7500;3;2;1;0;0;0;
EBT;UF;4122305;28.2500;18;10;5;3;0;0;
EBT;UF;4122404;57.5000;23;2;19;2;0;0;
EBT;UF;4122701;0.2500;1;1;0;0;0;0;
EBT;UF;4122800;0.2500;1;1;0;0;0;0;
EBT;UF;4123204;1.0000;1;0;1;0;0;0;
EBT;UF;4123402;1.0000;1;0;1;0;0;0;
EBT;UF;4123501;2.0000;2;0;2;0;0;0;
EBT;UF;4123709;1.0000;1;0;1;0;0;0;
EBT;UF;4123808;1.0000;1;0;1;0;0;0;
EBT;UF;4123907;1.2500;2;1;1;0;0;0;
EBT;UF;4124020;1.0000;1;0;1;0;0;0;
EBT;UF;4124053;1.0625;2;1;1;0;0;0;
EBT;UF;4124103;7.0625;5;1;4;0;0;0;
EBT;UF;4124301;0.2500;1;1;0;0;0;0;
EBT;UF;4124400;1.0000;1;0;1;0;0;0;
EBT;UF;4124509;2.2500;3;1;2;0;0;0;
EBT;UF;4124608;0.2500;1;1;0;0;0;0;
EBT;UF;4124707;1.2500;2;1;1;0;0;0;
EBT;UF;4124905;0.2500;1;1;0;0;0;0;
EBT;UF;4125001;2.0000;2;0;2;0;0;0;
EBT;UF;4125357;0.2500;1;1;0;0;0;0;
EBT;UF;4125456;0.2500;1;1;0;0;0;0;
EBT;UF;4125506;23400.9297;308;62;181;46;7;12;
EBT;UF;4125605;1.5000;2;1;1;0;0;0;
EBT;UF;4125704;19.0000;4;2;1;0;1;0;
EBT;UF;4126009;0.5000;2;2;0;0;0;0;
EBT;UF;4126207;0.2500;1;1;0;0;0;0;
EBT;UF;4126256;18.2500;21;11;10;0;0;0;
EBT;UF;4126306;1.0000;1;0;1;0;0;0;
EBT;UF;4126504;3.0000;2;0;2;0;0;0;
EBT;UF;4126603;1.0000;1;0;1;0;0;0;
EBT;UF;4126678;1.2500;2;1;1;0;0;0;
EBT;UF;4126801;1.0000;1;0;1;0;0;0;
EBT;UF;4126900;0.2500;1;1;0;0;0;0;
EBT;UF;4127007;1.5000;3;2;1;0;0;0;
EBT;UF;4127106;29.5000;9;1;7;0;1;0;
EBT;UF;4127403;1.0000;1;0;1;0;0;0;
EBT;UF;4127502;1.0000;1;0;1;0;0;0;
EBT;UF;4127700;192.6875;34;11;14;8;0;1;
EBT;UF;4127809;1.2500;2;1;1;0;0;0;
EBT;UF;4128104;212.1250;42;6;21;13;1;1;
EBT;UF;4128203;17.0000;9;0;9;0;0;0;
EBT;UF;4128401;1.0000;1;0;1;0;0;0;
EBT;UF;4128500;2.0000;2;0;2;0;0;0;
EBT;UF;4128708;2.5000;3;2;1;0;0;0;
EBT;UF;4128807;0.2500;1;1;0;0;0;0;
EBT;UF;4200101;3.3750;4;2;2;0;0;0;
EBT;UF;4201307;219.5625;36;3;17;13;3;0;
EBT;UF;4201703;0.2500;1;1;0;0;0;0;
EBT;UF;4202008;255.2500;39;3;19;15;1;1;
EBT;UF;4202073;1.0000;1;0;1;0;0;0;
EBT;UF;4202305;130.4375;55;25;23;5;2;0;
EBT;UF;4202404;3385.3750;277;51;125;72;18;11;
EBT;UF;4202602;5.3750;4;2;1;1;0;0;
EBT;UF;4202909;822.1250;76;8;36;23;4;5;
EBT;UF;4203006;63.8750;16;5;6;4;1;0;
EBT;UF;4203204;33.1250;22;8;12;2;0;0;
EBT;UF;4203600;2.0000;1;0;1;0;0;0;
EBT;UF;4203956;20.7500;7;2;3;2;0;0;
EBT;UF;4204202;647.3281;87;23;42;15;4;3;
EBT;UF;4204251;87.0000;13;3;7;1;2;0;
EBT;UF;4204301;633.5000;16;1;2;7;2;4;
EBT;UF;4204350;0.6875;4;4;0;0;0;0;
EBT;UF;4204509;5.6250;6;3;3;0;0;0;
EBT;UF;4204558;17.0000;5;2;1;2;0;0;
EBT;UF;4204608;407.6875;66;16;25;22;2;1;
EBT;UF;4204806;30.0000;3;0;0;3;0;0;
EBT;UF;4205191;10.0000;1;0;0;1;0;0;
EBT;UF;4205407;8850.4648;387;56;129;141;34;27;
EBT;UF;4205506;9.0000;15;9;6;0;0;0;
EBT;UF;4205704;20.6250;14;6;7;1;0;0;
EBT;UF;4205803;9.0000;3;0;1;2;0;0;
EBT;UF;4205902;109.8750;33;14;11;6;2;0;
EBT;UF;4206504;214.7500;32;7;17;6;1;1;
EBT;UF;4206702;6.6250;7;4;3;0;0;0;
EBT;UF;4207007;40.3125;12;4;5;3;0;0;
EBT;UF;4207106;1.2500;2;1;1;0;0;0;
EBT;UF;4207304;4.0000;2;0;2;0;0;0;
EBT;UF;4207502;276.5625;40;2;21;16;0;1;
EBT;UF;4208203;2444.9141;306;24;156;104;14;8;
EBT;UF;4208807;1.2500;2;1;1;0;0;0;
EBT;UF;4208906;540.0664;79;11;45;19;3;1;
EBT;UF;4209003;197.5000;24;1;12;7;4;0;
EBT;UF;4209102;2833.1992;423;78;193;128;16;8;
EBT;UF;4209300;329.7500;56;15;19;21;0;1;
EBT;UF;4209409;1.0000;1;0;1;0;0;0;
EBT;UF;4209706;1.2500;2;1;1;0;0;0;
EBT;UF;4210035;5.2500;5;1;4;0;0;0;
EBT;UF;4210100;26.9375;25;15;8;2;0;0;
EBT;UF;4210209;3.2500;3;1;2;0;0;0;
EBT;UF;4210605;15.5625;7;3;3;1;0;0;
EBT;UF;4211306;293.8125;58;6;25;23;4;0;
EBT;UF;4211454;1.0000;1;0;1;0;0;0;
EBT;UF;4211603;8.2500;7;1;6;0;0;0;
EBT;UF;4211702;2.2500;4;3;1;0;0;0;
EBT;UF;4211900;650.1875;93;16;50;22;4;1;
EBT;UF;4212205;1.0000;1;0;1;0;0;0;
EBT;UF;4213005;0.3125;3;3;0;0;0;0;
EBT;UF;4213203;53.5000;10;2;3;4;1;0;
EBT;UF;4214706;2.2500;2;1;1;0;0;0;
EBT;UF;4214805;356.2500;71;15;30;24;2;0;
EBT;UF;4215000;42.0000;5;0;3;0;2;0;
EBT;UF;4215109;104.7500;5;2;2;0;0;1;
EBT;UF;4215455;1.0000;1;0;1;0;0;0;
EBT;UF;4215802;315.5781;102;35;49;16;2;0;
EBT;UF;4215901;0.5000;1;1;0;0;0;0;
EBT;UF;4216107;3.5000;4;2;2;0;0;0;
EBT;UF;4216206;384.4375;36;7;9;14;4;2;
EBT;UF;4216255;1.0000;1;0;1;0;0;0;
EBT;UF;4216602;690.7500;105;14;42;43;5;1;
EBT;UF;4216909;47.7500;9;3;3;2;1;0;
EBT;UF;4217006;4.5000;3;1;2;0;0;0;
EBT;UF;4217402;229.5000;9;2;3;1;1;2;
EBT;UF;4217709;618.0000;7;0;1;1;0;5;
EBT;UF;4218202;158.5000;20;1;13;5;0;1;
EBT;UF;4218707;281.5000;18;1;8;7;1;1;
EBT;UF;4218806;14.0000;3;0;2;1;0;0;
EBT;UF;4219309;49.2500;26;12;11;2;1;0;
EBT;UF;4219507;35.7500;18;7;10;0;1;0;
EBT;UF;4219705;172.7500;14;5;5;1;2;1;
EBT;UF;4300406;59.8125;37;23;5;9;0;0;
EBT;UF;4300604;149.0000;34;11;12;9;2;0;
EBT;UF;4301008;14.0000;6;2;3;1;0;0;
EBT;UF;4301206;1.0000;1;0;1;0;0;0;
EBT;UF;4301552;1.2500;2;1;1;0;0;0;
EBT;UF;4301602;687.1250;44;9;11;15;6;3;
EBT;UF;4302105;1226.7500;141;10;56;62;10;3;
EBT;UF;4302204;1.0000;1;0;1;0;0;0;
EBT;UF;4302352;6.5000;4;1;2;1;0;0;
EBT;UF;4302709;2.2500;3;1;2;0;0;0;
EBT;UF;4302808;1.0000;1;0;1;0;0;0;
EBT;UF;4302907;0.6250;2;2;0;0;0;0;
EBT;UF;4303004;24.9375;24;13;10;1;0;0;
EBT;UF;4303103;519.0000;80;8;29;37;6;0;
EBT;UF;4303509;325.5000;30;5;10;11;3;1;
EBT;UF;4303806;2.5000;4;2;2;0;0;0;
EBT;UF;4303905;1151.5000;83;18;32;22;5;6;
EBT;UF;4304408;45.2500;18;10;5;2;1;0;
EBT;UF;4304507;4.5000;4;1;3;0;0;0;
EBT;UF;4304606;1528.3125;172;41;57;57;11;6;
EBT;UF;4304630;10612.5625;13;4;2;4;1;2;
EBT;UF;4304663;5.0000;5;2;3;0;0;0;
EBT;UF;4304705;59.0625;31;16;9;6;0;0;
EBT;UF;4304804;112.1875;14;5;4;2;3;0;
EBT;UF;4304903;4.0000;7;4;3;0;0;0;
EBT;UF;4305108;4340.5625;482;77;210;166;22;7;
EBT;UF;4305207;2.0000;2;0;2;0;0;0;
EBT;UF;4305439;1.0000;1;0;1;0;0;0;
EBT;UF;4305801;0.2500;1;1;0;0;0;0;
EBT;UF;4305975;2.0000;1;0;1;0;0;0;
EBT;UF;4306056;1.0000;1;0;1;0;0;0;
EBT;UF;4306106;1339.4375;53;22;22;5;1;3;
EBT;UF;4306205;2.5625;4;2;2;0;0;0;
EBT;UF;4306403;0.5000;2;2;0;0;0;0;
EBT;UF;4306601;6.0000;1;0;0;1;0;0;
EBT;UF;4306767;604.0000;41;2;14;17;5;3;
EBT;UF;4307005;10600.6016;54;3;24;20;6;1;
EBT;UF;4307559;118.5000;4;1;1;0;1;1;
EBT;UF;4307609;43.7500;17;5;7;5;0;0;
EBT;UF;4307708;97.3750;48;21;19;8;0;0;
EBT;UF;4307807;26.7500;12;6;4;2;0;0;
EBT;UF;4307906;955.6133;70;3;23;33;10;1;
EBT;UF;4308102;3.0000;3;0;3;0;0;0;
EBT;UF;4308508;4.7500;7;3;4;0;0;0;
EBT;UF;4308607;231.6875;55;10;28;15;2;0;
EBT;UF;4308904;17.5000;8;4;2;2;0;0;
EBT;UF;4309001;2.6875;6;4;2;0;0;0;
EBT;UF;4309050;8.6250;3;2;0;1;0;0;
EBT;UF;4309100;91.7500;29;12;12;4;1;0;
EBT;UF;4309209;453.2500;125;37;43;42;3;0;
EBT;UF;4309308;195.6875;33;14;9;6;4;0;
EBT;UF;4309407;5.0000;6;3;3;0;0;0;
EBT;UF;4309605;5.8750;11;7;4;0;0;0;
EBT;UF;4310108;18.7500;18;10;5;3;0;0;
EBT;UF;4310207;92.0625;15;3;4;7;1;0;
EBT;UF;4310330;2.1250;5;4;1;0;0;0;
EBT;UF;4310603;2.0000;1;0;1;0;0;0;
EBT;UF;4310801;15.1250;12;8;3;1;0;0;
EBT;UF;4311007;8.9375;8;4;3;1;0;0;
EBT;UF;4311205;2.7500;4;2;2;0;0;0;
EBT;UF;4311403;1113.0625;32;8;15;8;0;1;
EBT;UF;4311809;85.0625;15;8;4;1;2;0;
EBT;UF;4312401;61.5625;27;16;6;4;1;0;
EBT;UF;4312500;1.0000;1;0;1;0;0;0;
EBT;UF;4312658;10.0000;1;0;0;1;0;0;
EBT;UF;4312906;6.2500;4;1;2;1;0;0;
EBT;UF;4313060;2.5000;2;1;1;0;0;0;
EBT;UF;4313201;57.5625;12;5;1;5;1;0;
EBT;UF;4313300;22.5625;15;6;8;1;0;0;
EBT;UF;4313409;776.9609;148;24;58;58;8;0;
EBT;UF;4313508;48.8750;26;14;8;4;0;0;
EBT;UF;4313656;0.5000;1;1;0;0;0;0;
EBT;UF;4313706;7.5625;10;5;5;0;0;0;
EBT;UF;4313904;78.8125;31;17;10;3;1;0;
EBT;UF;4314050;14.4375;19;13;6;0;0;0;
EBT;UF;4314100;1123.3750;107;18;44;31;11;3;
EBT;UF;4314308;0.2500;1;1;0;0;0;0;
EBT;UF;4314407;2299.9375;92;20;40;21;6;5;
EBT;UF;4314506;4.0000;1;0;0;1;0;0;
EBT;UF;4314803;11.2500;7;4;2;1;0;0;
EBT;UF;4314902;47615.4102;1110;115;318;459;132;86;
EBT;UF;4315206;2.0000;2;0;2;0;0;0;
EBT;UF;4315305;1.0000;1;0;1;0;0;0;
EBT;UF;4315503;0.5000;1;1;0;0;0;0;
EBT;UF;4315602;1287.2500;104;31;32;29;6;6;
EBT;UF;4315701;3.3750;6;4;2;0;0;0;
EBT;UF;4315800;2.0000;2;0;2;0;0;0;
EBT;UF;4316402;169.2500;12;6;4;1;0;1;
EBT;UF;4316501;0.3125;2;2;0;0;0;0;
EBT;UF;4316808;2726.5625;53;11;11;22;3;6;
EBT;UF;4316907;1823.6250;133;56;45;26;2;4;
EBT;UF;4317103;128.5625;16;3;6;5;1;1;
EBT;UF;4317202;5.0000;4;0;4;0;0;0;
EBT;UF;4317301;2.0000;1;0;1;0;0;0;
EBT;UF;4317400;14.4375;11;6;4;1;0;0;
EBT;UF;4317509;438.0000;8;0;1;5;0;2;
EBT;UF;4317608;13.7500;10;6;3;1;0;0;
EBT;UF;4317905;1.5000;2;1;1;0;0;0;
EBT;UF;4318002;2.0000;1;0;1;0;0;0;
EBT;UF;4318101;1.5000;3;2;1;0;0;0;
EBT;UF;4318200;1.7500;3;2;1;0;0;0;
EBT;UF;4318309;4.5000;4;1;3;0;0;0;
EBT;UF;4318507;0.2500;1;1;0;0;0;0;
EBT;UF;4318705;1283.5625;102;29;30;35;5;3;
EBT;UF;4318804;102.4375;6;3;2;0;0;1;
EBT;UF;4319406;3.0000;5;3;2;0;0;0;
EBT;UF;4319505;23.5625;11;5;3;3;0;0;
EBT;UF;4319802;1.5000;3;2;1;0;0;0;
EBT;UF;4319901;108.0000;19;0;10;8;1;0;
EBT;UF;4320008;147.4375;45;18;14;12;1;0;
EBT;UF;4320107;128.3750;11;6;2;1;1;1;
EBT;UF;4320206;0.2500;1;1;0;0;0;0;
EBT;UF;4320404;4.5625;5;2;3;0;0;0;
EBT;UF;4320701;1.0000;1;0;1;0;0;0;
EBT;UF;4320800;2.0000;2;0;2;0;0;0;
EBT;UF;4320909;1.0000;1;0;1;0;0;0;
EBT;UF;4321204;223.5000;20;8;9;1;0;2;
EBT;UF;4321303;6.0000;3;0;3;0;0;0;
EBT;UF;4321451;826.9375;22;12;3;1;2;4;
EBT;UF;4321501;22.5000;25;19;4;2;0;0;
EBT;UF;4321600;32.4375;23;16;4;3;0;0;
EBT;UF;4321709;2.7500;4;2;2;0;0;0;
EBT;UF;4321808;1.0000;1;0;1;0;0;0;
EBT;UF;4322004;32.0000;1;0;0;0;1;0;
EBT;UF;4322400;10629.1250;35;6;12;11;3;3;
EBT;UF;4322509;284.5859;38;3;17;17;0;1;
EBT;UF;4322608;67.7500;22;6;10;6;0;0;
EBT;UF;4322806;1.0000;1;0;1;0;0;0;
EBT;UF;4323002;123.3750;26;11;8;3;4;0;
EBT;UF;4323408;1.7500;3;2;1;0;0;0;
EBT;UF;4323804;3.3750;11;10;1;0;0;0;
EBT;UF;5000203;86.0000;12;0;3;8;1;0;
EBT;UF;5001003;1.0000;1;0;1;0;0;0;
EBT;UF;5002407;1.0000;1;0;1;0;0;0;
EBT;UF;5002704;6978.5625;555;102;212;182;33;26;
EBT;UF;5002902;0.5000;1;1;0;0;0;0;
EBT;UF;5002951;2.0625;2;1;1;0;0;0;
EBT;UF;5003207;37.0000;14;0;10;4;0;0;
EBT;UF;5003306;2.0000;1;0;1;0;0;0;
EBT;UF;5003702;1154.3125;60;8;24;22;2;4;
EBT;UF;5003751;1.0000;1;0;1;0;0;0;
EBT;UF;5004502;28.2500;9;3;4;2;0;0;
EBT;UF;5005202;4.0000;2;0;2;0;0;0;
EBT;UF;5005400;226.5000;13;1;4;4;2;2;
EBT;UF;5005608;2.0000;1;0;1;0;0;0;
EBT;UF;5005707;4.0000;2;0;2;0;0;0;
EBT;UF;5006002;2.5000;3;1;2;0;0;0;
EBT;UF;5006309;6.0000;3;0;3;0;0;0;
EBT;UF;5006606;8.0000;5;0;5;0;0;0;
EBT;UF;5007109;47.0000;7;0;1;5;1;0;
EBT;UF;5007208;3.0000;2;0;2;0;0;0;
EBT;UF;5007695;1.0000;2;2;0;0;0;0;
EBT;UF;5007703;1.0000;1;0;1;0;0;0;
EBT;UF;5007901;268.5000;14;1;5;2;5;1;
EBT;UF;5008008;2.0000;1;0;1;0;0;0;
EBT;UF;5008305;542.0000;60;0;24;30;5;1;
EBT;UF;5100201;7.0000;4;0;4;0;0;0;
EBT;UF;5100250;13.5000;8;1;7;0;0;0;
EBT;UF;5100300;0.5000;1;1;0;0;0;0;
EBT;UF;5100409;0.5000;1;1;0;0;0;0;
EBT;UF;5100805;1.0000;1;0;1;0;0;0;
EBT;UF;5101803;8.0000;6;2;4;0;0;0;
EBT;UF;5102504;178.0000;60;12;37;10;1;0;
EBT;UF;5102678;1.0000;1;0;1;0;0;0;
EBT;UF;5103056;1.0000;1;0;1;0;0;0;
EBT;UF;5103403;29183.3125;1024;146;550;185;93;50;
EBT;UF;5103502;5.5000;4;1;3;0;0;0;
EBT;UF;5104104;0.5000;1;1;0;0;0;0;
EBT;UF;5105002;92.2500;10;1;3;3;3;0;
EBT;UF;5105150;2.0000;1;0;1;0;0;0;
EBT;UF;5105259;2158.6250;194;40;93;39;11;11;
EBT;UF;5105622;111.5000;21;3;14;2;2;0;
EBT;UF;5105903;0.5000;1;1;0;0;0;0;
EBT;UF;5106224;785.6875;117;17;66;24;7;3;
EBT;UF;5106752;369.3750;58;21;26;5;4;2;
EBT;UF;5107040;4.5625;4;2;2;0;0;0;
EBT;UF;5107065;0.5000;1;1;0;0;0;0;
EBT;UF;5107180;0.5000;1;1;0;0;0;0;
EBT;UF;5107198;0.5625;2;2;0;0;0;0;
EBT;UF;5107602;2124.5000;262;25;157;55;14;11;
EBT;UF;5107800;1.0000;1;0;1;0;0;0;
EBT;UF;5107859;1.2500;2;1;1;0;0;0;
EBT;UF;5107909;7738.6250;259;24;165;46;7;17;
EBT;UF;5107925;1275.2500;173;21;94;46;4;8;
EBT;UF;5107958;5.3750;8;6;2;0;0;0;
EBT;UF;5108402;946.1875;177;25;86;59;6;1;
EBT;UF;5108600;0.2500;1;1;0;0;0;0;
EBT;UF;5200050;2.0000;1;0;1;0;0;0;
EBT;UF;5200258;55.7656;23;5;14;3;1;0;
EBT;UF;5200308;9.5000;12;7;5;0;0;0;
EBT;UF;5200605;0.2500;1;1;0;0;0;0;
EBT;UF;5200803;1.2500;2;1;1;0;0;0;
EBT;UF;5201108;2566.1250;262;27;93;122;13;7;
EBT;UF;5201405;550.0625;223;43;145;35;0;0;
EBT;UF;5202502;1.0000;1;0;1;0;0;0;
EBT;UF;5202601;0.2500;1;1;0;0;0;0;
EBT;UF;5203203;1.0000;1;0;1;0;0;0;
EBT;UF;5204003;0.2500;1;1;0;0;0;0;
EBT;UF;5204508;31.0000;8;2;3;3;0;0;
EBT;UF;5204706;6.0000;6;3;3;0;0;0;
EBT;UF;5204805;0.2500;1;1;0;0;0;0;
EBT;UF;5205109;369.8750;46;5;23;10;6;2;
EBT;UF;5205406;2.0625;2;1;1;0;0;0;
EBT;UF;5205455;0.2500;1;1;0;0;0;0;
EBT;UF;5205497;6.5000;4;1;3;0;0;0;
EBT;UF;5205513;0.7500;2;2;0;0;0;0;
EBT;UF;5205802;0.2500;1;1;0;0;0;0;
EBT;UF;5205901;1.0000;1;0;1;0;0;0;
EBT;UF;5206206;203.3125;21;4;6;7;3;1;
EBT;UF;5206800;0.2500;1;1;0;0;0;0;
EBT;UF;5207808;0.2500;1;1;0;0;0;0;
EBT;UF;5208004;7.0000;4;0;4;0;0;0;
EBT;UF;5208103;0.2500;1;1;0;0;0;0;
EBT;UF;5208608;0.0625;1;1;0;0;0;0;
EBT;UF;5208707;9919.9375;892;118;535;170;39;30;
EBT;UF;5208806;6.0000;2;0;1;1;0;0;
EBT;UF;5209101;1.2500;3;3;0;0;0;0;
EBT;UF;5209705;2.0000;1;0;1;0;0;0;
EBT;UF;5209804;0.2500;1;1;0;0;0;0;
EBT;UF;5209937;2.0000;1;0;1;0;0;0;
EBT;UF;5210000;8.0000;4;0;4;0;0;0;
EBT;UF;5210802;0.2500;1;1;0;0;0;0;
EBT;UF;5210901;1.0000;1;0;1;0;0;0;
EBT;UF;5211206;0.5000;1;1;0;0;0;0;
EBT;UF;5211503;134.7500;37;2;27;6;2;0;
EBT;UF;5211909;131.5000;17;1;14;1;0;1;
EBT;UF;5212105;0.2500;1;1;0;0;0;0;
EBT;UF;5212303;0.2500;1;1;0;0;0;0;
EBT;UF;5212501;101.8984;53;17;28;8;0;0;
EBT;UF;5213004;0.2500;1;1;0;0;0;0;
EBT;UF;5213103;1.0000;2;2;0;0;0;0;
EBT;UF;5213509;0.2500;1;1;0;0;0;0;
EBT;UF;5213756;0.2500;1;1;0;0;0;0;
EBT;UF;5213806;13.6250;15;8;7;0;0;0;
EBT;UF;5213905;0.2500;1;1;0;0;0;0;
EBT;UF;5214002;0.2500;1;1;0;0;0;0;
EBT;UF;5214408;1.0000;1;0;1;0;0;0;
EBT;UF;5214838;1.0000;1;0;1;0;0;0;
EBT;UF;5215231;11.5625;12;6;6;0;0;0;
EBT;UF;5215306;1.2500;2;1;1;0;0;0;
EBT;UF;5215504;0.2500;1;1;0;0;0;0;
EBT;UF;5216304;0.2500;1;1;0;0;0;0;
EBT;UF;5216809;1.0000;1;0;1;0;0;0;
EBT;UF;5217203;0.2500;1;1;0;0;0;0;
EBT;UF;5217401;1.0000;1;0;1;0;0;0;
EBT;UF;5217609;5.5000;4;1;3;0;0;0;
EBT;UF;5218003;72.5000;6;1;1;1;3;0;
EBT;UF;5218789;0.2500;1;1;0;0;0;0;
EBT;UF;5218805;509.9375;93;11;49;27;5;1;
EBT;UF;5219100;0.2500;1;1;0;0;0;0;
EBT;UF;5219605;2.0000;1;0;1;0;0;0;
EBT;UF;5219753;9.5000;6;1;5;0;0;0;
EBT;UF;5219902;0.2500;1;1;0;0;0;0;
EBT;UF;5220108;0.5000;1;1;0;0;0;0;
EBT;UF;5220454;40.0000;18;2;15;1;0;0;
EBT;UF;5221403;124.3125;20;6;7;5;1;1;
EBT;UF;5221601;13.0625;12;8;2;2;0;0;
EBT;UF;5221700;0.2500;1;1;0;0;0;0;
EBT;UF;5221809;0.2500;1;1;0;0;0;0;
EBT;UF;5221858;61.8750;36;13;18;5;0;0;
EBT;UF;5300108;294423.873;3834;515;1576;1109;291;343;
TLB;UF;3106200;0.2500;1;1;0;0;0;0;
09;1208;
