01;CLA;IPL4;201605;
EBT;UF;1100023;214.1250;50;4;39;4;2;1;
EBT;UF;1100031;0.5000;1;1;0;0;0;0;
EBT;UF;1100049;240.9375;82;17;51;12;2;0;
EBT;UF;1100056;0.2500;1;1;0;0;0;0;
EBT;UF;1100064;1.0000;1;0;1;0;0;0;
EBT;UF;1100080;0.3750;2;2;0;0;0;0;
EBT;UF;1100098;0.5000;1;1;0;0;0;0;
EBT;UF;1100106;39.0000;9;0;6;2;1;0;
EBT;UF;1100114;108.0000;15;0;11;2;2;0;
EBT;UF;1100122;1146.1875;182;15;136;17;10;4;
EBT;UF;1100155;80.0000;7;0;4;0;3;0;
EBT;UF;1100189;172.3125;38;9;22;4;2;1;
EBT;UF;1100205;19563.9961;880;98;526;165;41;50;
EBT;UF;1100288;5.0000;3;0;3;0;0;0;
EBT;UF;1100296;1.0000;1;0;1;0;0;0;
EBT;UF;1100304;730.3750;143;17;99;18;7;2;
EBT;UF;1100346;1.0000;1;0;1;0;0;0;
EBT;UF;1100379;0.0625;1;1;0;0;0;0;
EBT;UF;1100452;1.0000;1;0;1;0;0;0;
EBT;UF;1100601;0.5000;1;1;0;0;0;0;
EBT;UF;1100924;2.0000;1;0;1;0;0;0;
EBT;UF;1101005;3.0000;2;0;2;0;0;0;
EBT;UF;1101468;0.5000;1;1;0;0;0;0;
EBT;UF;1101492;0.5000;1;1;0;0;0;0;
EBT;UF;1101500;0.6250;2;2;0;0;0;0;
EBT;UF;1200054;4.5000;4;1;3;0;0;0;
EBT;UF;1200138;19.0000;7;0;5;2;0;0;
EBT;UF;1200203;17.0000;9;0;9;0;0;0;
EBT;UF;1200252;0.6875;3;3;0;0;0;0;
EBT;UF;1200401;22892.7266;500;59;286;105;21;29;
EBT;UF;1200450;5.0000;3;0;3;0;0;0;
EBT;UF;1301100;6.0000;4;0;4;0;0;0;
EBT;UF;1301704;538.3125;17;4;7;1;1;4;
EBT;UF;1301852;2.0000;1;0;1;0;0;0;
EBT;UF;1302603;56056.2500;1240;156;682;263;85;54;
EBT;UF;1303403;2.5000;3;2;1;0;0;0;
EBT;UF;1400100;1085.0625;183;9;98;65;10;1;
EBT;UF;1500107;1.0000;1;0;1;0;0;0;
EBT;UF;1500602;2.0000;1;0;1;0;0;0;
EBT;UF;1500800;50562.6816;201;12;97;67;8;17;
EBT;UF;1501303;24.0000;4;0;2;2;0;0;
EBT;UF;1501402;116449.047;1157;59;487;381;115;115;
EBT;UF;1501501;94.1250;41;6;30;5;0;0;
EBT;UF;1501709;2.2500;2;1;1;0;0;0;
EBT;UF;1501956;0.5000;1;1;0;0;0;0;
EBT;UF;1502202;241.0000;10;0;1;4;4;1;
EBT;UF;1502400;158.5156;37;3;24;8;2;0;
EBT;UF;1502939;1.0000;1;0;1;0;0;0;
EBT;UF;1503309;1.0000;1;0;1;0;0;0;
EBT;UF;1503606;6.0000;3;0;3;0;0;0;
EBT;UF;1503903;3.0000;2;0;2;0;0;0;
EBT;UF;1504208;607.6953;154;39;80;24;10;1;
EBT;UF;1504422;330.2773;87;17;44;23;2;1;
EBT;UF;1505304;1.0000;1;0;1;0;0;0;
EBT;UF;1505502;392.0000;22;0;15;2;2;3;
EBT;UF;1505536;2.0000;1;0;1;0;0;0;
EBT;UF;1506138;1.0000;1;0;1;0;0;0;
EBT;UF;1506203;2.2500;4;3;1;0;0;0;
EBT;UF;1506500;2.2148;3;2;1;0;0;0;
EBT;UF;1506807;237.8438;69;14;46;6;1;2;
EBT;UF;1507003;2.0000;1;0;1;0;0;0;
EBT;UF;1507607;5.0000;3;0;3;0;0;0;
EBT;UF;1507904;1.0000;1;0;1;0;0;0;
EBT;UF;1508209;0.2500;1;1;0;0;0;0;
EBT;UF;1600303;677.3984;149;16;94;28;8;3;
EBT;UF;1600600;24.6250;16;5;10;1;0;0;
EBT;UF;1700301;1024.0000;1;0;0;0;0;1;
EBT;UF;1700350;4.0000;3;0;3;0;0;0;
EBT;UF;1700400;0.5000;1;1;0;0;0;0;
EBT;UF;1700707;206.7500;9;2;4;1;1;1;
EBT;UF;1702000;0.2500;1;1;0;0;0;0;
EBT;UF;1702109;2251.3750;92;12;35;26;8;11;
EBT;UF;1702208;1.0000;1;0;1;0;0;0;
EBT;UF;1705508;387.5000;11;1;6;0;1;3;
EBT;UF;1706506;14.0000;1;0;0;0;1;0;
EBT;UF;1707009;5.0000;3;0;3;0;0;0;
EBT;UF;1709302;175.6875;11;4;4;2;0;1;
EBT;UF;1709500;2373.3125;27;3;12;7;1;4;
EBT;UF;1713205;11.5625;10;3;7;0;0;0;
EBT;UF;1713304;6.2500;8;4;4;0;0;0;
EBT;UF;1714203;1.0000;1;0;1;0;0;0;
EBT;UF;1714880;160.8125;7;3;3;0;0;1;
EBT;UF;1716109;1079.7500;20;2;8;3;4;3;
EBT;UF;1716505;1.0000;1;0;1;0;0;0;
EBT;UF;1716604;8.0000;4;0;4;0;0;0;
EBT;UF;1718204;668.2500;37;3;18;8;4;4;
EBT;UF;1718402;4.0000;1;0;0;1;0;0;
EBT;UF;1721000;8504.6875;304;49;132;66;22;35;
EBT;UF;1721208;1.0000;1;0;1;0;0;0;
EBT;UF;1722081;4.0000;1;0;0;1;0;0;
EBT;UF;2100204;32.0000;1;0;0;0;1;0;
EBT;UF;2101202;98.0000;7;0;4;0;3;0;
EBT;UF;2101251;155.0000;1;0;0;0;0;1;
EBT;UF;2101400;205.0000;19;0;4;12;2;1;
EBT;UF;2101608;0.1250;1;1;0;0;0;0;
EBT;UF;2102804;1.0000;1;0;1;0;0;0;
EBT;UF;2103000;1134.0000;31;0;8;10;7;6;
EBT;UF;2103307;157.0000;2;0;1;0;0;1;
EBT;UF;2103604;1.0000;1;0;1;0;0;0;
EBT;UF;2104057;6.0000;3;0;3;0;0;0;
EBT;UF;2105302;568.2500;71;4;34;27;5;1;
EBT;UF;2105427;20.0000;3;0;1;2;0;0;
EBT;UF;2107704;1.0000;1;0;1;0;0;0;
EBT;UF;2108603;4.0000;1;0;0;1;0;0;
EBT;UF;2109106;2.2500;4;3;1;0;0;0;
EBT;UF;2109601;2.0000;1;0;1;0;0;0;
EBT;UF;2109908;397.0000;14;2;7;0;1;4;
EBT;UF;2110203;0.2500;1;1;0;0;0;0;
EBT;UF;2110302;52.0000;6;0;1;5;0;0;
EBT;UF;2111201;48.1445;21;8;8;5;0;0;
EBT;UF;2111300;30604.5586;427;41;124;177;50;35;
EBT;UF;2112209;164.0000;7;0;1;2;3;1;
EBT;UF;2112902;0.8750;3;3;0;0;0;0;
EBT;UF;2114007;6.0000;3;0;3;0;0;0;
EBT;UF;2200400;33.0000;2;0;1;0;1;0;
EBT;UF;2201507;42.0000;2;0;0;1;1;0;
EBT;UF;2202000;32.0000;1;0;0;0;1;0;
EBT;UF;2202208;180.0000;5;0;0;2;2;1;
EBT;UF;2202406;64.0000;2;0;0;0;2;0;
EBT;UF;2202703;64.0000;2;0;0;0;2;0;
EBT;UF;2203701;107.0000;5;0;1;1;3;0;
EBT;UF;2203909;54.0625;6;1;1;3;1;0;
EBT;UF;2207702;148.0000;10;0;3;3;4;0;
EBT;UF;2208403;625.0000;15;0;2;2;8;3;
EBT;UF;2211001;19341.8516;371;11;86;141;117;16;
EBT;UF;2301000;133.7500;13;2;8;2;0;1;
EBT;UF;2301109;50.0000;5;0;0;4;1;0;
EBT;UF;2301901;43.6250;11;3;3;5;0;0;
EBT;UF;2302503;20.0000;2;0;0;2;0;0;
EBT;UF;2303709;49.0391;25;8;12;5;0;0;
EBT;UF;2303956;0.2500;1;1;0;0;0;0;
EBT;UF;2304103;8.2500;2;1;0;1;0;0;
EBT;UF;2304202;95.0000;7;0;2;3;2;0;
EBT;UF;2304285;262.5000;31;1;15;10;4;1;
EBT;UF;2304400;13492.4219;546;36;185;224;57;44;
EBT;UF;2305233;27.9922;12;1;8;3;0;0;
EBT;UF;2305407;104.0000;4;0;0;0;3;1;
EBT;UF;2305506;42.0000;3;0;0;2;1;0;
EBT;UF;2306256;0.5000;1;1;0;0;0;0;
EBT;UF;2306405;38.0000;5;0;0;5;0;0;
EBT;UF;2307007;1.0000;1;0;1;0;0;0;
EBT;UF;2307304;352.5000;33;1;15;14;1;2;
EBT;UF;2307601;110.0000;4;0;0;2;1;1;
EBT;UF;2307650;265.2148;46;2;21;20;3;0;
EBT;UF;2307700;30.0000;3;0;0;3;0;0;
EBT;UF;2308302;18.0000;2;0;1;0;1;0;
EBT;UF;2309607;106.0000;3;0;0;0;2;1;
EBT;UF;2310704;1.0000;1;0;1;0;0;0;
EBT;UF;2311306;53.0000;5;0;1;3;1;0;
EBT;UF;2311801;72.9375;20;8;8;3;1;0;
EBT;UF;2312403;4.0000;2;0;2;0;0;0;
EBT;UF;2312908;434.3125;46;6;16;17;5;2;
EBT;UF;2313302;3.1875;4;2;2;0;0;0;
EBT;UF;2313401;722.0000;13;0;2;4;3;4;
EBT;UF;2400109;90.0000;4;0;0;3;0;1;
EBT;UF;2400802;0.5000;1;1;0;0;0;0;
EBT;UF;2403251;190.8750;49;6;26;17;0;0;
EBT;UF;2404507;1.0000;1;0;1;0;0;0;
EBT;UF;2406700;10.0000;1;0;0;1;0;0;
EBT;UF;2407104;33.0000;13;0;11;2;0;0;
EBT;UF;2407203;10.0000;1;0;0;1;0;0;
EBT;UF;2408003;714.3125;59;7;31;14;4;3;
EBT;UF;2408102;6294.2930;170;20;40;66;18;26;
EBT;UF;2412005;434.5000;22;1;10;7;1;3;
EBT;UF;2501807;91.5000;15;1;9;4;1;0;
EBT;UF;2503209;554.2500;37;1;21;11;1;3;
EBT;UF;2504009;2072.7500;65;6;14;29;6;10;
EBT;UF;2506301;42.0000;2;0;0;1;1;0;
EBT;UF;2506905;48.0000;2;0;0;0;2;0;
EBT;UF;2507507;6206.4922;269;20;111;81;31;26;
EBT;UF;2510808;207.0000;4;0;0;2;1;1;
EBT;UF;2516201;6.0000;3;0;3;0;0;0;
EBT;UF;2600054;262.3398;43;8;28;5;1;1;
EBT;UF;2601102;18.0000;1;0;0;0;1;0;
EBT;UF;2601201;90.0000;7;0;1;2;4;0;
EBT;UF;2601706;178.5000;6;1;0;1;3;1;
EBT;UF;2601904;22.0000;1;0;0;0;1;0;
EBT;UF;2602902;1386.6719;123;7;80;26;4;6;
EBT;UF;2603454;20.5000;12;1;10;1;0;0;
EBT;UF;2604007;51.0000;5;0;1;3;1;0;
EBT;UF;2604106;1685.4727;74;7;37;23;4;3;
EBT;UF;2605103;24.7891;3;0;2;0;1;0;
EBT;UF;2606002;20.5000;3;1;0;2;0;0;
EBT;UF;2606200;4.0000;2;0;2;0;0;0;
EBT;UF;2606408;146.2500;11;3;6;1;0;1;
EBT;UF;2606804;47.5000;18;1;11;6;0;0;
EBT;UF;2607208;616.2500;44;6;19;16;0;3;
EBT;UF;2607752;2.0000;1;0;1;0;0;0;
EBT;UF;2607901;1254.7461;200;18;106;64;10;2;
EBT;UF;2608909;9.5000;12;6;6;0;0;0;
EBT;UF;2609600;582.4648;68;10;31;18;7;2;
EBT;UF;2610707;488.8047;81;13;56;9;1;2;
EBT;UF;2610905;168.0000;3;0;0;0;2;1;
EBT;UF;2611101;130.5000;19;1;10;5;3;0;
EBT;UF;2611606;20225.0391;831;65;326;276;89;75;
EBT;UF;2612000;50.0000;1;0;0;0;0;1;
EBT;UF;2612208;22.0000;3;0;0;3;0;0;
EBT;UF;2613701;46.5000;10;1;5;3;1;0;
EBT;UF;2613909;165.6250;33;18;6;3;6;0;
EBT;UF;2700300;349.5625;49;2;27;18;1;1;
EBT;UF;2704302;25722.2539;360;40;125;146;24;25;
EBT;UF;2704708;2.0000;1;0;1;0;0;0;
EBT;UF;2706307;3.0000;2;0;2;0;0;0;
EBT;UF;2706703;12.0000;2;0;1;1;0;0;
EBT;UF;2707701;180.0000;17;2;14;0;0;1;
EBT;UF;2708600;2.0000;1;0;1;0;0;0;
EBT;UF;2709301;2.0000;1;0;1;0;0;0;
EBT;UF;2800308;7008.8047;299;37;102;118;19;23;
EBT;UF;2800670;2.8750;5;3;2;0;0;0;
EBT;UF;2803203;1.0000;1;0;1;0;0;0;
EBT;UF;2804805;456.2500;62;7;33;19;1;2;
EBT;UF;2805703;22.0000;3;0;1;2;0;0;
EBT;UF;2806701;220.5625;14;3;5;3;1;2;
EBT;UF;2900702;147.0000;18;0;6;10;2;0;
EBT;UF;2901007;1.5000;2;1;1;0;0;0;
EBT;UF;2901106;1.0000;1;0;1;0;0;0;
EBT;UF;2903201;20.0000;6;0;4;2;0;0;
EBT;UF;2904605;70.2500;7;1;3;1;1;1;
EBT;UF;2904704;2.0000;1;0;1;0;0;0;
EBT;UF;2905602;130.0000;5;0;2;1;1;1;
EBT;UF;2905701;558.1250;92;6;51;31;2;2;
EBT;UF;2906501;744.0000;18;0;6;6;2;4;
EBT;UF;2906709;2.0000;1;0;1;0;0;0;
EBT;UF;2908200;4.0000;2;0;2;0;0;0;
EBT;UF;2908408;2.0000;3;2;1;0;0;0;
EBT;UF;2908507;3.0000;2;0;2;0;0;0;
EBT;UF;2909802;50.0000;5;0;1;3;1;0;
EBT;UF;2910727;372.9375;27;4;13;7;1;2;
EBT;UF;2910800;3385.1992;185;23;74;65;8;15;
EBT;UF;2912103;4.0000;1;0;0;1;0;0;
EBT;UF;2913606;1144.5000;96;1;30;53;8;4;
EBT;UF;2913705;1.0000;1;0;1;0;0;0;
EBT;UF;2914653;8.0000;2;0;1;1;0;0;
EBT;UF;2914802;1883.1250;87;9;34;32;3;9;
EBT;UF;2914901;72.0000;2;0;0;1;0;1;
EBT;UF;2915304;2.0000;1;0;1;0;0;0;
EBT;UF;2915601;62.0000;9;0;7;0;2;0;
EBT;UF;2915809;12.0000;2;0;1;1;0;0;
EBT;UF;2916104;1.0000;1;0;1;0;0;0;
EBT;UF;2916302;2.0000;1;0;1;0;0;0;
EBT;UF;2916401;156.1875;9;2;3;1;2;1;
EBT;UF;2917102;2.0000;1;0;1;0;0;0;
EBT;UF;2917607;100.0000;1;0;0;0;0;1;
EBT;UF;2918001;417.0000;29;3;15;6;2;3;
EBT;UF;2918407;7.5156;4;0;4;0;0;0;
EBT;UF;2919207;1616.4297;73;1;36;28;3;5;
EBT;UF;2919553;2.0000;1;0;1;0;0;0;
EBT;UF;2920601;18.0000;2;0;0;2;0;0;
EBT;UF;2921005;20.2500;3;1;0;2;0;0;
EBT;UF;2921302;12.0000;3;0;1;2;0;0;
EBT;UF;2922003;14.0000;2;0;0;2;0;0;
EBT;UF;2924009;84.1250;12;1;5;4;2;0;
EBT;UF;2925006;4.0000;2;0;2;0;0;0;
EBT;UF;2925105;111.0000;3;0;1;1;0;1;
EBT;UF;2925303;328.0000;26;0;15;6;3;2;
EBT;UF;2927002;0.5000;1;1;0;0;0;0;
EBT;UF;2927408;57952.2891;1118;112;412;426;83;85;
EBT;UF;2928703;188.0000;7;0;2;2;2;1;
EBT;UF;2929206;4.0625;2;1;0;1;0;0;
EBT;UF;2929305;50.0000;1;0;0;0;0;1;
EBT;UF;2929354;4.0000;1;0;0;1;0;0;
EBT;UF;2930105;17.0000;5;0;4;1;0;0;
EBT;UF;2930709;245.0000;60;4;35;21;0;0;
EBT;UF;2931350;3464.3125;47;4;20;6;7;10;
EBT;UF;2932507;32.0000;1;0;0;0;1;0;
EBT;UF;2932903;6.2500;10;6;4;0;0;0;
EBT;UF;2933307;1302.0625;111;7;51;41;7;5;
EBT;UF;3100302;2.0000;1;0;1;0;0;0;
EBT;UF;3101508;259.5000;12;3;1;0;8;0;
EBT;UF;3101607;73.6250;34;8;23;3;0;0;
EBT;UF;3101904;19.0000;3;0;2;0;1;0;
EBT;UF;3103504;48.8945;24;1;20;3;0;0;
EBT;UF;3104007;87.7148;32;6;24;1;1;0;
EBT;UF;3104205;13.2500;8;1;7;0;0;0;
EBT;UF;3104601;32.0000;1;0;0;0;1;0;
EBT;UF;3104908;4.0000;2;0;2;0;0;0;
EBT;UF;3105608;232.3945;32;2;20;4;6;0;
EBT;UF;3106200;135539.318;3193;338;1791;657;232;175;
EBT;UF;3106309;74.0625;5;1;1;1;2;0;
EBT;UF;3106705;5045.1523;302;54;176;39;26;7;
EBT;UF;3107109;4.0000;2;0;2;0;0;0;
EBT;UF;3107406;10.0000;5;0;5;0;0;0;
EBT;UF;3107703;0.2500;1;1;0;0;0;0;
EBT;UF;3108404;2.0000;1;0;1;0;0;0;
EBT;UF;3108909;2.2500;2;1;1;0;0;0;
EBT;UF;3109303;2.0000;1;0;1;0;0;0;
EBT;UF;3109501;2.0000;1;0;1;0;0;0;
EBT;UF;3109709;2.0000;1;0;1;0;0;0;
EBT;UF;3110004;2.0000;1;0;1;0;0;0;
EBT;UF;3110301;2.0000;1;0;1;0;0;0;
EBT;UF;3110509;7.0000;4;0;4;0;0;0;
EBT;UF;3110608;5.0000;3;0;3;0;0;0;
EBT;UF;3110707;4.0000;2;0;2;0;0;0;
EBT;UF;3111606;2.0000;1;0;1;0;0;0;
EBT;UF;3112307;2.0000;1;0;1;0;0;0;
EBT;UF;3113206;64.0000;2;0;0;0;2;0;
EBT;UF;3113404;14.0000;3;0;2;1;0;0;
EBT;UF;3114303;2.0000;1;0;1;0;0;0;
EBT;UF;3114501;2.0000;1;0;1;0;0;0;
EBT;UF;3115300;561.0000;11;0;3;3;2;3;
EBT;UF;3115508;13.6250;10;3;7;0;0;0;
EBT;UF;3117876;24.0000;3;0;0;3;0;0;
EBT;UF;3118007;18.3125;13;4;9;0;0;0;
EBT;UF;3118304;97.3437;36;10;19;6;1;0;
EBT;UF;3118403;32.0000;1;0;0;0;1;0;
EBT;UF;3118601;3967.1015;524;64;294;112;41;13;
EBT;UF;3119401;59.0000;18;2;14;1;1;0;
EBT;UF;3120904;62.0000;28;0;26;2;0;0;
EBT;UF;3122306;1494.7617;102;9;66;13;5;9;
EBT;UF;3122454;0.2500;1;1;0;0;0;0;
EBT;UF;3123601;4.0000;2;0;2;0;0;0;
EBT;UF;3123908;36.0000;2;0;1;0;1;0;
EBT;UF;3124203;32.0000;1;0;0;0;1;0;
EBT;UF;3125101;21.0000;12;0;12;0;0;0;
EBT;UF;3126109;4.0000;2;0;2;0;0;0;
EBT;UF;3127008;2.0000;1;0;1;0;0;0;
EBT;UF;3127107;17.0000;9;0;9;0;0;0;
EBT;UF;3127701;1945.5430;111;10;67;13;13;8;
EBT;UF;3128709;8.0000;1;0;0;1;0;0;
EBT;UF;3129509;2.0000;1;0;1;0;0;0;
EBT;UF;3129806;213.4297;21;3;13;1;3;1;
EBT;UF;3130101;24.0000;5;0;3;2;0;0;
EBT;UF;3130309;5.0000;3;0;3;0;0;0;
EBT;UF;3131307;1934.4219;91;14;52;8;13;4;
EBT;UF;3131703;252.9531;44;13;27;2;1;1;
EBT;UF;3131901;57.8750;16;4;10;1;1;0;
EBT;UF;3132206;8.0000;4;0;4;0;0;0;
EBT;UF;3132404;440.6719;77;17;40;12;8;0;
EBT;UF;3133006;9.0000;5;0;5;0;0;0;
EBT;UF;3133808;135.7500;28;4;16;7;1;0;
EBT;UF;3134103;0.2500;1;1;0;0;0;0;
EBT;UF;3134202;34.8594;21;2;19;0;0;0;
EBT;UF;3135209;2.0000;1;0;1;0;0;0;
EBT;UF;3135407;28.1250;7;1;4;2;0;0;
EBT;UF;3135506;2.0000;1;0;1;0;0;0;
EBT;UF;3136207;41.0000;33;13;19;1;0;0;
EBT;UF;3136306;64.0000;9;0;6;2;1;0;
EBT;UF;3136603;0.2500;1;1;0;0;0;0;
EBT;UF;3136702;4822.3867;231;17;124;48;24;18;
EBT;UF;3137205;99.0000;11;0;5;4;2;0;
EBT;UF;3137601;79.1797;31;10;16;4;1;0;
EBT;UF;3138203;450.2500;69;15;37;12;3;2;
EBT;UF;3138401;191.0000;4;0;2;0;1;1;
EBT;UF;3138609;202.0000;7;0;3;0;3;1;
EBT;UF;3138807;36.0000;2;0;1;0;1;0;
EBT;UF;3139003;32.0000;1;0;0;0;1;0;
EBT;UF;3139607;34.0000;2;0;1;0;1;0;
EBT;UF;3140001;64.0000;2;0;0;0;2;0;
EBT;UF;3140803;73.0000;10;0;5;4;1;0;
EBT;UF;3140902;0.2500;1;1;0;0;0;0;
EBT;UF;3141405;40.0000;5;0;4;0;1;0;
EBT;UF;3143302;3549.5742;151;17;72;19;33;10;
EBT;UF;3143906;356.0000;6;0;2;1;1;2;
EBT;UF;3144805;1175.5703;111;7;63;22;15;4;
EBT;UF;3145208;2.0000;1;0;1;0;0;0;
EBT;UF;3145604;12.2500;7;1;5;1;0;0;
EBT;UF;3145901;4.0000;2;0;2;0;0;0;
EBT;UF;3146107;10.5625;7;2;5;0;0;0;
EBT;UF;3146305;6.0000;3;0;3;0;0;0;
EBT;UF;3147006;224.1445;33;2;24;4;2;1;
EBT;UF;3147105;215.5625;17;2;12;1;1;1;
EBT;UF;3147402;266.0000;4;0;0;0;2;2;
EBT;UF;3147600;2.0000;1;0;1;0;0;0;
EBT;UF;3147907;229.6094;49;9;31;6;2;1;
EBT;UF;3148004;143.3750;26;3;19;1;3;0;
EBT;UF;3148103;41.5000;7;1;5;0;1;0;
EBT;UF;3149101;2.0000;1;0;1;0;0;0;
EBT;UF;3149309;100.3398;32;9;18;3;2;0;
EBT;UF;3149903;221.0000;9;0;6;1;0;2;
EBT;UF;3151206;475.5000;20;1;2;3;14;0;
EBT;UF;3151404;4.0000;2;0;2;0;0;0;
EBT;UF;3151800;341.2305;108;16;72;16;4;0;
EBT;UF;3152105;20.0000;2;0;0;2;0;0;
EBT;UF;3152501;847.7930;143;27;77;28;8;3;
EBT;UF;3154200;32.0000;1;0;0;0;1;0;
EBT;UF;3154606;237.1172;72;17;41;11;3;0;
EBT;UF;3155504;2.0000;1;0;1;0;0;0;
EBT;UF;3156007;0.2500;1;1;0;0;0;0;
EBT;UF;3156502;0.2500;1;1;0;0;0;0;
EBT;UF;3156700;25.8125;16;3;13;0;0;0;
EBT;UF;3157807;215.5234;67;14;38;13;2;0;
EBT;UF;3159605;1.0000;1;0;1;0;0;0;
EBT;UF;3160405;2.0000;1;0;1;0;0;0;
EBT;UF;3160702;127.5000;8;1;4;2;0;1;
EBT;UF;3162104;20.0000;6;0;5;1;0;0;
EBT;UF;3162401;2.0000;1;0;1;0;0;0;
EBT;UF;3162500;369.1875;46;14;22;2;7;1;
EBT;UF;3162559;2.0000;1;0;1;0;0;0;
EBT;UF;3162708;2.0000;1;0;1;0;0;0;
EBT;UF;3162955;2.4648;4;3;1;0;0;0;
EBT;UF;3163706;45.5000;24;6;17;0;1;0;
EBT;UF;3164704;76.3906;50;15;34;1;0;0;
EBT;UF;3165701;64.0000;2;0;0;0;2;0;
EBT;UF;3166907;8.0000;1;0;0;1;0;0;
EBT;UF;3167202;580.8789;105;13;69;15;6;2;
EBT;UF;3168606;435.0625;46;6;21;11;7;1;
EBT;UF;3168705;599.3125;38;4;11;5;18;0;
EBT;UF;3169307;177.8125;46;18;21;3;4;0;
EBT;UF;3169356;4.0000;2;0;2;0;0;0;
EBT;UF;3169406;2.7500;3;2;1;0;0;0;
EBT;UF;3169901;179.0000;9;0;2;5;1;1;
EBT;UF;3170107;2626.4023;163;30;110;16;3;4;
EBT;UF;3170206;6573.0625;545;95;283;101;35;31;
EBT;UF;3170404;184.7500;44;2;36;4;1;1;
EBT;UF;3170701;2846.5820;119;10;65;19;10;15;
EBT;UF;3170800;193.0000;7;0;1;0;6;0;
EBT;UF;3171006;2.0000;1;0;1;0;0;0;
EBT;UF;3171204;152.0000;52;6;36;8;2;0;
EBT;UF;3171303;62.2500;14;1;11;1;1;0;
EBT;UF;3171501;1.0000;1;0;1;0;0;0;
EBT;UF;3172004;128.0000;4;0;0;0;4;0;
EBT;UF;3200102;6.0000;2;0;1;1;0;0;
EBT;UF;3200136;2.0000;1;0;1;0;0;0;
EBT;UF;3200169;4.0000;2;0;2;0;0;0;
EBT;UF;3200201;22.0000;2;0;1;0;1;0;
EBT;UF;3200300;5.0000;3;0;3;0;0;0;
EBT;UF;3200409;344.0000;5;0;0;1;1;3;
EBT;UF;3200508;1.0000;1;0;1;0;0;0;
EBT;UF;3200607;190.5000;17;3;7;4;2;1;
EBT;UF;3200706;3.0000;2;0;2;0;0;0;
EBT;UF;3200805;46.0000;4;0;0;2;2;0;
EBT;UF;3200904;18.0000;4;0;2;2;0;0;
EBT;UF;3201159;4.0000;2;0;2;0;0;0;
EBT;UF;3201209;2487.0625;56;4;36;8;4;4;
EBT;UF;3201308;544.0000;73;10;44;14;2;3;
EBT;UF;3201506;565.9375;43;4;30;5;2;2;
EBT;UF;3201902;6.5625;8;5;3;0;0;0;
EBT;UF;3202009;1.0000;1;0;1;0;0;0;
EBT;UF;3202207;4.7500;4;2;2;0;0;0;
EBT;UF;3202306;7.9375;9;5;4;0;0;0;
EBT;UF;3202405;727.0625;23;5;10;2;1;5;
EBT;UF;3202454;5.0000;3;0;3;0;0;0;
EBT;UF;3202504;75.1250;8;2;4;0;2;0;
EBT;UF;3202553;4.0000;2;0;2;0;0;0;
EBT;UF;3202603;2.0000;1;0;1;0;0;0;
EBT;UF;3202652;2.0000;1;0;1;0;0;0;
EBT;UF;3202702;5.1250;5;1;4;0;0;0;
EBT;UF;3202801;108.6875;10;6;2;1;0;1;
EBT;UF;3202900;38.0000;3;0;2;0;1;0;
EBT;UF;3203007;2.0000;1;0;1;0;0;0;
EBT;UF;3203106;6.0000;3;0;3;0;0;0;
EBT;UF;3203130;2.0000;1;0;1;0;0;0;
EBT;UF;3203163;3.1875;4;2;2;0;0;0;
EBT;UF;3203205;273.8750;36;7;19;5;4;1;
EBT;UF;3203304;8.0000;3;0;2;1;0;0;
EBT;UF;3203320;5.1875;9;5;4;0;0;0;
EBT;UF;3203346;20.0000;2;0;0;2;0;0;
EBT;UF;3203353;3.2500;3;1;2;0;0;0;
EBT;UF;3203502;10.0000;1;0;0;1;0;0;
EBT;UF;3203601;5.2500;4;1;3;0;0;0;
EBT;UF;3203809;1.0000;1;0;1;0;0;0;
EBT;UF;3203908;4.0000;2;0;2;0;0;0;
EBT;UF;3204054;34.0000;8;0;5;3;0;0;
EBT;UF;3204104;64.0000;3;0;2;0;0;1;
EBT;UF;3204203;129.6250;5;3;1;0;0;1;
EBT;UF;3204252;1.2500;2;1;1;0;0;0;
EBT;UF;3204302;10.0000;5;0;5;0;0;0;
EBT;UF;3204401;30.0000;2;0;0;1;1;0;
EBT;UF;3204500;1.2500;2;1;1;0;0;0;
EBT;UF;3204559;4.5000;3;1;2;0;0;0;
EBT;UF;3204609;49.0000;6;0;4;1;1;0;
EBT;UF;3204658;3.0000;3;0;3;0;0;0;
EBT;UF;3204708;4.0000;2;0;2;0;0;0;
EBT;UF;3204807;2.0000;1;0;1;0;0;0;
EBT;UF;3204906;1810.7500;27;3;10;3;5;6;
EBT;UF;3205002;14970.0000;206;30;92;54;14;16;
EBT;UF;3205010;2.0000;1;0;1;0;0;0;
EBT;UF;3205036;5.0000;2;0;1;1;0;0;
EBT;UF;3205069;109.4375;11;5;5;0;0;1;
EBT;UF;3205101;234.0625;28;1;15;10;1;1;
EBT;UF;3205200;2687.3125;110;11;43;38;8;10;
EBT;UF;3205309;51282.8984;265;31;51;90;30;63;
EBT;UF;3300100;1158.4648;28;5;16;4;2;1;
EBT;UF;3300209;27.0000;9;2;4;3;0;0;
EBT;UF;3300233;6.7148;7;4;3;0;0;0;
EBT;UF;3300258;2.2500;2;1;1;0;0;0;
EBT;UF;3300308;23.2148;14;2;12;0;0;0;
EBT;UF;3300407;109.9648;27;4;16;5;2;0;
EBT;UF;3300456;331.7344;58;7;41;7;1;2;
EBT;UF;3300506;1.4648;1;0;1;0;0;0;
EBT;UF;3300605;0.2500;1;1;0;0;0;0;
EBT;UF;3300704;65.0000;27;4;20;3;0;0;
EBT;UF;3300803;4.0000;2;0;2;0;0;0;
EBT;UF;3301009;5606.3555;108;23;57;13;5;10;
EBT;UF;3301108;4.5000;4;2;2;0;0;0;
EBT;UF;3301306;3.0000;2;0;2;0;0;0;
EBT;UF;3301504;2.0000;1;0;1;0;0;0;
EBT;UF;3301702;4676.5937;185;19;107;24;10;25;
EBT;UF;3301850;3.0000;2;0;2;0;0;0;
EBT;UF;3301876;2.5000;2;1;1;0;0;0;
EBT;UF;3301900;2730.5898;34;4;24;4;0;2;
EBT;UF;3302007;144.9297;35;3;24;5;3;0;
EBT;UF;3302205;32.9648;20;4;16;0;0;0;
EBT;UF;3302254;300.7500;33;2;18;7;5;1;
EBT;UF;3302270;3.9648;3;1;2;0;0;0;
EBT;UF;3302403;15192.5430;338;16;131;135;33;23;
EBT;UF;3302502;23.4648;15;3;12;0;0;0;
EBT;UF;3302601;10.0000;1;0;0;1;0;0;
EBT;UF;3302700;13.9648;8;1;7;0;0;0;
EBT;UF;3302858;2120.0547;19;3;12;1;0;3;
EBT;UF;3303203;44.8945;31;6;25;0;0;0;
EBT;UF;3303302;4485.1250;395;30;276;53;24;12;
EBT;UF;3303401;26.9297;17;6;10;1;0;0;
EBT;UF;3303500;659.8867;113;13;75;18;5;2;
EBT;UF;3303609;5.7500;5;2;3;0;0;0;
EBT;UF;3303708;2.0000;1;0;1;0;0;0;
EBT;UF;3303807;39.7500;10;2;5;3;0;0;
EBT;UF;3303906;13644.4687;99;12;59;15;6;7;
EBT;UF;3303955;6.9297;3;0;2;1;0;0;
EBT;UF;3304003;4.5000;4;1;3;0;0;0;
EBT;UF;3304110;1304.5898;49;7;16;15;1;10;
EBT;UF;3304144;28.7500;13;2;10;1;0;0;
EBT;UF;3304201;990.5000;79;2;45;17;10;5;
EBT;UF;3304300;12.2500;10;3;7;0;0;0;
EBT;UF;3304524;266.2500;51;7;25;17;2;0;
EBT;UF;3304557;1001964.29;10029;689;4746;3061;623;910;
EBT;UF;3304706;1.0000;1;0;1;0;0;0;
EBT;UF;3304805;0.5000;1;1;0;0;0;0;
EBT;UF;3304904;703.7812;146;24;96;22;0;4;
EBT;UF;3305000;82.2500;17;3;11;1;2;0;
EBT;UF;3305109;210.9922;62;8;44;9;0;1;
EBT;UF;3305208;45.2148;23;4;18;1;0;0;
EBT;UF;3305505;3.5000;3;1;2;0;0;0;
EBT;UF;3305554;508.4648;13;5;4;0;1;3;
EBT;UF;3305752;2.0000;1;0;1;0;0;0;
EBT;UF;3305802;20407.1953;30;2;14;3;1;10;
EBT;UF;3306008;254.5000;32;1;20;9;1;1;
EBT;UF;3306107;6.4648;5;2;3;0;0;0;
EBT;UF;3306206;0.5000;1;1;0;0;0;0;
EBT;UF;3306305;2988.2500;67;5;37;11;7;7;
EBT;UF;3500105;155.0000;1;0;0;0;0;1;
EBT;UF;3500709;108.0000;3;0;1;1;0;1;
EBT;UF;3501004;0.2500;1;1;0;0;0;0;
EBT;UF;3501152;52.0000;2;0;1;0;0;1;
EBT;UF;3501608;3609.6484;166;22;95;21;7;21;
EBT;UF;3501707;310.0000;2;0;0;0;0;2;
EBT;UF;3502101;1823.0000;10;0;6;1;0;3;
EBT;UF;3502507;21.2500;6;1;2;3;0;0;
EBT;UF;3502804;652.7148;26;3;12;7;0;4;
EBT;UF;3503000;2.5000;2;1;1;0;0;0;
EBT;UF;3503208;4193.9648;127;18;64;15;5;25;
EBT;UF;3503307;84.4180;46;8;37;1;0;0;
EBT;UF;3503901;131.7500;18;4;12;1;0;1;
EBT;UF;3504008;1026.6250;23;3;8;5;1;6;
EBT;UF;3504107;33.4648;18;4;13;1;0;0;
EBT;UF;3504503;2.0000;1;0;1;0;0;0;
EBT;UF;3505302;8.0000;4;0;4;0;0;0;
EBT;UF;3505500;669.5156;13;0;3;5;0;5;
EBT;UF;3505708;110726.437;749;60;253;196;82;158;
EBT;UF;3505906;1.2598;3;2;1;0;0;0;
EBT;UF;3506003;14115.2891;292;16;113;71;15;77;
EBT;UF;3506102;2062.9141;56;10;22;9;3;12;
EBT;UF;3506359;8.5000;11;7;4;0;0;0;
EBT;UF;3506508;235.5000;3;1;0;0;0;2;
EBT;UF;3507001;299.5000;10;1;3;4;0;2;
EBT;UF;3507506;1887.4687;58;2;34;9;2;11;
EBT;UF;3507605;1602.0000;35;9;7;6;4;9;
EBT;UF;3507803;2.2500;2;1;1;0;0;0;
EBT;UF;3508207;2.5000;2;1;1;0;0;0;
EBT;UF;3508405;24.5000;8;1;5;2;0;0;
EBT;UF;3508504;135.2500;7;1;5;0;0;1;
EBT;UF;3508603;1375.0000;6;0;1;0;2;3;
EBT;UF;3509007;1.0000;1;0;1;0;0;0;
EBT;UF;3509205;2197.8203;113;13;49;33;10;8;
EBT;UF;3509254;155.2500;2;1;0;0;0;1;
EBT;UF;3509403;1.2500;2;1;1;0;0;0;
EBT;UF;3509502;70320.0234;937;76;446;182;54;179;
EBT;UF;3509700;28.3750;16;6;9;1;0;0;
EBT;UF;3510005;0.7500;2;2;0;0;0;0;
EBT;UF;3510401;2.0000;1;0;1;0;0;0;
EBT;UF;3510500;339.2500;11;1;6;2;0;2;
EBT;UF;3510609;2.4648;2;0;2;0;0;0;
EBT;UF;3511102;485.2109;29;1;13;12;1;2;
EBT;UF;3511508;0.5000;1;1;0;0;0;0;
EBT;UF;3512803;10.5625;6;2;3;1;0;0;
EBT;UF;3513009;3076.9570;51;10;26;9;2;4;
EBT;UF;3513504;1220.6250;36;4;13;7;4;8;
EBT;UF;3513702;1.5625;6;6;0;0;0;0;
EBT;UF;3513801;4071.7109;334;45;203;57;7;22;
EBT;UF;3514403;4.0000;2;0;2;0;0;0;
EBT;UF;3515004;2.0000;1;0;1;0;0;0;
EBT;UF;3515186;4.2500;3;1;2;0;0;0;
EBT;UF;3515707;10.2500;8;3;5;0;0;0;
EBT;UF;3516200;3356.2441;108;15;66;5;2;20;
EBT;UF;3516408;2.0000;1;0;1;0;0;0;
EBT;UF;3516705;28.2500;7;1;5;0;1;0;
EBT;UF;3516903;2.0000;1;0;1;0;0;0;
EBT;UF;3517000;2.0000;1;0;1;0;0;0;
EBT;UF;3517406;1.2646;4;3;1;0;0;0;
EBT;UF;3517703;13.2686;9;2;7;0;0;0;
EBT;UF;3518305;155.0000;1;0;0;0;0;1;
EBT;UF;3518404;80.9922;52;9;43;0;0;0;
EBT;UF;3518701;1673.5312;94;14;60;14;2;4;
EBT;UF;3518800;3031.7851;620;96;413;86;12;13;
EBT;UF;3519071;12806.0000;78;2;21;9;10;36;
EBT;UF;3520103;0.5000;1;1;0;0;0;0;
EBT;UF;3520509;2463.4922;93;14;48;12;4;15;
EBT;UF;3521002;4.0000;2;0;2;0;0;0;
EBT;UF;3521309;4.7686;5;3;2;0;0;0;
EBT;UF;3521408;2.0000;1;0;1;0;0;0;
EBT;UF;3522208;11.4648;2;0;1;1;0;0;
EBT;UF;3522307;619.7500;9;2;0;2;1;4;
EBT;UF;3522505;17.5391;5;0;2;3;0;0;
EBT;UF;3522604;2.5625;5;3;2;0;0;0;
EBT;UF;3523107;224.6797;33;12;14;5;1;1;
EBT;UF;3523909;3853.1797;101;10;48;17;8;18;
EBT;UF;3524006;0.1250;1;1;0;0;0;0;
EBT;UF;3524105;1.2500;2;1;1;0;0;0;
EBT;UF;3524303;231.2500;10;1;1;6;1;1;
EBT;UF;3524402;874.7383;122;11;88;16;3;4;
EBT;UF;3524709;806.5000;17;5;4;1;2;5;
EBT;UF;3525003;198.4648;15;3;7;4;0;1;
EBT;UF;3525102;2.7500;4;2;2;0;0;0;
EBT;UF;3525201;20.0000;1;0;0;0;1;0;
EBT;UF;3525300;2401.5156;66;0;38;11;3;14;
EBT;UF;3525904;10946.2305;348;44;170;76;15;43;
EBT;UF;3526704;11.9648;8;1;7;0;0;0;
EBT;UF;3526803;1732.0000;29;0;11;4;3;11;
EBT;UF;3526902;2777.5586;121;9;79;13;4;16;
EBT;UF;3527108;2487.2031;46;8;13;8;2;15;
EBT;UF;3527207;12.0000;6;0;6;0;0;0;
EBT;UF;3527306;437.2148;20;3;10;3;1;3;
EBT;UF;3528007;2048.0000;2;0;0;0;0;2;
EBT;UF;3528403;12.5000;7;1;6;0;0;0;
EBT;UF;3528502;4.7500;4;2;2;0;0;0;
EBT;UF;3529005;3548.5000;125;13;57;26;8;21;
EBT;UF;3529302;318.0000;3;0;0;1;0;2;
EBT;UF;3529401;1597.9219;167;31;107;18;3;8;
EBT;UF;3529708;29.7500;7;2;3;2;0;0;
EBT;UF;3530300;334.0000;6;0;2;2;0;2;
EBT;UF;3530508;6.0000;6;3;3;0;0;0;
EBT;UF;3530607;6556.8594;261;50;149;27;18;17;
EBT;UF;3530706;68.6367;43;7;36;0;0;0;
EBT;UF;3530805;570.9062;31;0;27;1;0;3;
EBT;UF;3531100;10.8750;9;3;6;0;0;0;
EBT;UF;3531902;3.2500;5;3;2;0;0;0;
EBT;UF;3532009;7.0000;4;0;4;0;0;0;
EBT;UF;3533007;1.0000;1;0;1;0;0;0;
EBT;UF;3533403;19.5000;14;3;11;0;0;0;
EBT;UF;3534401;7361.9473;208;19;92;56;15;26;
EBT;UF;3534609;166.2500;4;1;1;1;0;1;
EBT;UF;3534708;1637.5000;34;1;12;8;2;11;
EBT;UF;3535309;1.0000;1;0;1;0;0;0;
EBT;UF;3535507;10.0000;1;0;0;1;0;0;
EBT;UF;3536505;6.3125;5;2;3;0;0;0;
EBT;UF;3536703;35.0000;2;0;1;0;1;0;
EBT;UF;3537107;3.5156;2;0;2;0;0;0;
EBT;UF;3537305;1.0000;1;0;1;0;0;0;
EBT;UF;3537404;3.3125;6;5;1;0;0;0;
EBT;UF;3537602;2.0000;1;0;1;0;0;0;
EBT;UF;3538006;5301.0898;41;3;28;4;0;6;
EBT;UF;3538709;7183.1406;148;23;84;18;5;18;
EBT;UF;3539004;2.0000;1;0;1;0;0;0;
EBT;UF;3539301;18.2773;12;3;9;0;0;0;
EBT;UF;3539806;1198.2539;57;3;10;6;32;6;
EBT;UF;3541000;78.7695;42;12;27;2;1;0;
EBT;UF;3541307;0.2500;1;1;0;0;0;0;
EBT;UF;3541406;4416.3281;114;9;56;20;8;21;
EBT;UF;3541505;23.2461;8;2;5;0;1;0;
EBT;UF;3542206;13.0000;3;0;2;1;0;0;
EBT;UF;3542404;2.0000;1;0;1;0;0;0;
EBT;UF;3543303;36.0273;17;4;11;2;0;0;
EBT;UF;3543402;19327.3398;546;37;260;135;16;98;
EBT;UF;3543907;2068.8359;123;17;74;18;2;12;
EBT;UF;3544004;156.7500;4;2;1;0;0;1;
EBT;UF;3544103;7.2500;5;1;4;0;0;0;
EBT;UF;3544202;2.0000;1;0;1;0;0;0;
EBT;UF;3545209;649.4648;14;0;7;3;0;4;
EBT;UF;3545803;303.1094;56;3;42;10;0;1;
EBT;UF;3546306;2.0000;1;0;1;0;0;0;
EBT;UF;3546405;23.0000;5;2;1;2;0;0;
EBT;UF;3547304;8759.3633;66;4;25;15;4;18;
EBT;UF;3547809;17634.5859;484;87;247;71;14;65;
EBT;UF;3548500;16614.9883;436;36;218;111;19;52;
EBT;UF;3548708;16792.7187;771;175;378;96;45;77;
EBT;UF;3548807;7870.4492;208;30;105;45;12;16;
EBT;UF;3548906;6533.8398;85;2;43;23;0;17;
EBT;UF;3549409;7.6250;10;6;4;0;0;0;
EBT;UF;3549706;22.8125;10;3;6;1;0;0;
EBT;UF;3549805;8973.7148;109;1;30;40;7;31;
EBT;UF;3549904;10421.8125;484;63;287;84;16;34;
EBT;UF;3550100;5.2500;6;3;3;0;0;0;
EBT;UF;3550308;510079.316;12791;1120;5634;3474;811;1752;
EBT;UF;3550605;14.3750;13;5;8;0;0;0;
EBT;UF;3550704;28.0000;5;0;2;3;0;0;
EBT;UF;3551009;3190.2617;102;24;58;12;0;8;
EBT;UF;3551702;656.5000;15;1;8;2;0;4;
EBT;UF;3552205;15600.8984;451;35;219;88;25;84;
EBT;UF;3552403;109.5000;20;2;14;1;3;0;
EBT;UF;3552502;232.3750;51;11;37;1;0;2;
EBT;UF;3552809;12525.7500;36;2;12;9;2;11;
EBT;UF;3553401;2.0000;1;0;1;0;0;0;
EBT;UF;3554102;2606.1641;183;34;103;20;12;14;
EBT;UF;3554508;11.0000;5;0;4;1;0;0;
EBT;UF;3555000;12.0000;2;0;1;1;0;0;
EBT;UF;3555406;0.5000;1;1;0;0;0;0;
EBT;UF;3556206;1077.1797;46;9;23;6;1;7;
EBT;UF;3556404;0.5000;1;1;0;0;0;0;
EBT;UF;3556701;212.4063;11;2;5;2;1;1;
EBT;UF;3557006;1202.7773;68;11;45;5;0;7;
EBT;UF;3557105;26.1250;11;2;8;1;0;0;
EBT;UF;3557303;0.2500;1;1;0;0;0;0;
EBT;UF;4100202;0.2500;1;1;0;0;0;0;
EBT;UF;4100301;0.2500;1;1;0;0;0;0;
EBT;UF;4100400;27.2656;16;6;8;2;0;0;
EBT;UF;4100509;1.0000;1;0;1;0;0;0;
EBT;UF;4100608;1.0000;1;0;1;0;0;0;
EBT;UF;4100707;1.2500;2;1;1;0;0;0;
EBT;UF;4100806;1.7500;3;2;1;0;0;0;
EBT;UF;4100905;1.0000;3;3;0;0;0;0;
EBT;UF;4101002;0.5000;1;1;0;0;0;0;
EBT;UF;4101101;12.7500;9;2;7;0;0;0;
EBT;UF;4101408;166.3906;39;4;26;8;1;0;
EBT;UF;4101507;2126.0781;23;2;12;7;0;2;
EBT;UF;4101606;3.0000;2;0;2;0;0;0;
EBT;UF;4101705;1.0000;1;0;1;0;0;0;
EBT;UF;4101804;844.6094;129;29;75;17;5;3;
EBT;UF;4101903;3.0000;2;0;2;0;0;0;
EBT;UF;4102000;3.0000;2;0;2;0;0;0;
EBT;UF;4102109;1.0000;1;0;1;0;0;0;
EBT;UF;4102307;15.5000;10;1;9;0;0;0;
EBT;UF;4102406;20.1875;11;5;5;1;0;0;
EBT;UF;4102505;3.0000;2;0;2;0;0;0;
EBT;UF;4102802;8.2500;6;1;5;0;0;0;
EBT;UF;4102901;9.0000;5;0;5;0;0;0;
EBT;UF;4103057;0.2500;1;1;0;0;0;0;
EBT;UF;4103107;1.0000;1;0;1;0;0;0;
EBT;UF;4103206;0.2500;1;1;0;0;0;0;
EBT;UF;4103503;0.2500;1;1;0;0;0;0;
EBT;UF;4103602;4.2500;3;1;2;0;0;0;
EBT;UF;4103701;66.5781;49;15;32;2;0;0;
EBT;UF;4103800;0.7500;2;2;0;0;0;0;
EBT;UF;4104006;6.2813;6;1;5;0;0;0;
EBT;UF;4104105;0.2500;1;1;0;0;0;0;
EBT;UF;4104204;139.0000;27;4;14;8;0;1;
EBT;UF;4104253;4.2500;4;1;3;0;0;0;
EBT;UF;4104303;20.1797;13;1;12;0;0;0;
EBT;UF;4104402;2.0000;1;0;1;0;0;0;
EBT;UF;4104428;10.0000;5;3;1;1;0;0;
EBT;UF;4104501;2.2500;3;1;2;0;0;0;
EBT;UF;4104659;27.4375;7;3;2;1;1;0;
EBT;UF;4104709;2.0000;1;0;1;0;0;0;
EBT;UF;4104808;2556.2031;172;43;96;27;4;2;
EBT;UF;4104907;29.2031;34;21;12;1;0;0;
EBT;UF;4105003;0.2500;1;1;0;0;0;0;
EBT;UF;4105102;4.0000;3;0;3;0;0;0;
EBT;UF;4105409;3.1250;3;1;2;0;0;0;
EBT;UF;4105508;3160.6563;43;11;25;4;0;3;
EBT;UF;4105607;0.2500;1;1;0;0;0;0;
EBT;UF;4105706;3.0000;2;0;2;0;0;0;
EBT;UF;4105805;264.6172;61;16;38;5;1;1;
EBT;UF;4106001;0.5000;1;1;0;0;0;0;
EBT;UF;4106209;1.5000;2;1;1;0;0;0;
EBT;UF;4106308;1.0000;1;0;1;0;0;0;
EBT;UF;4106407;89.2500;10;1;5;2;2;0;
EBT;UF;4106506;1.5625;4;3;1;0;0;0;
EBT;UF;4106605;1.0000;1;0;1;0;0;0;
EBT;UF;4106704;0.2500;1;1;0;0;0;0;
EBT;UF;4106902;50732.6875;2067;366;1001;431;149;120;
EBT;UF;4107009;2.0000;2;0;2;0;0;0;
EBT;UF;4107108;0.7500;3;3;0;0;0;0;
EBT;UF;4107207;13.0547;11;3;8;0;0;0;
EBT;UF;4107256;12.8750;4;3;0;1;0;0;
EBT;UF;4107306;0.7500;2;2;0;0;0;0;
EBT;UF;4107405;0.5000;2;2;0;0;0;0;
EBT;UF;4107504;0.2500;1;1;0;0;0;0;
EBT;UF;4107538;1.0000;1;0;1;0;0;0;
EBT;UF;4107603;1.0000;1;0;1;0;0;0;
EBT;UF;4107652;365.8047;23;6;13;1;1;2;
EBT;UF;4107702;0.2500;1;1;0;0;0;0;
EBT;UF;4107736;6.0000;2;0;1;1;0;0;
EBT;UF;4107801;3.0000;4;3;1;0;0;0;
EBT;UF;4107900;2.2500;2;1;1;0;0;0;
EBT;UF;4108007;1.5000;3;2;1;0;0;0;
EBT;UF;4108106;0.2500;1;1;0;0;0;0;
EBT;UF;4108205;1.2500;2;1;1;0;0;0;
EBT;UF;4108304;439.4219;173;62;96;13;1;1;
EBT;UF;4108320;0.5000;1;1;0;0;0;0;
EBT;UF;4108403;69.0781;25;7;15;2;1;0;
EBT;UF;4108452;0.0625;1;1;0;0;0;0;
EBT;UF;4108502;10.5000;6;1;5;0;0;0;
EBT;UF;4108551;0.2500;1;1;0;0;0;0;
EBT;UF;4108601;6.3125;9;5;4;0;0;0;
EBT;UF;4108700;1.0000;1;0;1;0;0;0;
EBT;UF;4108809;18.5000;11;1;10;0;0;0;
EBT;UF;4109302;1.0000;1;0;1;0;0;0;
EBT;UF;4109401;693.5156;36;5;25;5;0;1;
EBT;UF;4109500;2.5000;3;2;1;0;0;0;
EBT;UF;4109609;9.0000;5;0;5;0;0;0;
EBT;UF;4109658;0.5000;1;1;0;0;0;0;
EBT;UF;4109708;3.0000;2;0;2;0;0;0;
EBT;UF;4109807;17.3750;25;14;11;0;0;0;
EBT;UF;4110102;1.0000;1;0;1;0;0;0;
EBT;UF;4110201;0.2500;1;1;0;0;0;0;
EBT;UF;4110706;15.5625;24;18;6;0;0;0;
EBT;UF;4110805;8.0000;4;0;4;0;0;0;
EBT;UF;4110904;0.2500;1;1;0;0;0;0;
EBT;UF;4110953;1.0000;1;0;1;0;0;0;
EBT;UF;4111407;0.2500;1;1;0;0;0;0;
EBT;UF;4111506;5.2500;4;1;3;0;0;0;
EBT;UF;4111803;12.7500;10;4;6;0;0;0;
EBT;UF;4112009;2.2500;4;3;1;0;0;0;
EBT;UF;4112108;5.6250;7;4;3;0;0;0;
EBT;UF;4112504;1.0000;1;0;1;0;0;0;
EBT;UF;4112702;1.7500;3;2;1;0;0;0;
EBT;UF;4112801;3.0000;2;0;2;0;0;0;
EBT;UF;4113205;3.0625;3;1;2;0;0;0;
EBT;UF;4113304;2.5000;3;1;2;0;0;0;
EBT;UF;4113502;3.0000;2;0;2;0;0;0;
EBT;UF;4113601;14.5000;5;1;3;1;0;0;
EBT;UF;4113700;8979.5977;355;92;156;73;14;20;
EBT;UF;4113734;0.2500;1;1;0;0;0;0;
EBT;UF;4113809;1.0000;1;0;1;0;0;0;
EBT;UF;4114005;1.0000;1;0;1;0;0;0;
EBT;UF;4114104;6.2500;6;3;3;0;0;0;
EBT;UF;4114203;45.0000;14;6;6;1;1;0;
EBT;UF;4114351;0.2500;1;1;0;0;0;0;
EBT;UF;4114401;3.2500;3;1;2;0;0;0;
EBT;UF;4114500;1.2500;2;1;1;0;0;0;
EBT;UF;4114609;0.5000;1;1;0;0;0;0;
EBT;UF;4114807;13.7500;8;2;5;1;0;0;
EBT;UF;4114906;3.0000;2;0;2;0;0;0;
EBT;UF;4115101;0.2500;1;1;0;0;0;0;
EBT;UF;4115200;6572.6992;335;78;172;72;5;8;
EBT;UF;4115309;0.2500;1;1;0;0;0;0;
EBT;UF;4115358;1.0000;1;0;1;0;0;0;
EBT;UF;4115606;5.2500;4;1;3;0;0;0;
EBT;UF;4115705;5.0000;3;0;3;0;0;0;
EBT;UF;4115804;3.2500;3;1;2;0;0;0;
EBT;UF;4116059;0.5000;1;1;0;0;0;0;
EBT;UF;4116208;1.0000;1;0;1;0;0;0;
EBT;UF;4116703;1.0000;1;0;1;0;0;0;
EBT;UF;4116901;2.3750;5;4;1;0;0;0;
EBT;UF;4117008;0.5000;2;2;0;0;0;0;
EBT;UF;4117107;1.0000;1;0;1;0;0;0;
EBT;UF;4117206;0.2500;1;1;0;0;0;0;
EBT;UF;4117271;0.7500;2;2;0;0;0;0;
EBT;UF;4117453;0.5000;1;1;0;0;0;0;
EBT;UF;4117503;11.3750;8;2;6;0;0;0;
EBT;UF;4117602;41.0000;6;0;5;0;1;0;
EBT;UF;4117701;3.0000;2;0;2;0;0;0;
EBT;UF;4117909;8.5000;7;2;5;0;0;0;
EBT;UF;4118105;1.0000;1;0;1;0;0;0;
EBT;UF;4118204;498.8438;124;20;83;18;2;1;
EBT;UF;4118402;115.7969;51;15;33;2;1;0;
EBT;UF;4118451;2.0000;4;3;1;0;0;0;
EBT;UF;4118501;83.0625;38;9;27;1;1;0;
EBT;UF;4118600;0.5000;2;2;0;0;0;0;
EBT;UF;4118709;0.2500;1;1;0;0;0;0;
EBT;UF;4118907;1.0000;1;0;1;0;0;0;
EBT;UF;4119152;285.7266;63;3;43;13;4;0;
EBT;UF;4119202;0.2500;1;1;0;0;0;0;
EBT;UF;4119301;38.0625;7;4;2;0;1;0;
EBT;UF;4119400;3.0000;2;0;2;0;0;0;
EBT;UF;4119509;13.5625;13;6;7;0;0;0;
EBT;UF;4119608;3.0000;2;0;2;0;0;0;
EBT;UF;4119707;0.2500;1;1;0;0;0;0;
EBT;UF;4119806;1.0000;1;0;1;0;0;0;
EBT;UF;4119905;642.5469;149;40;79;22;7;1;
EBT;UF;4119954;13.7500;11;4;7;0;0;0;
EBT;UF;4120002;3.0000;2;0;2;0;0;0;
EBT;UF;4120101;0.2500;1;1;0;0;0;0;
EBT;UF;4120309;0.2500;1;1;0;0;0;0;
EBT;UF;4120606;3.2500;3;1;2;0;0;0;
EBT;UF;4120705;1.2500;4;4;0;0;0;0;
EBT;UF;4120804;300.0000;28;5;15;4;3;1;
EBT;UF;4120853;1.5000;2;1;1;0;0;0;
EBT;UF;4120903;3.0000;2;0;2;0;0;0;
EBT;UF;4121307;0.2500;1;1;0;0;0;0;
EBT;UF;4121406;3.2500;3;1;2;0;0;0;
EBT;UF;4121505;1.0000;1;0;1;0;0;0;
EBT;UF;4121604;0.7500;2;2;0;0;0;0;
EBT;UF;4121703;3.0000;2;0;2;0;0;0;
EBT;UF;4121901;1.0000;1;0;1;0;0;0;
EBT;UF;4122008;1.0000;1;0;1;0;0;0;
EBT;UF;4122206;1.7500;3;2;1;0;0;0;
EBT;UF;4122305;46.7500;18;9;4;5;0;0;
EBT;UF;4122404;62.5156;27;3;22;2;0;0;
EBT;UF;4122701;0.2500;1;1;0;0;0;0;
EBT;UF;4122800;0.7500;2;2;0;0;0;0;
EBT;UF;4123204;1.0000;1;0;1;0;0;0;
EBT;UF;4123402;1.0000;1;0;1;0;0;0;
EBT;UF;4123501;4.0000;3;0;3;0;0;0;
EBT;UF;4123709;1.0000;1;0;1;0;0;0;
EBT;UF;4123808;1.0000;1;0;1;0;0;0;
EBT;UF;4123907;1.2500;2;1;1;0;0;0;
EBT;UF;4124020;1.0000;1;0;1;0;0;0;
EBT;UF;4124053;1.0625;2;1;1;0;0;0;
EBT;UF;4124103;13.0625;8;1;7;0;0;0;
EBT;UF;4124301;0.2500;1;1;0;0;0;0;
EBT;UF;4124400;1.5000;2;1;1;0;0;0;
EBT;UF;4124509;2.2500;3;1;2;0;0;0;
EBT;UF;4124608;0.2500;1;1;0;0;0;0;
EBT;UF;4124707;2.7500;4;2;2;0;0;0;
EBT;UF;4124905;0.2500;1;1;0;0;0;0;
EBT;UF;4125001;5.0000;4;0;4;0;0;0;
EBT;UF;4125357;0.2500;1;1;0;0;0;0;
EBT;UF;4125506;23874.8984;329;58;200;49;8;14;
EBT;UF;4125605;5.7500;6;2;4;0;0;0;
EBT;UF;4125704;20.5000;6;3;2;0;1;0;
EBT;UF;4126009;0.7500;3;3;0;0;0;0;
EBT;UF;4126207;0.2500;1;1;0;0;0;0;
EBT;UF;4126256;22.0156;22;9;13;0;0;0;
EBT;UF;4126306;1.5000;2;1;1;0;0;0;
EBT;UF;4126504;5.0000;3;0;3;0;0;0;
EBT;UF;4126603;3.0000;2;0;2;0;0;0;
EBT;UF;4126678;1.2500;2;1;1;0;0;0;
EBT;UF;4126801;3.0000;2;0;2;0;0;0;
EBT;UF;4126900;0.2500;1;1;0;0;0;0;
EBT;UF;4127007;1.2500;2;1;1;0;0;0;
EBT;UF;4127106;36.5313;13;1;11;0;1;0;
EBT;UF;4127403;4.0000;3;0;3;0;0;0;
EBT;UF;4127502;1.0000;1;0;1;0;0;0;
EBT;UF;4127601;0.5000;1;1;0;0;0;0;
EBT;UF;4127700;129.7656;45;12;22;11;0;0;
EBT;UF;4127809;1.7500;3;2;1;0;0;0;
EBT;UF;4128005;1.0000;1;0;1;0;0;0;
EBT;UF;4128104;214.4219;46;5;28;11;1;1;
EBT;UF;4128203;119.5156;12;0;11;0;0;1;
EBT;UF;4128401;1.0000;1;0;1;0;0;0;
EBT;UF;4128500;2.0000;2;0;2;0;0;0;
EBT;UF;4128534;8.0000;4;0;4;0;0;0;
EBT;UF;4128708;4.5000;4;2;2;0;0;0;
EBT;UF;4128807;0.2500;1;1;0;0;0;0;
EBT;UF;4200101;3.3750;4;2;2;0;0;0;
EBT;UF;4200200;0.5000;1;1;0;0;0;0;
EBT;UF;4201307;207.5625;36;5;16;12;3;0;
EBT;UF;4201703;0.2500;1;1;0;0;0;0;
EBT;UF;4202008;245.0703;46;3;28;13;1;1;
EBT;UF;4202073;1.0000;1;0;1;0;0;0;
EBT;UF;4202305;137.7031;60;24;29;5;2;0;
EBT;UF;4202404;3740.1875;324;56;150;82;24;12;
EBT;UF;4202602;5.3750;4;2;1;1;0;0;
EBT;UF;4202909;898.0508;85;9;43;22;5;6;
EBT;UF;4203006;93.8750;21;5;8;7;1;0;
EBT;UF;4203204;34.8750;22;7;13;2;0;0;
EBT;UF;4203501;1.2500;2;1;1;0;0;0;
EBT;UF;4203600;2.0000;1;0;1;0;0;0;
EBT;UF;4203808;0.5000;1;1;0;0;0;0;
EBT;UF;4203956;18.7500;5;2;1;2;0;0;
EBT;UF;4204202;771.5938;112;25;56;24;4;3;
EBT;UF;4204251;87.5000;14;4;7;1;2;0;
EBT;UF;4204301;657.5156;23;2;7;7;3;4;
EBT;UF;4204350;0.6875;4;4;0;0;0;0;
EBT;UF;4204509;5.6250;6;3;3;0;0;0;
EBT;UF;4204558;17.0000;5;2;1;2;0;0;
EBT;UF;4204608;501.1992;92;19;41;29;2;1;
EBT;UF;4204806;32.5000;6;1;2;3;0;0;
EBT;UF;4205191;10.0000;1;0;0;1;0;0;
EBT;UF;4205407;7158.0039;461;71;163;157;41;29;
EBT;UF;4205506;10.0000;15;9;6;0;0;0;
EBT;UF;4205704;21.3750;13;5;7;1;0;0;
EBT;UF;4205803;9.0000;3;0;1;2;0;0;
EBT;UF;4205902;119.8750;41;16;17;6;2;0;
EBT;UF;4206504;315.5391;34;7;18;6;1;2;
EBT;UF;4206702;6.6250;7;4;3;0;0;0;
EBT;UF;4207007;47.5625;14;4;6;4;0;0;
EBT;UF;4207106;1.2500;2;1;1;0;0;0;
EBT;UF;4207304;7.5156;4;0;4;0;0;0;
EBT;UF;4207502;273.0781;44;2;26;15;0;1;
EBT;UF;4208203;5384.8164;355;29;188;110;17;11;
EBT;UF;4208807;1.2500;2;1;1;0;0;0;
EBT;UF;4208906;563.6445;91;15;52;20;3;1;
EBT;UF;4209003;227.0000;36;2;21;9;4;0;
EBT;UF;4209102;3290.3555;467;88;207;146;15;11;
EBT;UF;4209300;483.5469;77;18;30;24;3;2;
EBT;UF;4209409;2.0000;2;0;2;0;0;0;
EBT;UF;4209706;1.2500;2;1;1;0;0;0;
EBT;UF;4210035;5.2500;5;1;4;0;0;0;
EBT;UF;4210100;29.4531;27;15;10;2;0;0;
EBT;UF;4210209;3.0000;2;0;2;0;0;0;
EBT;UF;4210605;17.0781;8;3;4;1;0;0;
EBT;UF;4211306;340.2188;63;6;29;22;6;0;
EBT;UF;4211454;1.0000;1;0;1;0;0;0;
EBT;UF;4211603;8.2500;7;1;6;0;0;0;
EBT;UF;4211702;4.2500;5;3;2;0;0;0;
EBT;UF;4211900;663.6523;105;16;61;23;4;1;
EBT;UF;4212205;1.0000;1;0;1;0;0;0;
EBT;UF;4213005;1.3125;4;3;1;0;0;0;
EBT;UF;4213203;55.5000;11;2;4;4;1;0;
EBT;UF;4214607;1.0000;1;0;1;0;0;0;
EBT;UF;4214706;2.2500;2;1;1;0;0;0;
EBT;UF;4214805;622.2656;84;16;37;23;4;4;
EBT;UF;4215000;45.0000;7;0;5;0;2;0;
EBT;UF;4215109;104.7500;5;2;2;0;0;1;
EBT;UF;4215455;1.0000;1;0;1;0;0;0;
EBT;UF;4215703;8.0000;4;0;4;0;0;0;
EBT;UF;4215802;405.3789;119;39;58;19;2;1;
EBT;UF;4215901;0.5000;1;1;0;0;0;0;
EBT;UF;4216107;3.5000;4;2;2;0;0;0;
EBT;UF;4216206;400.4375;42;9;12;15;4;2;
EBT;UF;4216255;1.0000;1;0;1;0;0;0;
EBT;UF;4216602;756.0117;128;19;55;47;6;1;
EBT;UF;4216909;50.2500;11;4;4;2;1;0;
EBT;UF;4217006;4.5000;3;1;2;0;0;0;
EBT;UF;4217402;195.5000;8;2;3;1;0;2;
EBT;UF;4217501;1.0000;1;0;1;0;0;0;
EBT;UF;4217709;620.0000;8;0;2;1;0;5;
EBT;UF;4217907;1.0000;1;0;1;0;0;0;
EBT;UF;4217956;0.5000;1;1;0;0;0;0;
EBT;UF;4218202;168.5000;27;3;18;5;0;1;
EBT;UF;4218608;2.0000;1;0;1;0;0;0;
EBT;UF;4218707;87.6836;25;3;15;6;1;0;
EBT;UF;4218806;14.0000;3;0;2;1;0;0;
EBT;UF;4219309;52.7500;26;11;11;3;1;0;
EBT;UF;4219507;38.3125;20;7;12;0;1;0;
EBT;UF;4219705;208.2656;16;5;6;1;3;1;
EBT;UF;4300406;79.0000;47;26;11;10;0;0;
EBT;UF;4300604;171.5000;38;12;14;9;3;0;
EBT;UF;4301008;21.0000;9;2;5;2;0;0;
EBT;UF;4301206;1.0000;1;0;1;0;0;0;
EBT;UF;4301552;1.2500;2;1;1;0;0;0;
EBT;UF;4301602;487.8750;48;11;15;16;4;2;
EBT;UF;4302006;1.0000;1;0;1;0;0;0;
EBT;UF;4302105;1237.8379;151;11;64;64;9;3;
EBT;UF;4302204;1.0000;1;0;1;0;0;0;
EBT;UF;4302352;8.5000;5;1;3;1;0;0;
EBT;UF;4302709;2.2500;3;1;2;0;0;0;
EBT;UF;4302808;1.0000;1;0;1;0;0;0;
EBT;UF;4302907;0.6250;2;2;0;0;0;0;
EBT;UF;4303004;25.6250;27;15;11;1;0;0;
EBT;UF;4303103;507.8125;93;11;39;38;5;0;
EBT;UF;4303509;320.2891;32;5;14;9;3;1;
EBT;UF;4303806;2.2500;3;1;2;0;0;0;
EBT;UF;4303905;1178.6875;90;20;37;22;4;7;
EBT;UF;4304408;44.7500;17;9;5;2;1;0;
EBT;UF;4304507;4.5000;4;1;3;0;0;0;
EBT;UF;4304606;1741.1543;205;44;81;59;12;9;
EBT;UF;4304630;10602.1250;12;4;2;3;1;2;
EBT;UF;4304663;34.5000;7;1;3;3;0;0;
EBT;UF;4304705;65.5000;34;14;14;6;0;0;
EBT;UF;4304804;101.6875;13;6;3;1;3;0;
EBT;UF;4304903;4.0000;7;4;3;0;0;0;
EBT;UF;4305108;2837.1328;530;87;244;169;24;6;
EBT;UF;4305207;2.0000;2;0;2;0;0;0;
EBT;UF;4305355;34.0000;1;0;0;0;1;0;
EBT;UF;4305439;1.0000;1;0;1;0;0;0;
EBT;UF;4305801;0.2500;1;1;0;0;0;0;
EBT;UF;4305975;2.0000;1;0;1;0;0;0;
EBT;UF;4306056;1.0000;1;0;1;0;0;0;
EBT;UF;4306106;2263.6250;54;25;19;6;1;3;
EBT;UF;4306205;2.5000;3;1;2;0;0;0;
EBT;UF;4306304;1.0000;1;0;1;0;0;0;
EBT;UF;4306403;20.5000;3;2;0;0;1;0;
EBT;UF;4306601;7.0000;2;0;1;1;0;0;
EBT;UF;4306767;1015.2500;46;4;15;17;5;5;
EBT;UF;4307005;10631.1016;69;3;39;20;6;1;
EBT;UF;4307559;118.5000;4;1;1;0;1;1;
EBT;UF;4307609;45.7500;19;5;9;5;0;0;
EBT;UF;4307708;161.8906;50;21;20;7;2;0;
EBT;UF;4307807;29.3750;16;9;5;2;0;0;
EBT;UF;4307906;983.9258;80;6;28;35;10;1;
EBT;UF;4308003;6.0000;3;0;3;0;0;0;
EBT;UF;4308102;3.0000;3;0;3;0;0;0;
EBT;UF;4308508;5.0000;8;4;4;0;0;0;
EBT;UF;4308607;242.6484;62;13;32;15;2;0;
EBT;UF;4308904;3271.2500;19;6;3;3;0;7;
EBT;UF;4309001;2.5625;5;3;2;0;0;0;
EBT;UF;4309050;10.1406;4;2;1;1;0;0;
EBT;UF;4309100;103.7813;36;12;19;4;1;0;
EBT;UF;4309209;611.6250;156;43;58;50;4;1;
EBT;UF;4309308;177.6875;34;16;10;4;4;0;
EBT;UF;4309407;5.0000;6;3;3;0;0;0;
EBT;UF;4309605;5.8750;11;7;4;0;0;0;
EBT;UF;4309803;1.0000;1;0;1;0;0;0;
EBT;UF;4310108;20.7500;19;10;6;3;0;0;
EBT;UF;4310207;83.0625;18;3;9;5;1;0;
EBT;UF;4310330;2.1250;5;4;1;0;0;0;
EBT;UF;4310603;2.0000;1;0;1;0;0;0;
EBT;UF;4310751;1.0000;1;0;1;0;0;0;
EBT;UF;4310801;14.5000;11;8;2;1;0;0;
EBT;UF;4311007;8.9375;8;4;3;1;0;0;
EBT;UF;4311205;4.7500;5;2;3;0;0;0;
EBT;UF;4311403;1140.5625;37;7;19;10;0;1;
EBT;UF;4311809;107.0625;17;8;4;3;2;0;
EBT;UF;4311908;1.0000;1;0;1;0;0;0;
EBT;UF;4312401;48.3125;28;14;10;4;0;0;
EBT;UF;4312500;1.0000;1;0;1;0;0;0;
EBT;UF;4312658;10.0000;1;0;0;1;0;0;
EBT;UF;4312708;0.3750;6;6;0;0;0;0;
EBT;UF;4312906;6.2500;4;1;2;1;0;0;
EBT;UF;4313060;14.5000;4;1;2;1;0;0;
EBT;UF;4313102;4.0000;2;0;2;0;0;0;
EBT;UF;4313201;57.5625;12;5;1;5;1;0;
EBT;UF;4313300;22.8125;16;7;8;1;0;0;
EBT;UF;4313375;40.5469;5;0;4;0;1;0;
EBT;UF;4313409;1254.7539;180;34;74;62;9;1;
EBT;UF;4313508;150.3750;29;15;8;4;0;2;
EBT;UF;4313656;0.5000;1;1;0;0;0;0;
EBT;UF;4313706;7.5625;10;5;5;0;0;0;
EBT;UF;4313904;78.3125;30;16;10;3;1;0;
EBT;UF;4314050;40.1875;24;13;9;2;0;0;
EBT;UF;4314100;1124.2813;120;24;49;33;11;3;
EBT;UF;4314308;0.2500;1;1;0;0;0;0;
EBT;UF;4314407;2222.9531;100;23;48;20;5;4;
EBT;UF;4314506;4.0000;1;0;0;1;0;0;
EBT;UF;4314803;12.7656;8;4;3;1;0;0;
EBT;UF;4314902;52672.0547;1343;137;447;521;138;100;
EBT;UF;4315206;1.0000;1;0;1;0;0;0;
EBT;UF;4315305;1.0000;1;0;1;0;0;0;
EBT;UF;4315503;0.5000;1;1;0;0;0;0;
EBT;UF;4315602;2322.4531;125;34;45;30;10;6;
EBT;UF;4315701;3.3750;6;4;2;0;0;0;
EBT;UF;4315800;2.0000;2;0;2;0;0;0;
EBT;UF;4316402;169.2500;12;6;4;1;0;1;
EBT;UF;4316501;0.3125;2;2;0;0;0;0;
EBT;UF;4316709;1.0000;1;0;1;0;0;0;
EBT;UF;4316808;2795.1875;67;13;19;25;4;6;
EBT;UF;4316907;2285.6602;148;57;53;30;3;5;
EBT;UF;4317103;144.5625;19;3;8;6;1;1;
EBT;UF;4317202;13.0000;6;0;5;1;0;0;
EBT;UF;4317301;2.0000;1;0;1;0;0;0;
EBT;UF;4317400;12.9375;12;7;4;1;0;0;
EBT;UF;4317509;475.0313;19;0;10;7;0;2;
EBT;UF;4317608;12.7500;9;6;2;1;0;0;
EBT;UF;4317905;1.5000;2;1;1;0;0;0;
EBT;UF;4318002;2.5000;2;1;1;0;0;0;
EBT;UF;4318101;1.5000;3;2;1;0;0;0;
EBT;UF;4318200;1.7500;3;2;1;0;0;0;
EBT;UF;4318309;3.0000;4;2;2;0;0;0;
EBT;UF;4318507;0.2500;1;1;0;0;0;0;
EBT;UF;4318705;1360.3398;110;28;37;36;5;4;
EBT;UF;4318804;102.4375;6;3;2;0;0;1;
EBT;UF;4319000;10.0000;1;0;0;1;0;0;
EBT;UF;4319406;4.0000;6;3;3;0;0;0;
EBT;UF;4319505;24.0625;12;6;3;3;0;0;
EBT;UF;4319802;1.5000;3;2;1;0;0;0;
EBT;UF;4319901;98.5156;18;0;10;7;1;0;
EBT;UF;4320008;150.7188;46;16;17;12;1;0;
EBT;UF;4320107;128.8750;12;7;2;1;1;1;
EBT;UF;4320206;0.2500;1;1;0;0;0;0;
EBT;UF;4320404;4.5625;5;2;3;0;0;0;
EBT;UF;4320701;1.0000;1;0;1;0;0;0;
EBT;UF;4320800;2.0000;2;0;2;0;0;0;
EBT;UF;4320909;1.0000;1;0;1;0;0;0;
EBT;UF;4321204;223.5000;20;8;9;1;0;2;
EBT;UF;4321303;6.0000;3;0;3;0;0;0;
EBT;UF;4321451;1452.4531;25;12;5;1;2;5;
EBT;UF;4321501;17.2656;20;15;4;1;0;0;
EBT;UF;4321600;29.9531;23;16;5;2;0;0;
EBT;UF;4321709;2.7500;4;2;2;0;0;0;
EBT;UF;4321808;1.0000;1;0;1;0;0;0;
EBT;UF;4322004;32.0000;1;0;0;0;1;0;
EBT;UF;4322400;10764.4063;41;9;13;13;3;3;
EBT;UF;4322509;306.6172;46;3;24;18;0;1;
EBT;UF;4322608;75.7500;21;6;8;7;0;0;
EBT;UF;4322806;1.0000;1;0;1;0;0;0;
EBT;UF;4323002;127.8750;31;14;10;3;4;0;
EBT;UF;4323408;1.7500;3;2;1;0;0;0;
EBT;UF;4323804;3.0625;9;8;1;0;0;0;
EBT;UF;5000203;114.0000;17;0;5;11;1;0;
EBT;UF;5001003;3.0000;2;0;2;0;0;0;
EBT;UF;5001102;3.5000;3;1;2;0;0;0;
EBT;UF;5002209;4.0000;2;0;2;0;0;0;
EBT;UF;5002407;4.0000;2;0;2;0;0;0;
EBT;UF;5002704;19735.5469;628;112;246;199;37;34;
EBT;UF;5002902;0.5000;1;1;0;0;0;0;
EBT;UF;5002951;8.0000;4;0;4;0;0;0;
EBT;UF;5003207;124.0000;19;0;10;7;2;0;
EBT;UF;5003256;2.0000;1;0;1;0;0;0;
EBT;UF;5003306;45.0000;5;0;3;0;2;0;
EBT;UF;5003504;0.5000;1;1;0;0;0;0;
EBT;UF;5003702;1379.5625;79;11;33;26;4;5;
EBT;UF;5003751;1.0000;1;0;1;0;0;0;
EBT;UF;5003801;2.0000;1;0;1;0;0;0;
EBT;UF;5004007;2.0000;1;0;1;0;0;0;
EBT;UF;5004106;2.0000;1;0;1;0;0;0;
EBT;UF;5004502;30.2500;10;3;5;2;0;0;
EBT;UF;5004700;1.0000;1;0;1;0;0;0;
EBT;UF;5005004;2.0000;1;0;1;0;0;0;
EBT;UF;5005103;1.0000;1;0;1;0;0;0;
EBT;UF;5005202;4.0000;2;0;2;0;0;0;
EBT;UF;5005400;458.5000;17;1;5;5;3;3;
EBT;UF;5005608;2.0000;1;0;1;0;0;0;
EBT;UF;5005681;2.0000;1;0;1;0;0;0;
EBT;UF;5005707;8.0000;4;0;4;0;0;0;
EBT;UF;5006002;10.0000;6;2;3;1;0;0;
EBT;UF;5006200;2.0000;1;0;1;0;0;0;
EBT;UF;5006309;10.0000;4;0;3;1;0;0;
EBT;UF;5006358;0.5000;1;1;0;0;0;0;
EBT;UF;5006606;13.0000;8;0;8;0;0;0;
EBT;UF;5006903;2.0000;1;0;1;0;0;0;
EBT;UF;5007109;43.5000;7;1;1;4;1;0;
EBT;UF;5007208;8.0000;4;0;3;1;0;0;
EBT;UF;5007695;2.5000;2;1;1;0;0;0;
EBT;UF;5007703;1.0000;1;0;1;0;0;0;
EBT;UF;5007901;147.5000;13;1;4;4;4;0;
EBT;UF;5008008;2.0000;1;0;1;0;0;0;
EBT;UF;5008305;1724.5000;75;1;33;30;8;3;
EBT;UF;5100201;9.0000;5;0;5;0;0;0;
EBT;UF;5100250;15.5000;9;1;8;0;0;0;
EBT;UF;5100300;0.5000;1;1;0;0;0;0;
EBT;UF;5100409;2.0000;1;0;1;0;0;0;
EBT;UF;5100805;1.0000;1;0;1;0;0;0;
EBT;UF;5101704;2.0000;1;0;1;0;0;0;
EBT;UF;5101803;20.5000;12;1;11;0;0;0;
EBT;UF;5102504;265.0000;70;12;45;10;3;0;
EBT;UF;5102678;3.0000;2;0;2;0;0;0;
EBT;UF;5103056;1.0000;1;0;1;0;0;0;
EBT;UF;5103205;2.0000;1;0;1;0;0;0;
EBT;UF;5103403;33094.3047;1054;149;552;195;93;65;
EBT;UF;5103502;5.5000;4;1;3;0;0;0;
EBT;UF;5104104;0.5000;1;1;0;0;0;0;
EBT;UF;5104609;2.0000;1;0;1;0;0;0;
EBT;UF;5104807;2.0000;1;0;1;0;0;0;
EBT;UF;5105002;103.7500;11;2;4;3;1;1;
EBT;UF;5105101;2.0000;1;0;1;0;0;0;
EBT;UF;5105150;8.0000;4;0;4;0;0;0;
EBT;UF;5105259;2250.7930;197;38;94;42;12;11;
EBT;UF;5105580;0.5000;1;1;0;0;0;0;
EBT;UF;5105622;52.5000;20;3;14;3;0;0;
EBT;UF;5105903;0.5000;1;1;0;0;0;0;
EBT;UF;5106224;694.1875;103;18;56;20;6;3;
EBT;UF;5106257;2.0000;1;0;1;0;0;0;
EBT;UF;5106307;0.5000;1;1;0;0;0;0;
EBT;UF;5106372;2.0000;1;0;1;0;0;0;
EBT;UF;5106505;2.0000;1;0;1;0;0;0;
EBT;UF;5106752;542.3750;67;21;31;4;7;4;
EBT;UF;5107040;8.5625;7;2;5;0;0;0;
EBT;UF;5107065;0.5000;1;1;0;0;0;0;
EBT;UF;5107107;2.0000;1;0;1;0;0;0;
EBT;UF;5107180;0.5000;1;1;0;0;0;0;
EBT;UF;5107198;0.5625;2;2;0;0;0;0;
EBT;UF;5107602;2296.8633;274;27;166;55;13;13;
EBT;UF;5107800;1.0000;1;0;1;0;0;0;
EBT;UF;5107859;1.2500;2;1;1;0;0;0;
EBT;UF;5107875;2.0000;1;0;1;0;0;0;
EBT;UF;5107909;9885.5156;251;24;159;47;7;14;
EBT;UF;5107925;1665.9453;180;19;101;45;4;11;
EBT;UF;5107958;13.3750;12;6;6;0;0;0;
EBT;UF;5108105;0.5000;1;1;0;0;0;0;
EBT;UF;5108402;2524.6523;196;29;88;65;7;7;
EBT;UF;5108600;1.0000;1;0;1;0;0;0;
EBT;UF;5200050;2.0000;1;0;1;0;0;0;
EBT;UF;5200258;162.2969;29;6;18;3;1;1;
EBT;UF;5200308;11.7500;14;8;6;0;0;0;
EBT;UF;5200605;0.2500;1;1;0;0;0;0;
EBT;UF;5200803;3.2500;3;1;2;0;0;0;
EBT;UF;5201108;14830.1250;283;31;97;121;13;21;
EBT;UF;5201306;2.0000;1;0;1;0;0;0;
EBT;UF;5201405;4741.4375;229;43;138;37;1;10;
EBT;UF;5201702;1.0000;1;0;1;0;0;0;
EBT;UF;5202502;1.0000;1;0;1;0;0;0;
EBT;UF;5202601;0.2500;1;1;0;0;0;0;
EBT;UF;5203203;1.0000;1;0;1;0;0;0;
EBT;UF;5203302;2.0000;1;0;1;0;0;0;
EBT;UF;5203500;2.0000;1;0;1;0;0;0;
EBT;UF;5203906;4.0000;2;0;2;0;0;0;
EBT;UF;5204003;0.2500;1;1;0;0;0;0;
EBT;UF;5204102;0.5000;1;1;0;0;0;0;
EBT;UF;5204300;2.0000;1;0;1;0;0;0;
EBT;UF;5204508;41.0000;10;2;4;4;0;0;
EBT;UF;5204706;7.7500;6;2;4;0;0;0;
EBT;UF;5204805;0.7500;2;2;0;0;0;0;
EBT;UF;5204904;2.0000;1;0;1;0;0;0;
EBT;UF;5205109;591.3750;48;6;22;10;6;4;
EBT;UF;5205307;1.0000;1;0;1;0;0;0;
EBT;UF;5205406;6.0625;4;1;3;0;0;0;
EBT;UF;5205455;0.2500;1;1;0;0;0;0;
EBT;UF;5205471;0.5000;1;1;0;0;0;0;
EBT;UF;5205497;27.0000;6;2;3;0;1;0;
EBT;UF;5205513;1.7500;3;2;1;0;0;0;
EBT;UF;5205802;0.2500;1;1;0;0;0;0;
EBT;UF;5205901;2.5000;3;1;2;0;0;0;
EBT;UF;5206206;413.3125;24;4;6;8;3;3;
EBT;UF;5206800;0.2500;1;1;0;0;0;0;
EBT;UF;5207402;2.0000;1;0;1;0;0;0;
EBT;UF;5207501;1.0000;1;0;1;0;0;0;
EBT;UF;5207600;0.5000;1;1;0;0;0;0;
EBT;UF;5207808;0.2500;1;1;0;0;0;0;
EBT;UF;5208004;11.0000;6;0;6;0;0;0;
EBT;UF;5208103;0.2500;1;1;0;0;0;0;
EBT;UF;5208509;155.0000;1;0;0;0;0;1;
EBT;UF;5208608;3.0625;3;1;2;0;0;0;
EBT;UF;5208707;65926.6250;1021;130;574;174;45;98;
EBT;UF;5208806;9.0000;4;0;3;1;0;0;
EBT;UF;5208905;2.0000;1;0;1;0;0;0;
EBT;UF;5209101;11.0000;10;5;5;0;0;0;
EBT;UF;5209200;2.0000;1;0;1;0;0;0;
EBT;UF;5209705;2.0000;1;0;1;0;0;0;
EBT;UF;5209804;0.2500;1;1;0;0;0;0;
EBT;UF;5209937;2.0000;1;0;1;0;0;0;
EBT;UF;5210000;11.5000;7;1;6;0;0;0;
EBT;UF;5210208;6.0000;3;0;3;0;0;0;
EBT;UF;5210802;0.2500;1;1;0;0;0;0;
EBT;UF;5210901;1.0000;1;0;1;0;0;0;
EBT;UF;5211206;0.5000;1;1;0;0;0;0;
EBT;UF;5211503;144.0000;43;3;32;6;2;0;
EBT;UF;5211800;6.0000;5;2;3;0;0;0;
EBT;UF;5211909;132.0000;18;2;14;1;0;1;
EBT;UF;5212105;0.2500;1;1;0;0;0;0;
EBT;UF;5212204;2.0000;1;0;1;0;0;0;
EBT;UF;5212303;0.2500;1;1;0;0;0;0;
EBT;UF;5212501;131.3906;60;17;33;10;0;0;
EBT;UF;5212956;0.5000;1;1;0;0;0;0;
EBT;UF;5213004;2.2500;2;1;1;0;0;0;
EBT;UF;5213103;3.0000;3;2;1;0;0;0;
EBT;UF;5213509;0.2500;1;1;0;0;0;0;
EBT;UF;5213756;1.2500;2;1;1;0;0;0;
EBT;UF;5213806;511.9375;19;7;8;0;1;3;
EBT;UF;5213905;0.2500;1;1;0;0;0;0;
EBT;UF;5214002;0.2500;1;1;0;0;0;0;
EBT;UF;5214408;1.0000;1;0;1;0;0;0;
EBT;UF;5214507;2.0000;1;0;1;0;0;0;
EBT;UF;5214606;2.0000;1;0;1;0;0;0;
EBT;UF;5214838;1.5000;2;1;1;0;0;0;
EBT;UF;5215231;24.0625;15;7;7;1;0;0;
EBT;UF;5215306;1.2500;2;1;1;0;0;0;
EBT;UF;5215504;0.2500;1;1;0;0;0;0;
EBT;UF;5215603;1.4648;1;0;1;0;0;0;
EBT;UF;5215702;2.0000;1;0;1;0;0;0;
EBT;UF;5216304;0.2500;1;1;0;0;0;0;
EBT;UF;5216403;1.0000;2;2;0;0;0;0;
EBT;UF;5216809;1.0000;1;0;1;0;0;0;
EBT;UF;5217104;2.0000;1;0;1;0;0;0;
EBT;UF;5217203;0.2500;1;1;0;0;0;0;
EBT;UF;5217401;37.0000;3;0;2;0;1;0;
EBT;UF;5217609;7.5000;5;1;4;0;0;0;
EBT;UF;5218003;105.5000;8;1;3;1;2;1;
EBT;UF;5218508;2.0000;1;0;1;0;0;0;
EBT;UF;5218789;0.2500;1;1;0;0;0;0;
EBT;UF;5218805;9843.5000;114;11;54;27;6;16;
EBT;UF;5218904;2.0000;1;0;1;0;0;0;
EBT;UF;5219001;0.5000;1;1;0;0;0;0;
EBT;UF;5219100;0.2500;1;1;0;0;0;0;
EBT;UF;5219308;2.0000;1;0;1;0;0;0;
EBT;UF;5219605;2.0000;1;0;1;0;0;0;
EBT;UF;5219753;11.0000;8;2;6;0;0;0;
EBT;UF;5219902;0.2500;1;1;0;0;0;0;
EBT;UF;5220108;2.5000;2;1;1;0;0;0;
EBT;UF;5220405;2.0000;1;0;1;0;0;0;
EBT;UF;5220454;44.0000;20;2;17;1;0;0;
EBT;UF;5220603;2.0000;1;0;1;0;0;0;
EBT;UF;5221403;268.3125;22;6;10;3;1;2;
EBT;UF;5221601;179.0625;16;8;4;3;0;1;
EBT;UF;5221700;0.2500;1;1;0;0;0;0;
EBT;UF;5221809;4.2500;3;1;2;0;0;0;
EBT;UF;5221858;90.9219;41;14;20;6;1;0;
EBT;UF;5222005;2.0000;1;0;1;0;0;0;
EBT;UF;5300108;579845.254;4418;620;1759;1202;313;524;
TLB;UF;1302603;20.0000;1;0;0;0;1;0;
TLB;UF;3106200;0.2500;1;1;0;0;0;0;
TLB;UF;3304557;1.0000;1;0;1;0;0;0;
TLB;UF;3550308;10.0000;1;0;0;1;0;0;
TLB;UF;4205407;34.0000;1;0;0;0;1;0;
09;1345;
