01;CLA;IPL4;201410;
EBT;UF;1302603;10.0000;1;0;0;1;0;0;
EBT;UF;2111300;65.4766;15;13;0;1;0;1;
EBT;UF;2211001;251.3516;10;5;0;0;0;5;
EBT;UF;2403251;12.0000;2;0;1;1;0;0;
EBT;UF;2408102;205.6094;17;6;3;5;0;3;
EBT;UF;2507507;33.7813;6;0;3;3;0;0;
EBT;UF;2607901;4.5000;3;1;2;0;0;0;
EBT;UF;2609600;1.0000;1;0;1;0;0;0;
EBT;UF;2610707;3.0000;2;0;2;0;0;0;
EBT;UF;2611606;61.6602;4;1;1;1;0;1;
EBT;UF;2704302;33.6250;10;5;2;3;0;0;
EBT;UF;2927408;104.9609;17;13;2;0;0;2;
EBT;UF;3101607;2.0000;1;0;1;0;0;0;
EBT;UF;3106200;891.7421;278;57;206;3;0;12;
EBT;UF;3106309;4.0000;1;0;0;1;0;0;
EBT;UF;3106705;0.5000;1;1;0;0;0;0;
EBT;UF;3107406;2.0000;1;0;1;0;0;0;
EBT;UF;3113404;0.5000;1;1;0;0;0;0;
EBT;UF;3118601;1.2500;2;1;1;0;0;0;
EBT;UF;3121605;2.0000;1;0;1;0;0;0;
EBT;UF;3122306;0.5000;1;1;0;0;0;0;
EBT;UF;3124104;2.0000;1;0;1;0;0;0;
EBT;UF;3127701;1.4648;1;0;1;0;0;0;
EBT;UF;3131307;0.5000;1;1;0;0;0;0;
EBT;UF;3132404;0.2500;1;1;0;0;0;0;
EBT;UF;3136207;0.5000;1;1;0;0;0;0;
EBT;UF;3139409;0.5000;1;1;0;0;0;0;
EBT;UF;3139508;1.0000;1;0;1;0;0;0;
EBT;UF;3144805;50.3906;2;1;0;0;0;1;
EBT;UF;3147907;2.0000;1;0;1;0;0;0;
EBT;UF;3151800;4.0000;2;0;2;0;0;0;
EBT;UF;3152105;16.0000;4;0;3;1;0;0;
EBT;UF;3154606;0.5000;1;1;0;0;0;0;
EBT;UF;3156700;1.4648;1;0;1;0;0;0;
EBT;UF;3157807;1.0000;1;0;1;0;0;0;
EBT;UF;3158953;2.0000;1;0;1;0;0;0;
EBT;UF;3160702;4.0000;2;0;2;0;0;0;
EBT;UF;3162500;0.5000;1;1;0;0;0;0;
EBT;UF;3167202;2.0000;1;0;1;0;0;0;
EBT;UF;3168705;2.0000;1;0;1;0;0;0;
EBT;UF;3169307;0.5000;1;1;0;0;0;0;
EBT;UF;3169802;1.0000;1;0;1;0;0;0;
EBT;UF;3170107;1.0000;1;0;1;0;0;0;
EBT;UF;3170206;2.7500;3;2;1;0;0;0;
EBT;UF;3172004;0.0625;1;1;0;0;0;0;
EBT;UF;3202454;0.2500;1;1;0;0;0;0;
EBT;UF;3205002;12.5000;3;1;1;1;0;0;
EBT;UF;3205200;123.8906;29;6;18;3;1;1;
EBT;UF;3205309;367.5313;75;6;43;21;3;2;
EBT;UF;3300100;6.0000;3;0;3;0;0;0;
EBT;UF;3300308;0.3125;2;2;0;0;0;0;
EBT;UF;3300407;2.5000;2;1;1;0;0;0;
EBT;UF;3300456;6.0898;7;3;4;0;0;0;
EBT;UF;3301702;67.0000;8;0;5;2;0;1;
EBT;UF;3301900;2.0000;1;0;1;0;0;0;
EBT;UF;3302858;54.3125;11;9;1;0;0;1;
EBT;UF;3303203;5.5010;8;6;2;0;0;0;
EBT;UF;3303401;2.0000;1;0;1;0;0;0;
EBT;UF;3303500;20.4189;16;4;12;0;0;0;
EBT;UF;3303708;1.0000;1;0;1;0;0;0;
EBT;UF;3304201;1.0000;1;0;1;0;0;0;
EBT;UF;3304557;1472.5781;616;96;328;189;0;3;
EBT;UF;3305109;2.0000;1;0;1;0;0;0;
EBT;UF;3305802;0.2500;1;1;0;0;0;0;
EBT;UF;3306206;0.2500;1;1;0;0;0;0;
EBT;UF;3306305;4.0000;2;0;2;0;0;0;
EBT;UF;3501608;342.6484;26;13;9;2;0;2;
EBT;UF;3502507;9.7148;11;5;6;0;0;0;
EBT;UF;3502804;26.4648;7;0;5;2;0;0;
EBT;UF;3503208;24.5273;21;14;6;1;0;0;
EBT;UF;3503307;5.3125;10;7;3;0;0;0;
EBT;UF;3504107;27.7813;21;11;9;1;0;0;
EBT;UF;3505708;449.8281;109;57;48;1;0;3;
EBT;UF;3506003;81.7383;32;12;19;0;0;1;
EBT;UF;3506607;4.0000;2;0;2;0;0;0;
EBT;UF;3507605;24.6875;19;10;8;1;0;0;
EBT;UF;3508504;6.7031;8;3;5;0;0;0;
EBT;UF;3508603;10.0000;1;0;0;1;0;0;
EBT;UF;3509007;2.0000;1;0;1;0;0;0;
EBT;UF;3509205;12.7500;12;6;6;0;0;0;
EBT;UF;3509502;91.2773;80;27;52;1;0;0;
EBT;UF;3510401;1.7500;4;3;1;0;0;0;
EBT;UF;3510609;26.7148;20;10;9;1;0;0;
EBT;UF;3513009;35.4531;27;8;19;0;0;0;
EBT;UF;3513405;9.4648;8;3;5;0;0;0;
EBT;UF;3513504;1.5625;3;2;1;0;0;0;
EBT;UF;3513801;15.8594;15;4;11;0;0;0;
EBT;UF;3514908;1.2500;2;1;1;0;0;0;
EBT;UF;3515004;18.0313;15;6;9;0;0;0;
EBT;UF;3515707;5.7500;5;2;3;0;0;0;
EBT;UF;3516309;0.5000;1;1;0;0;0;0;
EBT;UF;3516408;0.5000;2;2;0;0;0;0;
EBT;UF;3518305;4.0000;2;0;2;0;0;0;
EBT;UF;3518404;7.7148;11;7;4;0;0;0;
EBT;UF;3518701;138.9883;20;13;6;0;0;1;
EBT;UF;3518800;41.4219;42;20;22;0;0;0;
EBT;UF;3520509;14.5000;5;1;3;1;0;0;
EBT;UF;3522208;8.9648;9;4;5;0;0;0;
EBT;UF;3522307;42.6719;23;7;14;2;0;0;
EBT;UF;3522505;26.0586;17;3;14;0;0;0;
EBT;UF;3524402;3.4375;5;3;2;0;0;0;
EBT;UF;3525003;1.6250;5;5;0;0;0;0;
EBT;UF;3525300;27.0000;8;2;4;2;0;0;
EBT;UF;3525904;22.2734;26;14;12;0;0;0;
EBT;UF;3526902;9.4258;10;3;7;0;0;0;
EBT;UF;3527207;5.2773;6;3;3;0;0;0;
EBT;UF;3528502;0.5000;1;1;0;0;0;0;
EBT;UF;3529005;10.0000;1;0;0;1;0;0;
EBT;UF;3529401;11.3750;15;7;8;0;0;0;
EBT;UF;3530607;21.5547;20;9;11;0;0;0;
EBT;UF;3530706;7.0273;8;3;5;0;0;0;
EBT;UF;3530805;8.4648;9;4;5;0;0;0;
EBT;UF;3531803;1.2500;2;1;1;0;0;0;
EBT;UF;3533403;0.5000;1;1;0;0;0;0;
EBT;UF;3534401;81.2930;71;34;35;2;0;0;
EBT;UF;3538006;26.2500;7;1;4;2;0;0;
EBT;UF;3538709;45.9609;18;5;10;3;0;0;
EBT;UF;3539806;2.2500;2;1;1;0;0;0;
EBT;UF;3540606;2.0000;2;0;2;0;0;0;
EBT;UF;3541000;4.5898;9;7;2;0;0;0;
EBT;UF;3543303;3.0000;2;0;2;0;0;0;
EBT;UF;3543402;344.4121;85;22;58;0;0;5;
EBT;UF;3543907;8.0273;9;5;4;0;0;0;
EBT;UF;3544103;0.2500;1;1;0;0;0;0;
EBT;UF;3545001;8.0000;4;0;4;0;0;0;
EBT;UF;3545209;3.9961;5;2;3;0;0;0;
EBT;UF;3545803;15.4609;17;8;9;0;0;0;
EBT;UF;3546801;1.0000;1;0;1;0;0;0;
EBT;UF;3547304;10.8125;10;5;5;0;0;0;
EBT;UF;3547809;39.1680;45;23;22;0;0;0;
EBT;UF;3548500;89.8086;53;28;24;0;0;1;
EBT;UF;3548708;47.4219;57;33;24;0;0;0;
EBT;UF;3548807;21.6367;24;10;14;0;0;0;
EBT;UF;3548906;122.7578;22;13;6;1;0;2;
EBT;UF;3549805;78.2383;43;9;31;3;0;0;
EBT;UF;3549904;48.4297;49;19;30;0;0;0;
EBT;UF;3550308;1269.1122;1081;438;634;4;1;4;
EBT;UF;3551009;137.4922;15;8;6;0;0;1;
EBT;UF;3551702;5.0898;6;1;5;0;0;0;
EBT;UF;3552205;34.1074;23;7;15;1;0;0;
EBT;UF;3552403;2.7148;4;3;1;0;0;0;
EBT;UF;3552502;3.0000;5;4;1;0;0;0;
EBT;UF;3552809;22.2148;18;5;13;0;0;0;
EBT;UF;3554003;0.2500;1;1;0;0;0;0;
EBT;UF;3554102;539.7461;10;1;6;2;0;1;
EBT;UF;3556206;3.9297;3;0;3;0;0;0;
EBT;UF;3556453;1.9648;2;1;1;0;0;0;
EBT;UF;4106902;298.3633;181;110;67;0;1;3;
EBT;UF;4113700;33.6016;24;3;21;0;0;0;
EBT;UF;4115200;125.6523;26;10;14;0;0;2;
EBT;UF;4119905;8.7148;11;7;4;0;0;0;
EBT;UF;4202404;24.9375;21;12;8;1;0;0;
EBT;UF;4205407;5.2188;18;15;3;0;0;0;
EBT;UF;4305108;19.2148;15;4;11;0;0;0;
EBT;UF;4314100;2.7500;3;2;1;0;0;0;
EBT;UF;4314407;1.0000;1;0;1;0;0;0;
EBT;UF;4314902;591.7695;81;50;29;0;1;1;
EBT;UF;4316907;3.0000;4;2;2;0;0;0;
EBT;UF;4322400;2.5000;2;1;1;0;0;0;
EBT;UF;5002704;80.0000;8;0;0;8;0;0;
EBT;UF;5103403;118.0078;42;18;20;3;0;1;
EBT;UF;5108402;31.2500;16;7;7;2;0;0;
EBT;UF;5208707;0.3906;1;1;0;0;0;0;
EBT;UF;5300108;25.9375;50;37;13;0;0;0;
09;164;
