01;CLA;IPL4;201212;
EBT;UF;1100023;215.0625;26;1;2;16;7;0;
EBT;UF;1100049;335.0000;67;4;10;38;14;1;
EBT;UF;1100106;4.0000;2;0;0;2;0;0;
EBT;UF;1100114;16.0000;8;0;0;8;0;0;
EBT;UF;1100122;819.6875;95;1;11;64;16;3;
EBT;UF;1100155;12.0000;6;0;0;6;0;0;
EBT;UF;1100189;130.1875;46;1;9;30;6;0;
EBT;UF;1100205;8949.2500;423;12;68;271;51;21;
EBT;UF;1100304;555.9375;82;1;13;55;11;2;
EBT;UF;1100924;2.0000;1;0;0;1;0;0;
EBT;UF;1200252;0.5625;4;1;3;0;0;0;
EBT;UF;1200401;3516.9375;215;11;30;138;29;7;
EBT;UF;1200450;4.0000;2;0;0;2;0;0;
EBT;UF;1301704;0.2500;1;0;1;0;0;0;
EBT;UF;1302603;6517.6875;541;7;67;379;72;16;
EBT;UF;1303403;2.2500;2;0;1;1;0;0;
EBT;UF;1400100;215.2500;51;0;3;32;16;0;
EBT;UF;1500800;7624.5000;94;0;5;61;22;6;
EBT;UF;1501303;22.0000;3;0;0;1;2;0;
EBT;UF;1501402;25243.3750;497;4;17;232;188;56;
EBT;UF;1501501;5.2500;6;0;4;2;0;0;
EBT;UF;1502202;108.0000;8;0;0;1;7;0;
EBT;UF;1502400;93.0000;25;0;3;17;5;0;
EBT;UF;1503606;6.0000;3;0;0;3;0;0;
EBT;UF;1504208;158.1250;54;0;19;28;7;0;
EBT;UF;1504422;111.6875;37;1;5;21;10;0;
EBT;UF;1505304;1.0000;1;0;0;1;0;0;
EBT;UF;1505502;78.0000;12;0;0;8;4;0;
EBT;UF;1506807;120.9375;21;1;8;8;2;2;
EBT;UF;1600303;130.0000;36;0;7;25;4;0;
EBT;UF;1700350;4.0000;3;0;0;3;0;0;
EBT;UF;1700707;5.2500;4;0;1;3;0;0;
EBT;UF;1702109;304.1250;60;4;8;30;18;0;
EBT;UF;1705508;208.0000;6;0;0;4;0;2;
EBT;UF;1709302;38.6875;7;1;3;2;1;0;
EBT;UF;1709500;170.3750;16;2;2;5;6;1;
EBT;UF;1713205;8.5625;8;1;2;5;0;0;
EBT;UF;1713304;3.0000;2;0;0;2;0;0;
EBT;UF;1714880;5.3125;5;1;1;3;0;0;
EBT;UF;1716109;11.0000;3;0;2;0;1;0;
EBT;UF;1718204;101.7500;16;0;4;6;6;0;
EBT;UF;1718402;4.0000;1;0;0;0;1;0;
EBT;UF;1721000;1143.3750;148;18;25;72;32;1;
EBT;UF;1722081;4.0000;1;0;0;0;1;0;
EBT;UF;2100055;0.2500;1;0;1;0;0;0;
EBT;UF;2100204;32.0000;1;0;0;0;1;0;
EBT;UF;2101202;90.0000;3;0;0;0;3;0;
EBT;UF;2101608;0.3750;2;0;2;0;0;0;
EBT;UF;2101707;2.0000;1;0;0;1;0;0;
EBT;UF;2103000;334.0000;8;0;0;4;2;2;
EBT;UF;2103307;155.0000;1;0;0;0;0;1;
EBT;UF;2103604;0.5000;1;0;1;0;0;0;
EBT;UF;2105302;227.5000;9;0;3;3;2;1;
EBT;UF;2105427;10.0000;2;0;0;1;1;0;
EBT;UF;2109106;0.5000;1;0;1;0;0;0;
EBT;UF;2109908;33.0000;3;0;2;0;1;0;
EBT;UF;2111201;4.7500;3;0;2;0;1;0;
EBT;UF;2111300;1970.5000;105;0;15;27;59;4;
EBT;UF;2112902;0.3750;2;0;2;0;0;0;
EBT;UF;2202703;32.0000;1;0;0;0;1;0;
EBT;UF;2207702;72.0000;4;0;0;0;4;0;
EBT;UF;2208403;16.0000;1;0;0;0;1;0;
EBT;UF;2211001;2355.0625;152;1;3;46;99;3;
EBT;UF;2300309;6.0000;1;0;0;0;1;0;
EBT;UF;2301000;3.0000;3;0;0;3;0;0;
EBT;UF;2301109;32.0000;3;0;0;0;3;0;
EBT;UF;2301901;28.6250;7;0;3;0;4;0;
EBT;UF;2302503;20.0000;2;0;0;0;2;0;
EBT;UF;2303709;7.0000;4;0;0;4;0;0;
EBT;UF;2303808;10.0000;1;0;0;0;1;0;
EBT;UF;2304103;0.2500;1;0;1;0;0;0;
EBT;UF;2304202;35.0000;2;0;0;1;1;0;
EBT;UF;2304285;147.5000;13;0;1;6;5;1;
EBT;UF;2304400;6798.3125;138;1;10;40;61;26;
EBT;UF;2305233;56.0625;6;1;0;2;3;0;
EBT;UF;2305506;32.0000;2;0;0;0;2;0;
EBT;UF;2306405;54.0000;3;0;0;0;3;0;
EBT;UF;2307304;51.0000;5;0;0;2;3;0;
EBT;UF;2307601;70.0000;4;0;0;0;4;0;
EBT;UF;2307650;20.0000;10;0;0;9;1;0;
EBT;UF;2308104;8.0000;1;0;0;0;1;0;
EBT;UF;2308302;16.0000;1;0;0;0;1;0;
EBT;UF;2309607;90.0000;2;0;0;0;1;1;
EBT;UF;2310704;1.0000;1;0;0;1;0;0;
EBT;UF;2311306;48.0000;3;0;0;0;3;0;
EBT;UF;2311801;2.3750;5;0;4;1;0;0;
EBT;UF;2312403;1.0000;1;0;0;1;0;0;
EBT;UF;2312908;296.6250;16;2;1;1;10;2;
EBT;UF;2313302;0.6875;3;1;2;0;0;0;
EBT;UF;2313401;126.0000;4;0;0;0;3;1;
EBT;UF;2400109;54.0000;3;0;0;0;3;0;
EBT;UF;2400802;20.5000;3;0;1;0;2;0;
EBT;UF;2403251;271.7500;28;0;2;16;9;1;
EBT;UF;2407104;23.0000;8;0;0;7;1;0;
EBT;UF;2407401;26.0000;2;0;0;0;2;0;
EBT;UF;2408003;583.5625;28;1;4;13;7;3;
EBT;UF;2408102;3321.5000;89;4;9;19;46;11;
EBT;UF;2409332;4.0000;1;0;0;0;1;0;
EBT;UF;2412005;4.0000;2;0;0;2;0;0;
EBT;UF;2501807;24.0000;2;0;0;0;2;0;
EBT;UF;2503209;192.2500;17;0;1;8;7;1;
EBT;UF;2504009;771.0000;36;0;3;6;24;3;
EBT;UF;2506301;42.0000;2;0;0;0;2;0;
EBT;UF;2506905;48.0000;2;0;0;0;2;0;
EBT;UF;2507507;3554.5625;110;3;2;36;62;7;
EBT;UF;2510808;197.0000;3;0;0;0;2;1;
EBT;UF;2516201;2.0000;1;0;0;1;0;0;
EBT;UF;2600054;177.3750;16;0;5;9;1;1;
EBT;UF;2600104;22.0000;1;0;0;0;1;0;
EBT;UF;2601201;26.0000;2;0;0;0;2;0;
EBT;UF;2601706;120.0000;4;0;0;0;4;0;
EBT;UF;2601904;22.0000;1;0;0;0;1;0;
EBT;UF;2602902;362.2500;13;0;4;5;2;2;
EBT;UF;2603454;1.0000;1;0;0;1;0;0;
EBT;UF;2604007;1.0000;1;0;0;1;0;0;
EBT;UF;2604106;137.3125;19;1;1;10;7;0;
EBT;UF;2605103;22.0000;1;0;0;0;1;0;
EBT;UF;2606002;20.0000;2;0;0;0;2;0;
EBT;UF;2606408;127.1250;3;0;1;1;0;1;
EBT;UF;2606804;1.0000;1;0;0;1;0;0;
EBT;UF;2607208;16.0000;4;0;0;3;1;0;
EBT;UF;2607901;273.2500;21;0;5;9;6;1;
EBT;UF;2609600;158.2500;23;0;4;12;7;0;
EBT;UF;2610707;255.3750;38;0;5;28;4;1;
EBT;UF;2610905;34.0000;1;0;0;0;1;0;
EBT;UF;2611606;11524.0625;258;5;12;97;104;40;
EBT;UF;2612208;10.0000;1;0;0;0;1;0;
EBT;UF;2613909;54.3750;20;0;15;2;3;0;
EBT;UF;2700300;217.0625;20;1;0;9;9;1;
EBT;UF;2704302;2194.1250;141;0;25;40;67;9;
EBT;UF;2704708;2.0000;1;0;0;1;0;0;
EBT;UF;2706307;2.0000;1;0;0;1;0;0;
EBT;UF;2707701;717.5000;8;0;1;4;0;3;
EBT;UF;2800308;2722.1875;181;11;20;77;63;10;
EBT;UF;2800670;0.5000;3;0;3;0;0;0;
EBT;UF;2802106;10.0000;1;0;0;0;1;0;
EBT;UF;2804805;402.6250;46;0;5;27;12;2;
EBT;UF;2805703;34.0000;1;0;0;0;1;0;
EBT;UF;2806701;72.5625;13;1;2;6;4;0;
EBT;UF;2900702;98.0000;11;0;0;4;7;0;
EBT;UF;2903201;4.0000;1;0;0;0;1;0;
EBT;UF;2904605;47.0000;4;0;0;2;1;1;
EBT;UF;2904704;2.0000;1;0;0;1;0;0;
EBT;UF;2905602;130.0000;5;0;0;2;2;1;
EBT;UF;2905701;313.8750;51;0;3;32;15;1;
EBT;UF;2906501;729.0000;14;0;0;4;6;4;
EBT;UF;2906709;2.0000;1;0;0;1;0;0;
EBT;UF;2909802;38.0000;3;0;0;0;3;0;
EBT;UF;2910727;332.8125;20;1;2;11;4;2;
EBT;UF;2910800;2497.1875;106;1;11;45;39;10;
EBT;UF;2912103;4.0000;1;0;0;0;1;0;
EBT;UF;2913606;334.0000;38;0;0;19;18;1;
EBT;UF;2914653;12.0000;2;0;0;1;1;0;
EBT;UF;2914802;1167.3750;47;0;7;23;14;3;
EBT;UF;2914901;106.0000;3;0;0;0;2;1;
EBT;UF;2915304;2.0000;1;0;0;1;0;0;
EBT;UF;2915601;4.0000;2;0;0;2;0;0;
EBT;UF;2915809;12.0000;2;0;0;1;1;0;
EBT;UF;2916302;2.0000;1;0;0;1;0;0;
EBT;UF;2916401;152.0000;5;0;0;1;3;1;
EBT;UF;2917102;2.0000;1;0;0;1;0;0;
EBT;UF;2917508;100.0000;1;0;0;0;0;1;
EBT;UF;2918001;51.7500;16;0;3;9;4;0;
EBT;UF;2918407;4.0000;2;0;0;2;0;0;
EBT;UF;2919207;636.0000;37;0;0;20;14;3;
EBT;UF;2920601;18.0000;2;0;0;0;2;0;
EBT;UF;2921005;20.2500;3;0;1;0;2;0;
EBT;UF;2921302;10.0000;2;0;0;0;2;0;
EBT;UF;2924009;45.1250;7;0;1;3;3;0;
EBT;UF;2925006;4.0000;2;0;0;2;0;0;
EBT;UF;2925105;10.0000;1;0;0;0;1;0;
EBT;UF;2925303;376.0000;17;0;0;8;7;2;
EBT;UF;2927408;28588.0000;623;6;88;234;244;51;
EBT;UF;2928703;166.0000;4;0;0;1;2;1;
EBT;UF;2929206;0.0625;1;1;0;0;0;0;
EBT;UF;2930105;36.5000;5;0;1;2;2;0;
EBT;UF;2930709;96.0000;25;0;2;15;8;0;
EBT;UF;2931350;1960.0625;23;1;3;10;4;5;
EBT;UF;2932507;32.0000;1;0;0;0;1;0;
EBT;UF;2932903;2.0000;6;0;6;0;0;0;
EBT;UF;2933307;721.3125;43;1;4;20;15;3;
EBT;UF;3100302;2.0000;1;0;0;1;0;0;
EBT;UF;3101508;256.0000;8;0;0;0;8;0;
EBT;UF;3101607;29.8125;25;1;9;14;1;0;
EBT;UF;3101904;2.0000;1;0;0;1;0;0;
EBT;UF;3103504;9.8750;8;0;3;5;0;0;
EBT;UF;3104007;24.0000;20;0;8;12;0;0;
EBT;UF;3104205;12.0000;6;0;0;6;0;0;
EBT;UF;3104908;4.0000;2;0;0;2;0;0;
EBT;UF;3105608;227.5000;15;0;1;5;9;0;
EBT;UF;3106200;57942.5000;1246;31;241;583;294;97;
EBT;UF;3106309;42.0625;4;1;0;1;2;0;
EBT;UF;3106705;1863.2500;170;4;47;86;29;4;
EBT;UF;3107109;2.0000;1;0;0;1;0;0;
EBT;UF;3108404;2.0000;1;0;0;1;0;0;
EBT;UF;3108909;2.2500;2;0;1;1;0;0;
EBT;UF;3109501;2.0000;1;0;0;1;0;0;
EBT;UF;3109709;2.0000;1;0;0;1;0;0;
EBT;UF;3110509;5.0000;3;0;0;3;0;0;
EBT;UF;3110608;158.0000;3;0;0;2;0;1;
EBT;UF;3110707;4.0000;2;0;0;2;0;0;
EBT;UF;3111606;2.0000;1;0;0;1;0;0;
EBT;UF;3113206;64.0000;2;0;0;0;2;0;
EBT;UF;3113404;54.0000;4;0;0;1;3;0;
EBT;UF;3114303;2.0000;1;0;0;1;0;0;
EBT;UF;3114501;2.0000;1;0;0;1;0;0;
EBT;UF;3115300;400.0000;7;0;0;0;5;2;
EBT;UF;3115508;8.1250;5;0;1;4;0;0;
EBT;UF;3118007;6.3125;5;1;1;3;0;0;
EBT;UF;3118304;43.3750;12;2;3;6;1;0;
EBT;UF;3118601;2557.9375;271;7;43;145;68;8;
EBT;UF;3119401;33.5000;3;0;1;1;1;0;
EBT;UF;3120904;28.0000;14;0;0;14;0;0;
EBT;UF;3122306;894.0000;35;0;7;17;6;5;
EBT;UF;3123601;2.0000;1;0;0;1;0;0;
EBT;UF;3123908;2.0000;1;0;0;1;0;0;
EBT;UF;3125101;8.5000;5;0;1;4;0;0;
EBT;UF;3126109;4.0000;2;0;0;2;0;0;
EBT;UF;3127008;2.0000;1;0;0;1;0;0;
EBT;UF;3127701;1660.8125;47;3;2;25;10;7;
EBT;UF;3128709;8.0000;1;0;0;0;1;0;
EBT;UF;3129509;2.0000;1;0;0;1;0;0;
EBT;UF;3129806;42.5000;7;0;1;5;1;0;
EBT;UF;3130101;2.0000;1;0;0;1;0;0;
EBT;UF;3131307;532.5000;58;2;14;25;16;1;
EBT;UF;3131703;381.5000;32;2;13;13;2;2;
EBT;UF;3132206;4.0000;2;0;0;2;0;0;
EBT;UF;3132404;385.3750;57;4;16;27;9;1;
EBT;UF;3133006;6.0000;3;0;0;3;0;0;
EBT;UF;3133808;97.8750;19;0;3;10;6;0;
EBT;UF;3134202;19.5000;11;0;1;10;0;0;
EBT;UF;3135209;2.0000;1;0;0;1;0;0;
EBT;UF;3135407;4.1250;3;0;1;2;0;0;
EBT;UF;3135506;2.0000;1;0;0;1;0;0;
EBT;UF;3136207;15.4375;13;1;4;8;0;0;
EBT;UF;3136306;8.0000;4;0;0;4;0;0;
EBT;UF;3136702;4297.8750;93;2;9;36;30;16;
EBT;UF;3137205;94.0000;8;0;0;4;4;0;
EBT;UF;3137601;52.2500;15;2;3;8;2;0;
EBT;UF;3138203;305.0000;43;2;12;21;6;2;
EBT;UF;3138401;189.0000;3;0;0;1;1;1;
EBT;UF;3138609;98.0000;4;0;0;1;3;0;
EBT;UF;3138807;2.0000;1;0;0;1;0;0;
EBT;UF;3139003;32.0000;1;0;0;0;1;0;
EBT;UF;3140001;64.0000;2;0;0;0;2;0;
EBT;UF;3140803;48.0000;6;0;0;4;2;0;
EBT;UF;3141405;38.0000;4;0;0;3;1;0;
EBT;UF;3143302;2235.4375;86;3;6;28;41;8;
EBT;UF;3143906;342.0000;4;0;0;0;2;2;
EBT;UF;3144805;714.5625;53;1;4;29;17;2;
EBT;UF;3145208;2.0000;1;0;0;1;0;0;
EBT;UF;3145604;6.2500;4;0;1;3;0;0;
EBT;UF;3146107;6.5625;5;1;1;3;0;0;
EBT;UF;3146305;4.0000;2;0;0;2;0;0;
EBT;UF;3147006;26.2500;5;0;1;3;1;0;
EBT;UF;3147105;13.0625;8;1;0;7;0;0;
EBT;UF;3147402;134.0000;2;0;0;0;1;1;
EBT;UF;3147600;2.0000;1;0;0;1;0;0;
EBT;UF;3147907;156.7500;21;2;5;9;4;1;
EBT;UF;3148004;2.1250;3;2;0;1;0;0;
EBT;UF;3148103;2.0000;1;0;0;1;0;0;
EBT;UF;3149101;2.0000;1;0;0;1;0;0;
EBT;UF;3149309;66.1250;22;0;9;10;3;0;
EBT;UF;3149903;259.0000;4;0;0;2;0;2;
EBT;UF;3151404;4.0000;2;0;0;2;0;0;
EBT;UF;3151800;76.8125;48;3;12;31;2;0;
EBT;UF;3152105;10.0000;1;0;0;0;1;0;
EBT;UF;3152501;134.5000;43;2;14;19;8;0;
EBT;UF;3154101;32.0000;1;0;0;0;1;0;
EBT;UF;3154200;32.0000;1;0;0;0;1;0;
EBT;UF;3154606;107.1875;36;3;10;21;2;0;
EBT;UF;3155504;2.0000;1;0;0;1;0;0;
EBT;UF;3156700;11.7500;8;0;2;6;0;0;
EBT;UF;3157807;159.3750;39;2;12;19;6;0;
EBT;UF;3160702;12.0000;2;0;0;1;1;0;
EBT;UF;3162104;16.0000;4;0;0;3;1;0;
EBT;UF;3162401;2.0000;1;0;0;1;0;0;
EBT;UF;3162500;365.4375;46;1;15;20;9;1;
EBT;UF;3162708;2.0000;1;0;0;1;0;0;
EBT;UF;3162955;0.2500;1;0;1;0;0;0;
EBT;UF;3163706;54.0000;8;0;3;3;2;0;
EBT;UF;3164704;41.3750;34;2;11;21;0;0;
EBT;UF;3166907;8.0000;1;0;0;0;1;0;
EBT;UF;3167202;175.9375;42;1;3;31;7;0;
EBT;UF;3168606;308.5000;20;0;4;6;10;0;
EBT;UF;3168705;392.0625;27;1;3;7;16;0;
EBT;UF;3169307;164.7500;40;2;18;15;5;0;
EBT;UF;3169356;2.0000;1;0;0;1;0;0;
EBT;UF;3169901;142.0000;3;0;0;0;2;1;
EBT;UF;3170107;159.4375;59;1;16;38;4;0;
EBT;UF;3170206;3961.5000;212;10;60;85;37;20;
EBT;UF;3170404;48.5000;26;0;1;25;0;0;
EBT;UF;3170701;2303.1875;51;1;7;22;10;11;
EBT;UF;3170800;96.0000;3;0;0;0;3;0;
EBT;UF;3171204;38.2500;24;0;4;20;0;0;
EBT;UF;3171303;49.0000;6;0;0;4;2;0;
EBT;UF;3172004;160.0000;5;0;0;0;5;0;
EBT;UF;3200201;14.0000;2;0;0;1;1;0;
EBT;UF;3200409;34.0000;1;0;0;0;1;0;
EBT;UF;3200607;7.0000;4;0;0;4;0;0;
EBT;UF;3200805;78.0000;5;0;0;1;4;0;
EBT;UF;3200904;16.0000;3;0;0;1;2;0;
EBT;UF;3201209;153.5000;20;0;2;13;5;0;
EBT;UF;3201308;280.7500;44;4;1;25;13;1;
EBT;UF;3201506;417.4375;34;1;4;24;4;1;
EBT;UF;3201902;4.3125;6;1;3;2;0;0;
EBT;UF;3202108;2.0000;1;0;0;1;0;0;
EBT;UF;3202306;3.1875;6;1;4;1;0;0;
EBT;UF;3202405;295.0000;8;0;2;3;1;2;
EBT;UF;3202504;172.3750;8;2;1;2;2;1;
EBT;UF;3202801;1.0000;6;4;2;0;0;0;
EBT;UF;3202900;36.0000;2;0;0;1;1;0;
EBT;UF;3203205;284.8750;16;2;2;5;5;2;
EBT;UF;3203320;1.6250;4;2;1;1;0;0;
EBT;UF;3203346;20.0000;2;0;0;0;2;0;
EBT;UF;3203502;10.0000;1;0;0;0;1;0;
EBT;UF;3203700;8.0000;4;0;0;4;0;0;
EBT;UF;3203908;2.0000;1;0;0;1;0;0;
EBT;UF;3204054;2.0000;1;0;0;1;0;0;
EBT;UF;3204104;96.0000;3;0;0;1;1;1;
EBT;UF;3204203;128.1250;3;2;0;0;0;1;
EBT;UF;3204351;4.0000;2;0;0;2;0;0;
EBT;UF;3204401;30.0000;2;0;0;0;2;0;
EBT;UF;3204609;80.0000;5;0;0;2;3;0;
EBT;UF;3204708;100.0000;1;0;0;0;0;1;
EBT;UF;3204906;463.5000;13;0;2;4;5;2;
EBT;UF;3205002;1731.8125;123;3;15;48;50;7;
EBT;UF;3205069;9.1875;11;1;6;4;0;0;
EBT;UF;3205101;49.0625;13;1;0;8;4;0;
EBT;UF;3205200;1976.0000;65;0;9;25;27;4;
EBT;UF;3205309;43911.5625;146;3;17;20;66;40;
EBT;UF;3300100;114.5000;14;0;2;6;6;0;
EBT;UF;3300209;10.0000;3;0;0;1;2;0;
EBT;UF;3300258;2.0000;1;0;0;1;0;0;
EBT;UF;3300308;12.2500;3;0;1;1;1;0;
EBT;UF;3300407;34.2500;9;0;1;6;2;0;
EBT;UF;3300456;39.6250;20;0;4;15;1;0;
EBT;UF;3300704;16.0000;5;0;0;4;1;0;
EBT;UF;3300803;4.0000;2;0;0;2;0;0;
EBT;UF;3301009;172.1250;30;0;10;13;7;0;
EBT;UF;3301108;2.0000;1;0;0;1;0;0;
EBT;UF;3301306;2.2500;2;0;1;1;0;0;
EBT;UF;3301702;3242.8125;67;1;10;33;9;14;
EBT;UF;3301900;2578.0000;6;0;0;3;2;1;
EBT;UF;3302007;5.5000;4;0;1;3;0;0;
EBT;UF;3302205;4.5000;3;0;1;2;0;0;
EBT;UF;3302254;151.0000;13;0;0;7;5;1;
EBT;UF;3302403;1975.3125;173;1;7;70;89;6;
EBT;UF;3302502;4.0000;2;0;0;2;0;0;
EBT;UF;3302700;2.0000;1;0;0;1;0;0;
EBT;UF;3302858;47.6250;7;0;2;4;0;1;
EBT;UF;3303203;11.5000;10;0;4;6;0;0;
EBT;UF;3303302;3289.6250;165;0;6;128;23;8;
EBT;UF;3303401;10.0000;1;0;0;0;1;0;
EBT;UF;3303500;223.8281;34;1;5;23;4;1;
EBT;UF;3303609;1.0000;1;0;0;1;0;0;
EBT;UF;3303807;2.0000;1;0;0;1;0;0;
EBT;UF;3303906;733.1250;48;0;6;33;7;2;
EBT;UF;3304003;1.5000;2;0;1;1;0;0;
EBT;UF;3304110;1015.8750;31;0;6;10;7;8;
EBT;UF;3304144;6.0000;3;0;0;3;0;0;
EBT;UF;3304201;426.2500;27;0;1;15;9;2;
EBT;UF;3304300;1.0000;1;0;0;1;0;0;
EBT;UF;3304524;179.2500;34;0;5;17;12;0;
EBT;UF;3304557;277234.516;4268;11;208;2425;1176;448;
EBT;UF;3304706;1.0000;1;0;0;1;0;0;
EBT;UF;3304904;171.0000;67;0;12;46;9;0;
EBT;UF;3305000;34.2500;11;0;1;9;1;0;
EBT;UF;3305109;116.5625;35;1;1;26;7;0;
EBT;UF;3305208;5.0000;4;0;2;2;0;0;
EBT;UF;3305554;344.0000;3;0;0;0;1;2;
EBT;UF;3305802;47.3750;10;0;2;7;1;0;
EBT;UF;3306008;130.0000;17;0;0;8;9;0;
EBT;UF;3306305;638.5000;30;0;1;14;12;3;
EBT;UF;3501004;0.2500;1;0;1;0;0;0;
EBT;UF;3501152;2.0000;1;0;0;1;0;0;
EBT;UF;3501608;2877.0000;106;0;21;61;7;17;
EBT;UF;3501707;310.0000;2;0;0;0;0;2;
EBT;UF;3502101;624.0000;2;0;0;1;0;1;
EBT;UF;3502804;169.5000;5;0;1;2;1;1;
EBT;UF;3503000;2.5000;2;0;1;1;0;0;
EBT;UF;3503208;3352.0000;71;2;8;28;13;20;
EBT;UF;3503307;9.0000;8;0;3;5;0;0;
EBT;UF;3504008;322.3750;7;0;2;2;1;2;
EBT;UF;3504107;20.5000;13;0;3;10;0;0;
EBT;UF;3505302;4.0000;2;0;0;2;0;0;
EBT;UF;3505500;320.0000;3;0;0;0;1;2;
EBT;UF;3505708;32568.4063;324;4;24;128;69;99;
EBT;UF;3505906;1.7598;5;1;3;1;0;0;
EBT;UF;3506003;12288.5000;151;0;7;47;29;68;
EBT;UF;3506102;1462.6250;33;4;5;11;4;9;
EBT;UF;3506359;3.2500;5;0;4;1;0;0;
EBT;UF;3507506;1295.0000;20;0;0;10;2;8;
EBT;UF;3507605;1333.0625;23;1;8;2;4;8;
EBT;UF;3507803;2.2500;2;0;1;1;0;0;
EBT;UF;3508207;2.5000;2;0;1;1;0;0;
EBT;UF;3508405;1.0000;1;0;0;1;0;0;
EBT;UF;3508504;128.2500;3;0;1;1;0;1;
EBT;UF;3508603;1342.0000;4;0;0;0;1;3;
EBT;UF;3509205;499.2500;24;0;6;14;1;3;
EBT;UF;3509254;155.2500;2;0;1;0;0;1;
EBT;UF;3509403;1.5000;3;0;2;1;0;0;
EBT;UF;3509502;33088.7617;301;0;34;116;42;109;
EBT;UF;3509700;0.6250;2;0;2;0;0;0;
EBT;UF;3510005;0.7500;2;0;2;0;0;0;
EBT;UF;3510500;342.0000;3;0;0;0;1;2;
EBT;UF;3511102;339.0000;7;0;0;3;2;2;
EBT;UF;3512803;2.0625;2;1;0;1;0;0;
EBT;UF;3513009;296.6250;36;2;6;21;5;2;
EBT;UF;3513405;0.5000;1;0;1;0;0;0;
EBT;UF;3513504;901.6250;22;0;2;9;6;5;
EBT;UF;3513702;1.5625;6;1;5;0;0;0;
EBT;UF;3513801;2703.8438;196;0;27;140;14;15;
EBT;UF;3515186;2.2500;2;0;1;1;0;0;
EBT;UF;3516200;2268.0098;41;7;8;9;3;14;
EBT;UF;3516705;7.2500;5;0;1;4;0;0;
EBT;UF;3517406;1.2646;4;2;1;1;0;0;
EBT;UF;3517703;3.7686;5;1;2;2;0;0;
EBT;UF;3518305;155.0000;1;0;0;0;0;1;
EBT;UF;3518701;431.9375;44;1;12;24;5;2;
EBT;UF;3518800;1036.6250;234;4;50;159;16;5;
EBT;UF;3519071;4903.1250;43;0;3;11;8;21;
EBT;UF;3520103;0.5000;1;0;1;0;0;0;
EBT;UF;3520509;2264.5625;41;1;5;15;6;14;
EBT;UF;3521002;4.0000;2;0;0;2;0;0;
EBT;UF;3521309;1.2686;3;1;1;1;0;0;
EBT;UF;3522109;0.2500;1;0;1;0;0;0;
EBT;UF;3522307;754.0000;6;0;0;0;1;5;
EBT;UF;3522505;8.0000;1;0;0;0;1;0;
EBT;UF;3522604;2.5625;4;1;2;1;0;0;
EBT;UF;3523107;157.7500;7;2;3;1;0;1;
EBT;UF;3523909;2168.5000;45;0;6;17;8;14;
EBT;UF;3524006;0.1250;1;0;1;0;0;0;
EBT;UF;3524105;5.7500;9;0;6;3;0;0;
EBT;UF;3524402;164.5625;37;1;8;25;2;1;
EBT;UF;3524709;314.2500;8;0;4;2;0;2;
EBT;UF;3525003;157.0000;2;0;0;1;0;1;
EBT;UF;3525102;5.2500;7;0;3;4;0;0;
EBT;UF;3525300;2473.2500;49;0;1;26;7;15;
EBT;UF;3525904;6041.7500;100;0;13;47;11;29;
EBT;UF;3526803;1292.0000;12;0;0;2;2;8;
EBT;UF;3526902;2263.9375;40;0;4;17;5;14;
EBT;UF;3527108;2080.5000;31;4;5;4;5;13;
EBT;UF;3527306;344.0000;3;0;0;0;1;2;
EBT;UF;3527405;155.0000;1;0;0;0;0;1;
EBT;UF;3528403;2.7500;3;0;2;1;0;0;
EBT;UF;3528502;2.2500;2;0;1;1;0;0;
EBT;UF;3529005;3067.1250;77;4;7;35;12;19;
EBT;UF;3529302;163.0000;2;0;0;0;1;1;
EBT;UF;3529401;1492.3750;115;4;23;70;9;9;
EBT;UF;3529708;3.7500;4;0;2;2;0;0;
EBT;UF;3530300;465.0000;3;0;0;0;0;3;
EBT;UF;3530508;3.0000;4;0;3;1;0;0;
EBT;UF;3530607;2864.5000;158;4;35;103;10;6;
EBT;UF;3530706;40.6250;27;0;7;20;0;0;
EBT;UF;3530805;170.2500;10;0;1;8;0;1;
EBT;UF;3531100;4.3750;4;0;2;2;0;0;
EBT;UF;3531902;3.5000;6;0;4;2;0;0;
EBT;UF;3533403;5.0000;3;0;0;3;0;0;
EBT;UF;3534401;4441.0098;54;1;3;20;13;17;
EBT;UF;3534708;1185.5000;22;0;1;7;6;8;
EBT;UF;3536703;1.0000;1;0;0;1;0;0;
EBT;UF;3537404;3.0625;5;1;3;1;0;0;
EBT;UF;3538006;132.2500;11;0;3;4;3;1;
EBT;UF;3538709;2111.1094;58;2;14;25;4;13;
EBT;UF;3539301;8.8125;7;1;2;4;0;0;
EBT;UF;3539806;1046.2500;39;0;1;0;33;5;
EBT;UF;3541000;13.7500;15;0;7;8;0;0;
EBT;UF;3541406;2615.5625;63;1;7;29;10;16;
EBT;UF;3541505;16.0000;1;0;0;0;1;0;
EBT;UF;3543303;13.5000;9;0;1;8;0;0;
EBT;UF;3543402;12481.3203;218;0;7;86;52;73;
EBT;UF;3543907;1316.8496;55;3;9;34;1;8;
EBT;UF;3544004;2.2500;4;0;3;1;0;0;
EBT;UF;3544103;5.0000;3;0;0;3;0;0;
EBT;UF;3544202;2.0000;1;0;0;1;0;0;
EBT;UF;3545209;320.0000;5;0;0;2;1;2;
EBT;UF;3545803;31.2500;14;0;1;12;1;0;
EBT;UF;3546405;11.0000;3;0;2;0;1;0;
EBT;UF;3547304;7917.1250;31;0;1;9;8;13;
EBT;UF;3547809;14677.0625;275;3;64;137;21;50;
EBT;UF;3548203;0.0625;1;1;0;0;0;0;
EBT;UF;3548500;8472.2500;203;0;21;100;45;37;
EBT;UF;3548708;11801.2500;412;6;86;215;50;55;
EBT;UF;3548807;6678.1875;93;3;13;55;10;12;
EBT;UF;3548906;3297.6250;30;0;3;6;9;12;
EBT;UF;3549409;2.1875;7;1;5;1;0;0;
EBT;UF;3549805;3447.0000;47;0;0;7;18;22;
EBT;UF;3549904;7301.6719;191;2;39;97;32;21;
EBT;UF;3550100;2.2500;4;2;1;1;0;0;
EBT;UF;3550308;325944.719;6153;139;624;3295;875;1220;
EBT;UF;3551009;1899.0625;77;1;21;40;9;6;
EBT;UF;3551702;567.0000;5;0;0;1;0;4;
EBT;UF;3552205;10704.0000;153;0;8;59;27;59;
EBT;UF;3552403;18.0000;12;0;3;9;0;0;
EBT;UF;3552502;27.7500;22;0;9;13;0;0;
EBT;UF;3552809;5969.0000;26;0;0;13;6;7;
EBT;UF;3554102;1632.2500;69;2;14;35;6;12;
EBT;UF;3554508;9.0000;4;0;0;3;1;0;
EBT;UF;3555000;2.0000;1;0;0;1;0;0;
EBT;UF;3555406;0.5000;1;0;1;0;0;0;
EBT;UF;3556206;344.0000;20;0;5;12;1;2;
EBT;UF;3556701;465.0000;3;0;0;0;0;3;
EBT;UF;3557006;472.0000;7;0;0;4;0;3;
EBT;UF;3557303;0.2500;1;0;1;0;0;0;
EBT;UF;4100400;12.2500;8;0;2;5;1;0;
EBT;UF;4100509;1.0000;1;0;0;1;0;0;
EBT;UF;4100608;1.0000;1;0;0;1;0;0;
EBT;UF;4100707;1.0000;1;0;0;1;0;0;
EBT;UF;4100806;1.0000;1;0;0;1;0;0;
EBT;UF;4100905;0.2500;1;0;1;0;0;0;
EBT;UF;4101101;9.7500;8;0;2;6;0;0;
EBT;UF;4101408;93.3125;22;3;1;14;4;0;
EBT;UF;4101507;52.5000;9;0;2;2;5;0;
EBT;UF;4101606;1.0000;1;0;0;1;0;0;
EBT;UF;4101705;1.0000;1;0;0;1;0;0;
EBT;UF;4101804;225.1875;97;5;29;53;10;0;
EBT;UF;4101903;1.0000;1;0;0;1;0;0;
EBT;UF;4102000;1.0000;1;0;0;1;0;0;
EBT;UF;4102109;1.0000;1;0;0;1;0;0;
EBT;UF;4102307;5.5000;4;0;1;3;0;0;
EBT;UF;4102406;1.1875;5;1;4;0;0;0;
EBT;UF;4102505;1.0000;1;0;0;1;0;0;
EBT;UF;4102802;1.2500;2;0;1;1;0;0;
EBT;UF;4102901;1.0000;1;0;0;1;0;0;
EBT;UF;4103206;0.2500;1;0;1;0;0;0;
EBT;UF;4103354;0.2500;1;0;1;0;0;0;
EBT;UF;4103602;2.0000;1;0;0;1;0;0;
EBT;UF;4103701;43.0000;39;4;14;20;1;0;
EBT;UF;4103800;0.2500;1;0;1;0;0;0;
EBT;UF;4104006;2.2500;3;0;1;2;0;0;
EBT;UF;4104204;63.7500;19;0;2;13;4;0;
EBT;UF;4104253;2.0000;2;0;0;2;0;0;
EBT;UF;4104428;1.2500;2;0;1;1;0;0;
EBT;UF;4104501;1.2500;2;0;1;1;0;0;
EBT;UF;4104600;1.0000;1;0;0;1;0;0;
EBT;UF;4104709;2.0000;1;0;0;1;0;0;
EBT;UF;4104808;227.7500;100;8;28;55;9;0;
EBT;UF;4104907;8.2500;22;10;9;3;0;0;
EBT;UF;4105102;1.0000;1;0;0;1;0;0;
EBT;UF;4105409;1.0000;1;0;0;1;0;0;
EBT;UF;4105508;81.0000;29;2;8;14;5;0;
EBT;UF;4105706;1.0000;1;0;0;1;0;0;
EBT;UF;4105805;197.8750;34;4;14;13;2;1;
EBT;UF;4105904;1.0000;1;0;0;1;0;0;
EBT;UF;4106001;0.2500;1;0;1;0;0;0;
EBT;UF;4106209;1.0000;1;0;0;1;0;0;
EBT;UF;4106308;1.0000;1;0;0;1;0;0;
EBT;UF;4106407;14.7500;7;2;3;0;2;0;
EBT;UF;4106506;1.0000;1;0;0;1;0;0;
EBT;UF;4106605;1.0000;1;0;0;1;0;0;
EBT;UF;4106902;21963.7500;1219;24;213;607;333;42;
EBT;UF;4107009;1.0000;1;0;0;1;0;0;
EBT;UF;4107108;0.2500;1;0;1;0;0;0;
EBT;UF;4107207;14.2500;6;0;2;3;1;0;
EBT;UF;4107256;12.0000;1;0;0;0;1;0;
EBT;UF;4107306;0.2500;1;0;1;0;0;0;
EBT;UF;4107538;1.0000;1;0;0;1;0;0;
EBT;UF;4107603;1.0000;1;0;0;1;0;0;
EBT;UF;4107652;310.6875;6;1;3;0;0;2;
EBT;UF;4107736;2.0000;1;0;0;1;0;0;
EBT;UF;4107801;0.2500;1;0;1;0;0;0;
EBT;UF;4108007;1.2500;2;0;1;1;0;0;
EBT;UF;4108205;1.0000;1;0;0;1;0;0;
EBT;UF;4108304;168.8125;109;11;40;53;5;0;
EBT;UF;4108320;0.2500;1;0;1;0;0;0;
EBT;UF;4108403;25.0625;16;1;6;8;1;0;
EBT;UF;4108601;3.3125;6;1;3;2;0;0;
EBT;UF;4108700;1.0000;1;0;0;1;0;0;
EBT;UF;4108809;6.0000;6;0;2;4;0;0;
EBT;UF;4109302;1.0000;1;0;0;1;0;0;
EBT;UF;4109401;14.6250;13;0;8;4;1;0;
EBT;UF;4109500;2.0000;1;0;0;1;0;0;
EBT;UF;4109609;11.0000;6;0;0;6;0;0;
EBT;UF;4109708;1.0000;1;0;0;1;0;0;
EBT;UF;4109807;7.1250;16;4;7;5;0;0;
EBT;UF;4110607;1.0000;1;0;0;1;0;0;
EBT;UF;4110706;12.5000;24;6;13;5;0;0;
EBT;UF;4110953;1.0000;1;0;0;1;0;0;
EBT;UF;4111506;1.2500;2;0;1;1;0;0;
EBT;UF;4111803;0.5000;1;0;1;0;0;0;
EBT;UF;4112009;1.0000;1;0;0;1;0;0;
EBT;UF;4112108;0.3750;3;2;1;0;0;0;
EBT;UF;4112504;1.0000;1;0;0;1;0;0;
EBT;UF;4112702;1.2500;2;0;1;1;0;0;
EBT;UF;4112751;1.0000;1;0;0;1;0;0;
EBT;UF;4112801;1.0000;1;0;0;1;0;0;
EBT;UF;4113205;1.0625;2;1;0;1;0;0;
EBT;UF;4113304;1.7500;3;0;2;1;0;0;
EBT;UF;4113502;1.0000;1;0;0;1;0;0;
EBT;UF;4113601;14.0000;4;0;0;3;1;0;
EBT;UF;4113700;2128.9375;176;15;52;66;38;5;
EBT;UF;4113809;1.0000;1;0;0;1;0;0;
EBT;UF;4114005;1.0000;1;0;0;1;0;0;
EBT;UF;4114104;1.5000;2;0;1;1;0;0;
EBT;UF;4114203;17.5000;7;0;4;2;1;0;
EBT;UF;4114302;0.2500;1;0;1;0;0;0;
EBT;UF;4114351;0.2500;1;0;1;0;0;0;
EBT;UF;4114401;1.0000;1;0;0;1;0;0;
EBT;UF;4114500;1.0000;1;0;0;1;0;0;
EBT;UF;4114609;0.5000;1;0;1;0;0;0;
EBT;UF;4114807;0.8750;2;0;2;0;0;0;
EBT;UF;4114906;1.0000;1;0;0;1;0;0;
EBT;UF;4115200;1895.8750;192;10;56;88;35;3;
EBT;UF;4115309;0.2500;1;0;1;0;0;0;
EBT;UF;4115358;1.0000;1;0;0;1;0;0;
EBT;UF;4115408;1.0000;1;0;0;1;0;0;
EBT;UF;4115606;3.2500;3;0;1;2;0;0;
EBT;UF;4115705;5.0000;3;0;0;3;0;0;
EBT;UF;4115804;0.5000;1;0;1;0;0;0;
EBT;UF;4116208;1.0000;1;0;0;1;0;0;
EBT;UF;4116703;1.0000;1;0;0;1;0;0;
EBT;UF;4116901;1.8750;4;0;3;1;0;0;
EBT;UF;4117107;2.0000;2;0;0;2;0;0;
EBT;UF;4117271;0.2500;1;0;1;0;0;0;
EBT;UF;4117305;1.0000;1;0;0;1;0;0;
EBT;UF;4117503;3.1250;3;0;1;2;0;0;
EBT;UF;4117602;5.5000;4;0;1;3;0;0;
EBT;UF;4117701;1.0000;1;0;0;1;0;0;
EBT;UF;4117909;1.2500;2;0;1;1;0;0;
EBT;UF;4118105;1.0000;1;0;0;1;0;0;
EBT;UF;4118204;270.3125;68;5;17;41;4;1;
EBT;UF;4118402;23.7500;29;6;12;11;0;0;
EBT;UF;4118451;0.2500;1;0;1;0;0;0;
EBT;UF;4118501;29.2500;16;2;4;9;1;0;
EBT;UF;4118907;1.0000;1;0;0;1;0;0;
EBT;UF;4119152;141.2500;31;0;3;19;9;0;
EBT;UF;4119301;1.3125;3;1;1;1;0;0;
EBT;UF;4119400;2.0000;1;0;0;1;0;0;
EBT;UF;4119509;8.8125;7;1;1;5;0;0;
EBT;UF;4119608;1.0000;1;0;0;1;0;0;
EBT;UF;4119806;1.0000;1;0;0;1;0;0;
EBT;UF;4119905;374.4375;96;13;26;40;16;1;
EBT;UF;4119954;39.0000;6;0;0;4;2;0;
EBT;UF;4120002;1.0000;1;0;0;1;0;0;
EBT;UF;4120101;0.2500;1;0;1;0;0;0;
EBT;UF;4120606;3.2500;3;0;1;2;0;0;
EBT;UF;4120705;0.2500;1;0;1;0;0;0;
EBT;UF;4120804;369.7500;15;0;5;4;4;2;
EBT;UF;4120853;1.0000;1;0;0;1;0;0;
EBT;UF;4120903;1.0000;1;0;0;1;0;0;
EBT;UF;4121406;1.0000;1;0;0;1;0;0;
EBT;UF;4121505;1.0000;1;0;0;1;0;0;
EBT;UF;4121604;0.2500;1;0;1;0;0;0;
EBT;UF;4121703;1.0000;1;0;0;1;0;0;
EBT;UF;4121901;1.0000;1;0;0;1;0;0;
EBT;UF;4122008;0.5000;1;0;1;0;0;0;
EBT;UF;4122206;1.7500;3;0;2;1;0;0;
EBT;UF;4122305;8.6250;16;2;10;4;0;0;
EBT;UF;4122404;69.5000;25;0;2;20;3;0;
EBT;UF;4122800;0.2500;1;0;1;0;0;0;
EBT;UF;4123204;1.0000;1;0;0;1;0;0;
EBT;UF;4123501;1.0000;1;0;0;1;0;0;
EBT;UF;4123709;1.0000;1;0;0;1;0;0;
EBT;UF;4123808;1.1250;2;0;1;1;0;0;
EBT;UF;4123907;1.2500;2;0;1;1;0;0;
EBT;UF;4124053;1.0625;2;1;0;1;0;0;
EBT;UF;4124103;3.0625;3;1;0;2;0;0;
EBT;UF;4124400;1.0000;1;0;0;1;0;0;
EBT;UF;4124509;1.5000;2;0;1;1;0;0;
EBT;UF;4124707;1.0000;1;0;0;1;0;0;
EBT;UF;4125001;2.0000;2;0;0;2;0;0;
EBT;UF;4125456;0.2500;1;0;1;0;0;0;
EBT;UF;4125506;22684.6250;214;6;47;120;31;10;
EBT;UF;4125605;1.0000;1;0;0;1;0;0;
EBT;UF;4125704;2.0000;1;0;0;1;0;0;
EBT;UF;4126009;0.2500;1;0;1;0;0;0;
EBT;UF;4126256;12.5000;14;0;8;6;0;0;
EBT;UF;4126306;1.0000;1;0;0;1;0;0;
EBT;UF;4126504;1.0000;1;0;0;1;0;0;
EBT;UF;4126603;1.0000;1;0;0;1;0;0;
EBT;UF;4126678;0.2500;1;0;1;0;0;0;
EBT;UF;4126801;1.0000;1;0;0;1;0;0;
EBT;UF;4127106;10.0000;5;0;0;5;0;0;
EBT;UF;4127403;1.0000;1;0;0;1;0;0;
EBT;UF;4127502;1.0000;1;0;0;1;0;0;
EBT;UF;4127700;43.9375;23;5;6;8;4;0;
EBT;UF;4127809;1.0000;1;0;0;1;0;0;
EBT;UF;4128005;1.0000;1;0;0;1;0;0;
EBT;UF;4128104;92.2500;19;0;4;9;6;0;
EBT;UF;4128203;14.2500;8;0;1;7;0;0;
EBT;UF;4128401;1.0000;1;0;0;1;0;0;
EBT;UF;4128500;1.5000;2;0;1;1;0;0;
EBT;UF;4128708;2.5000;3;0;2;1;0;0;
EBT;UF;4128807;0.2500;1;0;1;0;0;0;
EBT;UF;4201307;61.3125;17;1;1;9;6;0;
EBT;UF;4201703;0.2500;1;0;1;0;0;0;
EBT;UF;4202008;127.2500;23;0;1;10;12;0;
EBT;UF;4202305;93.6875;37;3;19;9;6;0;
EBT;UF;4202404;1185.1875;148;5;36;61;43;3;
EBT;UF;4202602;5.3750;4;0;2;1;1;0;
EBT;UF;4202909;491.0625;46;1;6;17;19;3;
EBT;UF;4203006;132.6250;10;2;2;2;3;1;
EBT;UF;4203204;21.6250;16;0;7;8;1;0;
EBT;UF;4203956;16.7500;6;0;2;3;1;0;
EBT;UF;4204202;526.5625;54;7;14;17;13;3;
EBT;UF;4204251;32.2500;2;0;1;0;1;0;
EBT;UF;4204301;444.0000;11;0;0;0;8;3;
EBT;UF;4204350;0.6875;4;1;3;0;0;0;
EBT;UF;4204509;3.6250;5;0;3;2;0;0;
EBT;UF;4204558;4.0000;1;0;0;0;1;0;
EBT;UF;4204608;344.6875;49;9;7;10;22;1;
EBT;UF;4204806;0.5000;1;0;1;0;0;0;
EBT;UF;4205191;10.0000;1;0;0;0;1;0;
EBT;UF;4205407;6155.8516;223;9;31;78;95;10;
EBT;UF;4205506;2.9375;9;3;5;1;0;0;
EBT;UF;4205704;7.1250;10;2;3;5;0;0;
EBT;UF;4205803;4.0000;1;0;0;0;1;0;
EBT;UF;4205902;73.3750;20;2;9;4;5;0;
EBT;UF;4206504;64.1875;18;1;4;9;4;0;
EBT;UF;4206702;2.6250;3;0;2;1;0;0;
EBT;UF;4207007;37.3125;10;1;3;3;3;0;
EBT;UF;4207502;213.5625;31;1;1;18;10;1;
EBT;UF;4208203;905.1250;158;2;15;92;46;3;
EBT;UF;4208807;1.2500;2;0;1;1;0;0;
EBT;UF;4208906;163.5625;35;1;6;19;9;0;
EBT;UF;4209003;222.5000;19;0;1;8;9;1;
EBT;UF;4209102;1282.4375;224;17;49;95;60;3;
EBT;UF;4209300;175.7500;41;2;9;14;16;0;
EBT;UF;4209706;1.2500;2;0;1;1;0;0;
EBT;UF;4210035;4.2500;4;0;1;3;0;0;
EBT;UF;4210100;12.9375;20;3;12;5;0;0;
EBT;UF;4210209;3.2500;3;0;1;2;0;0;
EBT;UF;4210605;3.5625;5;1;2;2;0;0;
EBT;UF;4211306;95.8125;33;1;5;16;11;0;
EBT;UF;4211603;2.2500;3;0;1;2;0;0;
EBT;UF;4211702;2.2500;4;0;3;1;0;0;
EBT;UF;4211900;162.5625;46;1;15;19;11;0;
EBT;UF;4213005;0.3125;3;1;2;0;0;0;
EBT;UF;4213203;22.0000;5;0;3;1;1;0;
EBT;UF;4214706;2.2500;2;0;1;1;0;0;
EBT;UF;4214805;295.2500;56;0;13;20;23;0;
EBT;UF;4215000;24.0000;2;0;0;1;1;0;
EBT;UF;4215109;2.7500;3;0;2;1;0;0;
EBT;UF;4215802;173.4375;76;15;15;37;9;0;
EBT;UF;4216107;1.0000;1;0;0;1;0;0;
EBT;UF;4216206;89.3750;19;2;4;5;8;0;
EBT;UF;4216602;316.3125;59;3;6;27;23;0;
EBT;UF;4216909;37.7500;6;0;3;2;1;0;
EBT;UF;4217006;2.0000;1;0;0;1;0;0;
EBT;UF;4217402;3.5000;4;0;2;2;0;0;
EBT;UF;4217709;166.0000;3;0;0;0;1;2;
EBT;UF;4218202;124.5000;11;0;1;7;2;1;
EBT;UF;4218707;52.0625;10;1;0;5;4;0;
EBT;UF;4218806;2.0000;1;0;0;1;0;0;
EBT;UF;4219309;44.7500;17;0;11;2;4;0;
EBT;UF;4219507;8.2500;13;0;8;5;0;0;
EBT;UF;4219705;10.6250;7;2;2;2;1;0;
EBT;UF;4300406;202.2500;28;12;7;0;8;1;
EBT;UF;4300604;134.7500;19;0;6;3;10;0;
EBT;UF;4301602;404.1250;28;0;5;6;16;1;
EBT;UF;4302105;685.0000;82;4;4;23;51;0;
EBT;UF;4302352;1.0000;1;0;0;1;0;0;
EBT;UF;4302907;0.1250;1;0;1;0;0;0;
EBT;UF;4303004;15.9375;18;5;8;4;1;0;
EBT;UF;4303103;351.0000;36;0;5;6;25;0;
EBT;UF;4303509;237.0000;18;0;2;5;10;1;
EBT;UF;4303905;541.1875;47;3;10;13;18;3;
EBT;UF;4304408;8.1875;9;1;5;2;1;0;
EBT;UF;4304606;936.3750;110;12;17;28;51;2;
EBT;UF;4304630;68.0625;6;1;0;0;5;0;
EBT;UF;4304705;129.2500;19;4;7;4;3;1;
EBT;UF;4304804;2.6875;6;1;3;2;0;0;
EBT;UF;4305108;1454.5000;259;18;37;97;106;1;
EBT;UF;4305975;2.0000;1;0;0;1;0;0;
EBT;UF;4306106;177.9375;34;7;12;10;4;1;
EBT;UF;4306205;0.0625;1;1;0;0;0;0;
EBT;UF;4306601;6.0000;1;0;0;0;1;0;
EBT;UF;4306767;328.0000;22;0;0;9;11;2;
EBT;UF;4307005;366.0625;33;1;0;15;17;0;
EBT;UF;4307559;173.0625;4;1;0;1;1;1;
EBT;UF;4307609;31.5000;11;0;4;4;3;0;
EBT;UF;4307708;46.8750;26;6;10;5;5;0;
EBT;UF;4307807;11.3750;8;2;4;1;1;0;
EBT;UF;4307906;348.8750;40;0;3;9;28;0;
EBT;UF;4308102;1.0000;1;0;0;1;0;0;
EBT;UF;4308607;191.6875;39;1;7;17;14;0;
EBT;UF;4308904;2.0000;4;0;3;1;0;0;
EBT;UF;4309050;0.6250;2;0;2;0;0;0;
EBT;UF;4309100;35.6250;10;0;7;2;1;0;
EBT;UF;4309209;294.6250;78;8;24;14;32;0;
EBT;UF;4309308;63.1875;18;3;8;3;4;0;
EBT;UF;4310108;12.7500;11;6;2;0;3;0;
EBT;UF;4310207;123.1250;11;2;2;1;6;0;
EBT;UF;4310330;0.1250;2;2;0;0;0;0;
EBT;UF;4310801;1.1250;5;0;5;0;0;0;
EBT;UF;4311403;193.5000;19;4;5;5;4;1;
EBT;UF;4311809;2.5625;7;1;5;1;0;0;
EBT;UF;4312401;20.1250;19;6;8;2;3;0;
EBT;UF;4312906;5.2500;3;0;1;1;1;0;
EBT;UF;4313201;8.6875;7;3;3;0;1;0;
EBT;UF;4313409;646.9375;92;7;10;24;51;0;
EBT;UF;4313508;38.8750;23;10;7;2;4;0;
EBT;UF;4313904;6.2500;19;4;13;2;0;0;
EBT;UF;4314050;8.4375;14;3;8;3;0;0;
EBT;UF;4314100;852.6250;62;2;11;25;22;2;
EBT;UF;4314308;0.2500;1;0;1;0;0;0;
EBT;UF;4314407;488.5000;52;4;13;13;20;2;
EBT;UF;4314506;4.0000;1;0;0;0;1;0;
EBT;UF;4314803;9.7500;5;0;3;1;1;0;
EBT;UF;4314902;34862.8750;618;14;57;128;367;52;
EBT;UF;4315602;973.5000;59;10;16;11;19;3;
EBT;UF;4316402;9.8750;8;2;4;1;1;0;
EBT;UF;4316501;0.3125;2;1;1;0;0;0;
EBT;UF;4316808;533.2500;22;2;4;1;13;2;
EBT;UF;4316907;696.7500;97;30;22;20;22;3;
EBT;UF;4317103;60.2500;10;0;1;6;3;0;
EBT;UF;4317400;8.5000;2;0;1;0;1;0;
EBT;UF;4317509;8.5000;2;0;1;0;1;0;
EBT;UF;4317608;2.0000;5;0;4;1;0;0;
EBT;UF;4318705;282.7500;60;6;15;21;18;0;
EBT;UF;4319505;2.1875;6;1;4;1;0;0;
EBT;UF;4319901;71.5000;10;0;1;4;5;0;
EBT;UF;4320008;102.1875;23;5;6;3;9;0;
EBT;UF;4321204;4.7500;7;0;4;3;0;0;
EBT;UF;4321451;499.1875;15;5;5;1;1;3;
EBT;UF;4321501;17.0625;19;5;10;2;2;0;
EBT;UF;4321600;15.4375;15;3;8;3;1;0;
EBT;UF;4322004;32.0000;1;0;0;0;1;0;
EBT;UF;4322400;297.6250;21;0;7;6;7;1;
EBT;UF;4322509;243.3750;19;0;2;4;12;1;
EBT;UF;4322608;10.0000;2;0;0;1;1;0;
EBT;UF;4323002;47.6250;13;0;7;3;3;0;
EBT;UF;4323408;1.2500;2;0;1;1;0;0;
EBT;UF;4323804;0.5625;5;3;2;0;0;0;
EBT;UF;5000203;34.0000;4;0;0;0;4;0;
EBT;UF;5002704;4128.3125;278;25;51;89;102;11;
EBT;UF;5003702;904.1250;31;0;3;9;17;2;
EBT;UF;5004502;1.2500;3;0;3;0;0;0;
EBT;UF;5005400;40.0000;4;0;0;0;4;0;
EBT;UF;5006309;4.0000;2;0;0;2;0;0;
EBT;UF;5006606;2.0000;1;0;0;1;0;0;
EBT;UF;5007109;28.0000;5;0;0;1;4;0;
EBT;UF;5007554;1.0000;1;0;0;1;0;0;
EBT;UF;5007901;34.0000;1;0;0;0;1;0;
EBT;UF;5008305;207.0000;26;0;0;10;16;0;
EBT;UF;5101704;34.0000;1;0;0;0;1;0;
EBT;UF;5102504;85.9375;44;5;11;22;6;0;
EBT;UF;5103403;13828.0625;717;37;120;394;135;31;
EBT;UF;5105002;8.0000;4;0;0;4;0;0;
EBT;UF;5105259;674.0000;126;10;22;68;23;3;
EBT;UF;5105622;82.5000;12;0;3;7;2;0;
EBT;UF;5106224;525.0000;75;4;10;38;22;1;
EBT;UF;5106752;261.1250;51;6;15;23;6;1;
EBT;UF;5107198;0.5625;2;1;1;0;0;0;
EBT;UF;5107602;1968.1250;171;6;20;87;44;14;
EBT;UF;5107909;6463.3750;135;6;13;79;28;9;
EBT;UF;5107925;651.7500;90;2;16;38;31;3;
EBT;UF;5107958;2.3750;5;0;4;1;0;0;
EBT;UF;5108402;633.0625;117;3;21;61;31;1;
EBT;UF;5200258;0.7500;2;0;2;0;0;0;
EBT;UF;5200308;5.0000;6;0;3;3;0;0;
EBT;UF;5201108;1357.8125;115;7;17;71;16;4;
EBT;UF;5201405;294.2500;151;4;34;100;13;0;
EBT;UF;5204508;25.0000;6;0;2;2;2;0;
EBT;UF;5204706;6.0000;6;0;3;3;0;0;
EBT;UF;5205109;268.1250;30;0;5;13;11;1;
EBT;UF;5206206;24.7500;6;0;2;2;2;0;
EBT;UF;5208707;2692.1250;468;18;84;274;85;7;
EBT;UF;5209101;0.2500;1;0;1;0;0;0;
EBT;UF;5210000;8.0000;4;0;0;4;0;0;
EBT;UF;5211503;64.5625;23;1;1;16;5;0;
EBT;UF;5211909;106.0000;3;0;0;1;1;1;
EBT;UF;5212501;37.3125;27;1;11;14;1;0;
EBT;UF;5213806;1.7500;3;0;2;1;0;0;
EBT;UF;5215231;2.0625;6;1;4;1;0;0;
EBT;UF;5218003;2.5000;2;0;1;1;0;0;
EBT;UF;5218508;0.2500;1;0;1;0;0;0;
EBT;UF;5218805;129.0625;34;1;5;18;10;0;
EBT;UF;5219605;2.0000;1;0;0;1;0;0;
EBT;UF;5220454;23.0000;12;0;0;12;0;0;
EBT;UF;5221403;16.5625;4;1;1;0;2;0;
EBT;UF;5221601;13.3125;8;1;5;1;1;0;
EBT;UF;5221858;27.3750;21;2;7;11;1;0;
EBT;UF;5300108;116444.500;2297;56;375;1049;611;206;
09;875;
