01;CLA;IPL4;201506;
EBT;UF;1100023;171.3750;48;5;37;4;2;0;
EBT;UF;1100049;340.6875;90;20;54;14;1;1;
EBT;UF;1100080;0.3750;2;2;0;0;0;0;
EBT;UF;1100098;0.5000;1;1;0;0;0;0;
EBT;UF;1100106;16.0000;6;0;4;2;0;0;
EBT;UF;1100114;109.0000;19;0;16;1;2;0;
EBT;UF;1100122;1182.6875;194;14;149;18;9;4;
EBT;UF;1100155;90.0000;8;0;4;1;3;0;
EBT;UF;1100189;140.0625;45;8;31;4;2;0;
EBT;UF;1100205;15401.2031;838;100;518;144;33;43;
EBT;UF;1100288;2.0000;1;0;1;0;0;0;
EBT;UF;1100296;1.0000;1;0;1;0;0;0;
EBT;UF;1100304;656.0000;143;19;99;18;6;1;
EBT;UF;1100346;1.0000;1;0;1;0;0;0;
EBT;UF;1100452;1.0000;1;0;1;0;0;0;
EBT;UF;1100924;2.0000;1;0;1;0;0;0;
EBT;UF;1101005;3.0000;2;0;2;0;0;0;
EBT;UF;1101468;0.5000;1;1;0;0;0;0;
EBT;UF;1101500;0.1250;1;1;0;0;0;0;
EBT;UF;1200054;2.0000;2;0;2;0;0;0;
EBT;UF;1200138;19.0000;7;0;5;2;0;0;
EBT;UF;1200203;5.0000;3;0;3;0;0;0;
EBT;UF;1200252;0.6875;3;3;0;0;0;0;
EBT;UF;1200401;9064.5391;402;46;239;82;14;21;
EBT;UF;1200450;4.0000;2;0;2;0;0;0;
EBT;UF;1301100;4.0000;3;0;3;0;0;0;
EBT;UF;1301704;117.8125;12;3;7;1;0;1;
EBT;UF;1301852;2.0000;1;0;1;0;0;0;
EBT;UF;1302603;13197.2500;1101;142;622;226;73;38;
EBT;UF;1303403;2.5000;3;2;1;0;0;0;
EBT;UF;1400100;704.0625;147;11;77;51;8;0;
EBT;UF;1500602;2.0000;1;0;1;0;0;0;
EBT;UF;1500800;8383.8965;179;11;91;57;11;9;
EBT;UF;1501303;24.0000;4;0;2;2;0;0;
EBT;UF;1501402;53029.8437;1056;47;444;354;108;103;
EBT;UF;1501501;50.8750;22;6;12;4;0;0;
EBT;UF;1501709;2.2500;2;1;1;0;0;0;
EBT;UF;1501956;0.7500;2;2;0;0;0;0;
EBT;UF;1502202;231.0000;9;0;1;3;4;1;
EBT;UF;1502400;157.5156;37;3;24;8;2;0;
EBT;UF;1502939;1.0000;1;0;1;0;0;0;
EBT;UF;1503606;6.0000;3;0;3;0;0;0;
EBT;UF;1503903;2.0000;1;0;1;0;0;0;
EBT;UF;1504208;561.6875;135;34;69;23;7;2;
EBT;UF;1504422;294.7031;79;14;41;21;3;0;
EBT;UF;1505304;1.0000;1;0;1;0;0;0;
EBT;UF;1505502;392.0000;22;0;15;2;2;3;
EBT;UF;1506203;1.2500;3;3;0;0;0;0;
EBT;UF;1506500;0.7500;2;2;0;0;0;0;
EBT;UF;1506807;220.5781;59;12;38;6;1;2;
EBT;UF;1507607;4.0000;2;0;2;0;0;0;
EBT;UF;1508209;0.2500;1;1;0;0;0;0;
EBT;UF;1600303;532.5703;130;16;83;25;4;2;
EBT;UF;1600600;21.6250;15;5;9;1;0;0;
EBT;UF;1700350;4.0000;3;0;3;0;0;0;
EBT;UF;1700707;17.7500;7;2;4;1;0;0;
EBT;UF;1702000;0.2500;1;1;0;0;0;0;
EBT;UF;1702109;468.3750;81;12;35;29;5;0;
EBT;UF;1705508;232.5000;10;1;6;0;1;2;
EBT;UF;1707009;5.0000;3;0;3;0;0;0;
EBT;UF;1709302;122.6875;11;4;4;2;0;1;
EBT;UF;1709500;146.3125;24;3;12;8;0;1;
EBT;UF;1713205;10.5625;9;3;6;0;0;0;
EBT;UF;1713304;4.7500;6;3;3;0;0;0;
EBT;UF;1714880;25.8125;7;3;3;0;1;0;
EBT;UF;1716109;168.7500;15;2;8;2;2;1;
EBT;UF;1716604;8.0000;4;0;4;0;0;0;
EBT;UF;1718204;336.7500;32;4;16;6;4;2;
EBT;UF;1718402;4.0000;1;0;0;1;0;0;
EBT;UF;1721000;3218.0000;249;45;118;61;18;7;
EBT;UF;1722081;4.0000;1;0;0;1;0;0;
EBT;UF;2100204;32.0000;1;0;0;0;1;0;
EBT;UF;2101202;98.0000;7;0;4;0;3;0;
EBT;UF;2101251;155.0000;1;0;0;0;0;1;
EBT;UF;2101400;144.0000;9;0;0;6;2;1;
EBT;UF;2101608;0.1250;1;1;0;0;0;0;
EBT;UF;2103000;1126.0000;28;0;6;9;7;6;
EBT;UF;2103307;155.0000;1;0;0;0;0;1;
EBT;UF;2103604;0.5000;1;1;0;0;0;0;
EBT;UF;2104057;6.0000;3;0;3;0;0;0;
EBT;UF;2105302;461.7500;51;3;22;22;3;1;
EBT;UF;2105427;20.0000;3;0;1;2;0;0;
EBT;UF;2108603;4.0000;1;0;0;1;0;0;
EBT;UF;2109106;2.2500;4;3;1;0;0;0;
EBT;UF;2109601;2.0000;1;0;1;0;0;0;
EBT;UF;2109908;47.0000;10;2;7;0;1;0;
EBT;UF;2110203;0.2500;1;1;0;0;0;0;
EBT;UF;2110302;52.0000;6;0;1;5;0;0;
EBT;UF;2111201;48.1445;21;8;8;5;0;0;
EBT;UF;2111300;17270.2031;363;35;95;161;46;26;
EBT;UF;2112209;162.0000;6;0;0;2;3;1;
EBT;UF;2112902;0.3750;2;2;0;0;0;0;
EBT;UF;2114007;4.0000;2;0;2;0;0;0;
EBT;UF;2200400;32.0000;1;0;0;0;1;0;
EBT;UF;2201507;42.0000;2;0;0;1;1;0;
EBT;UF;2202000;32.0000;1;0;0;0;1;0;
EBT;UF;2202208;80.0000;4;0;0;2;2;0;
EBT;UF;2202406;64.0000;2;0;0;0;2;0;
EBT;UF;2202703;64.0000;2;0;0;0;2;0;
EBT;UF;2203701;106.0000;4;0;0;1;3;0;
EBT;UF;2203909;54.0625;6;1;1;3;1;0;
EBT;UF;2207702;144.0000;7;0;0;3;4;0;
EBT;UF;2208403;523.0000;13;0;1;2;8;2;
EBT;UF;2211001;18345.9844;319;5;70;117;113;14;
EBT;UF;2301000;132.2500;11;1;7;2;0;1;
EBT;UF;2301109;50.0000;5;0;0;4;1;0;
EBT;UF;2301901;40.6250;9;3;1;5;0;0;
EBT;UF;2302503;20.0000;2;0;0;2;0;0;
EBT;UF;2303709;37.0391;23;8;12;3;0;0;
EBT;UF;2303956;0.2500;1;1;0;0;0;0;
EBT;UF;2304103;8.2500;2;1;0;1;0;0;
EBT;UF;2304202;95.0000;7;0;2;3;2;0;
EBT;UF;2304285;250.0000;29;0;16;8;4;1;
EBT;UF;2304400;13091.3828;492;34;160;204;52;42;
EBT;UF;2305233;83.9922;13;1;7;3;2;0;
EBT;UF;2305407;100.0000;4;0;0;1;2;1;
EBT;UF;2305506;42.0000;3;0;0;2;1;0;
EBT;UF;2306256;0.5000;1;1;0;0;0;0;
EBT;UF;2306405;38.0000;5;0;0;5;0;0;
EBT;UF;2307007;1.0000;1;0;1;0;0;0;
EBT;UF;2307304;339.5000;29;1;12;13;1;2;
EBT;UF;2307601;110.0000;4;0;0;2;1;1;
EBT;UF;2307650;239.2148;44;2;21;19;2;0;
EBT;UF;2307700;20.0000;2;0;0;2;0;0;
EBT;UF;2308302;16.0000;1;0;0;0;1;0;
EBT;UF;2309201;10.0000;1;0;0;1;0;0;
EBT;UF;2309607;106.0000;3;0;0;0;2;1;
EBT;UF;2310704;1.0000;1;0;1;0;0;0;
EBT;UF;2311306;53.0000;5;0;1;3;1;0;
EBT;UF;2311801;72.9375;20;8;8;3;1;0;
EBT;UF;2312403;4.0000;2;0;2;0;0;0;
EBT;UF;2312908;432.3125;44;6;14;17;5;2;
EBT;UF;2313302;3.1875;4;2;2;0;0;0;
EBT;UF;2313401;722.0000;13;0;2;4;3;4;
EBT;UF;2400109;90.0000;4;0;0;3;0;1;
EBT;UF;2400802;0.5000;1;1;0;0;0;0;
EBT;UF;2403251;160.8750;44;6;24;14;0;0;
EBT;UF;2404507;1.0000;1;0;1;0;0;0;
EBT;UF;2406700;10.0000;1;0;0;1;0;0;
EBT;UF;2407104;33.0000;13;0;11;2;0;0;
EBT;UF;2407203;10.0000;1;0;0;1;0;0;
EBT;UF;2408003;691.8125;51;6;26;12;4;3;
EBT;UF;2408102;5973.0430;150;19;33;57;18;23;
EBT;UF;2412005;235.5000;22;1;11;7;1;2;
EBT;UF;2501807;79.5000;12;1;7;3;1;0;
EBT;UF;2503209;557.2500;34;1;17;12;1;3;
EBT;UF;2504009;1923.7500;64;6;14;29;6;9;
EBT;UF;2506301;42.0000;2;0;0;1;1;0;
EBT;UF;2506905;48.0000;2;0;0;0;2;0;
EBT;UF;2507507;6022.7773;241;19;96;74;26;26;
EBT;UF;2510808;197.0000;3;0;0;1;1;1;
EBT;UF;2516201;2.0000;1;0;1;0;0;0;
EBT;UF;2600054;249.6250;39;7;26;4;1;1;
EBT;UF;2601102;18.0000;1;0;0;0;1;0;
EBT;UF;2601201;90.0000;7;0;1;2;4;0;
EBT;UF;2601706;190.5000;6;1;0;1;3;1;
EBT;UF;2601904;22.0000;1;0;0;0;1;0;
EBT;UF;2602902;1274.1719;102;6;68;19;3;6;
EBT;UF;2603454;19.5000;11;1;9;1;0;0;
EBT;UF;2604007;51.0000;5;0;1;3;1;0;
EBT;UF;2604106;1670.4727;67;7;31;22;4;3;
EBT;UF;2605103;24.7891;3;0;2;0;1;0;
EBT;UF;2606002;20.5000;3;1;0;2;0;0;
EBT;UF;2606408;145.2500;10;3;5;1;0;1;
EBT;UF;2606804;42.5000;16;1;10;5;0;0;
EBT;UF;2607208;612.2500;43;6;19;15;0;3;
EBT;UF;2607901;929.7813;176;17;93;57;8;1;
EBT;UF;2608909;6.0000;9;5;4;0;0;0;
EBT;UF;2609600;497.4648;59;7;29;16;5;2;
EBT;UF;2610707;472.5898;68;9;48;8;1;2;
EBT;UF;2610905;168.0000;3;0;0;0;2;1;
EBT;UF;2611101;106.5000;15;1;8;4;2;0;
EBT;UF;2611606;17877.1953;707;52;285;222;79;69;
EBT;UF;2612000;50.0000;1;0;0;0;0;1;
EBT;UF;2612208;22.0000;3;0;0;3;0;0;
EBT;UF;2613701;42.0000;8;0;5;2;1;0;
EBT;UF;2613909;161.6250;32;18;6;2;6;0;
EBT;UF;2700300;330.5625;43;2;22;17;1;1;
EBT;UF;2704302;4943.8398;330;39;111;136;23;21;
EBT;UF;2704708;2.0000;1;0;1;0;0;0;
EBT;UF;2706307;2.0000;1;0;1;0;0;0;
EBT;UF;2706703;12.0000;2;0;1;1;0;0;
EBT;UF;2707701;175.5000;14;1;12;0;0;1;
EBT;UF;2708600;2.0000;1;0;1;0;0;0;
EBT;UF;2800308;6943.0625;284;35;94;112;21;22;
EBT;UF;2800670;2.8750;5;3;2;0;0;0;
EBT;UF;2803203;1.0000;1;0;1;0;0;0;
EBT;UF;2804805;443.7500;59;6;32;18;1;2;
EBT;UF;2805703;30.0000;3;0;0;3;0;0;
EBT;UF;2806701;170.5625;13;3;5;3;1;1;
EBT;UF;2900702;117.0000;15;0;6;7;2;0;
EBT;UF;2901007;1.0000;1;0;1;0;0;0;
EBT;UF;2901106;1.0000;1;0;1;0;0;0;
EBT;UF;2903201;30.0000;7;0;4;3;0;0;
EBT;UF;2904605;78.0000;6;0;2;2;1;1;
EBT;UF;2904704;2.0000;1;0;1;0;0;0;
EBT;UF;2905602;130.0000;5;0;2;1;1;1;
EBT;UF;2905701;520.1250;88;6;50;28;2;2;
EBT;UF;2906501;744.0000;18;0;6;6;2;4;
EBT;UF;2906709;2.0000;1;0;1;0;0;0;
EBT;UF;2908408;1.0000;1;0;1;0;0;0;
EBT;UF;2908507;11.0000;2;0;1;1;0;0;
EBT;UF;2909802;58.0000;5;0;0;4;1;0;
EBT;UF;2910727;372.8125;26;3;13;7;1;2;
EBT;UF;2910800;3187.2344;167;22;67;56;8;14;
EBT;UF;2912103;4.0000;1;0;0;1;0;0;
EBT;UF;2913606;954.5000;83;1;24;48;7;3;
EBT;UF;2913705;1.0000;1;0;1;0;0;0;
EBT;UF;2914653;18.0000;3;0;1;2;0;0;
EBT;UF;2914802;1723.1250;78;9;32;26;3;8;
EBT;UF;2914901;72.0000;2;0;0;1;0;1;
EBT;UF;2915304;2.0000;1;0;1;0;0;0;
EBT;UF;2915601;104.0000;10;0;6;1;3;0;
EBT;UF;2915809;12.0000;2;0;1;1;0;0;
EBT;UF;2916302;2.0000;1;0;1;0;0;0;
EBT;UF;2916401;164.1875;9;2;2;2;2;1;
EBT;UF;2917102;2.0000;1;0;1;0;0;0;
EBT;UF;2917607;100.0000;1;0;0;0;0;1;
EBT;UF;2918001;211.0000;25;3;12;8;1;1;
EBT;UF;2918407;7.5156;4;0;4;0;0;0;
EBT;UF;2919207;1432.5000;65;1;31;26;3;4;
EBT;UF;2919553;2.0000;1;0;1;0;0;0;
EBT;UF;2920601;18.0000;2;0;0;2;0;0;
EBT;UF;2921005;20.2500;3;1;0;2;0;0;
EBT;UF;2921302;10.0000;2;0;0;2;0;0;
EBT;UF;2922003;14.0000;2;0;0;2;0;0;
EBT;UF;2924009;84.1250;12;1;5;4;2;0;
EBT;UF;2925006;4.0000;2;0;2;0;0;0;
EBT;UF;2925105;20.0000;2;0;0;2;0;0;
EBT;UF;2925303;320.0000;22;0;11;6;3;2;
EBT;UF;2927002;0.5000;1;1;0;0;0;0;
EBT;UF;2927408;36746.9297;1006;103;355;387;81;80;
EBT;UF;2928703;196.0000;7;0;1;3;2;1;
EBT;UF;2929206;4.0625;2;1;0;1;0;0;
EBT;UF;2929305;50.0000;1;0;0;0;0;1;
EBT;UF;2929354;4.0000;1;0;0;1;0;0;
EBT;UF;2930105;25.0000;5;0;3;2;0;0;
EBT;UF;2930709;215.5000;53;3;32;18;0;0;
EBT;UF;2931350;3367.3125;39;4;14;7;5;9;
EBT;UF;2932507;32.0000;1;0;0;0;1;0;
EBT;UF;2932903;6.2500;10;6;4;0;0;0;
EBT;UF;2933307;1237.0625;92;7;38;35;7;5;
EBT;UF;3100302;2.0000;1;0;1;0;0;0;
EBT;UF;3101508;259.0000;11;2;1;0;8;0;
EBT;UF;3101607;73.6250;34;8;23;3;0;0;
EBT;UF;3101904;2.0000;1;0;1;0;0;0;
EBT;UF;3103504;45.4297;22;1;18;3;0;0;
EBT;UF;3104007;78.9648;33;7;25;0;1;0;
EBT;UF;3104205;13.2500;8;1;7;0;0;0;
EBT;UF;3104601;32.0000;1;0;0;0;1;0;
EBT;UF;3104908;4.0000;2;0;2;0;0;0;
EBT;UF;3105608;217.3945;28;2;17;3;6;0;
EBT;UF;3106200;131709.576;2961;332;1677;577;220;155;
EBT;UF;3106309;74.0625;5;1;1;1;2;0;
EBT;UF;3106705;2245.1172;285;53;167;35;26;4;
EBT;UF;3107109;4.0000;2;0;2;0;0;0;
EBT;UF;3107406;10.0000;5;0;5;0;0;0;
EBT;UF;3107703;0.2500;1;1;0;0;0;0;
EBT;UF;3108404;2.0000;1;0;1;0;0;0;
EBT;UF;3108909;2.2500;2;1;1;0;0;0;
EBT;UF;3109303;2.0000;1;0;1;0;0;0;
EBT;UF;3109501;2.0000;1;0;1;0;0;0;
EBT;UF;3109709;2.0000;1;0;1;0;0;0;
EBT;UF;3110004;2.0000;1;0;1;0;0;0;
EBT;UF;3110301;2.0000;1;0;1;0;0;0;
EBT;UF;3110509;5.0000;3;0;3;0;0;0;
EBT;UF;3110608;3.0000;2;0;2;0;0;0;
EBT;UF;3110707;4.0000;2;0;2;0;0;0;
EBT;UF;3111606;2.0000;1;0;1;0;0;0;
EBT;UF;3112307;2.0000;1;0;1;0;0;0;
EBT;UF;3113206;64.0000;2;0;0;0;2;0;
EBT;UF;3113404;14.0000;3;0;2;1;0;0;
EBT;UF;3114303;2.0000;1;0;1;0;0;0;
EBT;UF;3114501;2.0000;1;0;1;0;0;0;
EBT;UF;3115300;561.0000;11;0;3;3;2;3;
EBT;UF;3115508;10.6250;8;3;5;0;0;0;
EBT;UF;3117876;24.0000;3;0;0;3;0;0;
EBT;UF;3118007;26.3125;13;4;8;1;0;0;
EBT;UF;3118304;93.3437;34;8;20;5;1;0;
EBT;UF;3118403;32.0000;1;0;0;0;1;0;
EBT;UF;3118601;3374.8672;483;65;274;96;39;9;
EBT;UF;3119401;92.5000;19;1;15;1;2;0;
EBT;UF;3120904;66.0000;30;0;28;2;0;0;
EBT;UF;3122306;1042.0430;89;9;61;11;3;5;
EBT;UF;3122454;0.2500;1;1;0;0;0;0;
EBT;UF;3123601;4.0000;2;0;2;0;0;0;
EBT;UF;3123908;2.0000;1;0;1;0;0;0;
EBT;UF;3124203;32.0000;1;0;0;0;1;0;
EBT;UF;3125101;21.0000;12;0;12;0;0;0;
EBT;UF;3126109;4.0000;2;0;2;0;0;0;
EBT;UF;3127008;2.0000;1;0;1;0;0;0;
EBT;UF;3127107;17.0000;9;0;9;0;0;0;
EBT;UF;3127701;1771.2734;102;11;58;13;14;6;
EBT;UF;3128709;8.0000;1;0;0;1;0;0;
EBT;UF;3129509;2.0000;1;0;1;0;0;0;
EBT;UF;3129806;212.9648;20;3;12;1;3;1;
EBT;UF;3130101;6.0000;3;0;3;0;0;0;
EBT;UF;3130309;5.0000;3;0;3;0;0;0;
EBT;UF;3131307;792.5273;88;15;50;8;13;2;
EBT;UF;3131703;263.2031;45;14;25;4;1;1;
EBT;UF;3131901;19.8750;11;4;6;1;0;0;
EBT;UF;3132206;6.0000;3;0;3;0;0;0;
EBT;UF;3132404;364.7070;71;16;40;8;7;0;
EBT;UF;3133006;9.0000;5;0;5;0;0;0;
EBT;UF;3133808;135.2500;27;3;16;7;1;0;
EBT;UF;3134103;0.2500;1;1;0;0;0;0;
EBT;UF;3134202;35.3945;21;2;19;0;0;0;
EBT;UF;3135209;2.0000;1;0;1;0;0;0;
EBT;UF;3135407;28.1250;7;1;4;2;0;0;
EBT;UF;3135506;2.0000;1;0;1;0;0;0;
EBT;UF;3136207;42.0000;34;13;20;1;0;0;
EBT;UF;3136306;62.0000;8;0;5;2;1;0;
EBT;UF;3136603;0.2500;1;1;0;0;0;0;
EBT;UF;3136702;4769.8867;209;15;110;43;24;17;
EBT;UF;3137205;88.0000;9;0;4;3;2;0;
EBT;UF;3137601;91.6797;33;11;18;3;1;0;
EBT;UF;3138203;450.0000;68;14;37;12;3;2;
EBT;UF;3138401;189.0000;3;0;1;0;1;1;
EBT;UF;3138609;200.0000;6;0;2;0;3;1;
EBT;UF;3138807;2.0000;1;0;1;0;0;0;
EBT;UF;3139003;32.0000;1;0;0;0;1;0;
EBT;UF;3139607;34.0000;2;0;1;0;1;0;
EBT;UF;3140001;64.0000;2;0;0;0;2;0;
EBT;UF;3140803;81.0000;10;0;4;5;1;0;
EBT;UF;3140902;0.2500;1;1;0;0;0;0;
EBT;UF;3141405;40.0000;5;0;4;0;1;0;
EBT;UF;3143302;3475.6797;141;14;67;17;34;9;
EBT;UF;3143906;356.0000;6;0;2;1;1;2;
EBT;UF;3144805;1034.0664;105;6;62;20;14;3;
EBT;UF;3145208;2.0000;1;0;1;0;0;0;
EBT;UF;3145604;12.2500;7;1;5;1;0;0;
EBT;UF;3145901;5.0000;3;0;3;0;0;0;
EBT;UF;3146107;12.5625;8;2;6;0;0;0;
EBT;UF;3146305;6.0000;3;0;3;0;0;0;
EBT;UF;3147006;117.7148;27;1;20;4;2;0;
EBT;UF;3147105;179.0625;14;1;11;1;0;1;
EBT;UF;3147402;200.0000;2;0;0;0;0;2;
EBT;UF;3147600;2.0000;1;0;1;0;0;0;
EBT;UF;3147907;217.6094;43;9;26;5;2;1;
EBT;UF;3148004;37.8750;20;4;15;1;0;0;
EBT;UF;3148103;6.5000;4;1;3;0;0;0;
EBT;UF;3149101;2.0000;1;0;1;0;0;0;
EBT;UF;3149309;102.3398;34;9;20;3;2;0;
EBT;UF;3149903;219.0000;8;0;5;1;0;2;
EBT;UF;3151206;475.5000;20;1;2;3;14;0;
EBT;UF;3151404;4.0000;2;0;2;0;0;0;
EBT;UF;3151800;311.5156;101;15;69;13;4;0;
EBT;UF;3152105;22.0000;3;0;1;2;0;0;
EBT;UF;3152501;584.7930;128;25;70;25;7;1;
EBT;UF;3154200;32.0000;1;0;0;0;1;0;
EBT;UF;3154606;209.1172;63;17;35;8;3;0;
EBT;UF;3155504;2.0000;1;0;1;0;0;0;
EBT;UF;3156007;0.2500;1;1;0;0;0;0;
EBT;UF;3156502;0.2500;1;1;0;0;0;0;
EBT;UF;3156700;23.8125;15;3;12;0;0;0;
EBT;UF;3157807;189.3086;63;15;36;10;2;0;
EBT;UF;3160405;2.0000;1;0;1;0;0;0;
EBT;UF;3160702;124.5000;6;1;2;2;0;1;
EBT;UF;3162104;20.0000;6;0;5;1;0;0;
EBT;UF;3162401;2.0000;1;0;1;0;0;0;
EBT;UF;3162500;373.9375;50;16;24;2;7;1;
EBT;UF;3162559;2.0000;1;0;1;0;0;0;
EBT;UF;3162708;2.0000;1;0;1;0;0;0;
EBT;UF;3162955;2.4648;4;3;1;0;0;0;
EBT;UF;3163706;40.5000;21;6;14;0;1;0;
EBT;UF;3164704;70.3750;46;14;31;1;0;0;
EBT;UF;3165701;64.0000;2;0;0;0;2;0;
EBT;UF;3166907;8.0000;1;0;0;1;0;0;
EBT;UF;3167202;330.8203;93;12;64;13;4;0;
EBT;UF;3168606;331.0000;43;5;21;10;7;0;
EBT;UF;3168705;599.5625;39;5;11;5;18;0;
EBT;UF;3169307;164.8750;45;19;20;2;4;0;
EBT;UF;3169356;4.0000;2;0;2;0;0;0;
EBT;UF;3169406;2.7500;3;2;1;0;0;0;
EBT;UF;3169901;166.0000;6;0;0;4;1;1;
EBT;UF;3170107;2456.3633;143;29;95;14;2;3;
EBT;UF;3170206;5355.4922;451;86;237;76;27;25;
EBT;UF;3170404;177.0000;44;2;37;3;1;1;
EBT;UF;3170701;2396.8711;103;10;56;17;9;11;
EBT;UF;3170800;193.0000;7;0;1;0;6;0;
EBT;UF;3171006;2.0000;1;0;1;0;0;0;
EBT;UF;3171204;138.0000;49;6;34;7;2;0;
EBT;UF;3171303;56.2500;11;1;8;1;1;0;
EBT;UF;3171501;1.0000;1;0;1;0;0;0;
EBT;UF;3172004;128.0000;4;0;0;0;4;0;
EBT;UF;3200102;8.0000;4;0;3;1;0;0;
EBT;UF;3200136;2.0000;1;0;1;0;0;0;
EBT;UF;3200169;4.0000;2;0;2;0;0;0;
EBT;UF;3200201;44.0000;4;0;1;2;1;0;
EBT;UF;3200300;7.0625;5;1;4;0;0;0;
EBT;UF;3200409;144.0000;3;0;0;1;1;1;
EBT;UF;3200508;1.0000;1;0;1;0;0;0;
EBT;UF;3200607;52.5000;10;3;3;3;1;0;
EBT;UF;3200706;3.0000;2;0;2;0;0;0;
EBT;UF;3200805;46.0000;4;0;0;2;2;0;
EBT;UF;3200904;16.0000;3;0;1;2;0;0;
EBT;UF;3201159;4.0000;2;0;2;0;0;0;
EBT;UF;3201209;2482.8125;54;4;34;8;4;4;
EBT;UF;3201308;534.0000;72;10;43;14;2;3;
EBT;UF;3201506;1196.9375;44;4;29;6;2;3;
EBT;UF;3201902;4.6250;8;6;2;0;0;0;
EBT;UF;3202009;1.0000;1;0;1;0;0;0;
EBT;UF;3202108;2.0000;1;0;1;0;0;0;
EBT;UF;3202207;4.7500;4;2;2;0;0;0;
EBT;UF;3202306;5.9375;8;5;3;0;0;0;
EBT;UF;3202405;535.5000;21;3;10;3;1;4;
EBT;UF;3202454;6.0000;4;0;4;0;0;0;
EBT;UF;3202504;75.1250;8;2;4;0;2;0;
EBT;UF;3202553;6.0000;3;0;3;0;0;0;
EBT;UF;3202603;2.0000;1;0;1;0;0;0;
EBT;UF;3202652;2.0000;1;0;1;0;0;0;
EBT;UF;3202702;5.1250;5;1;4;0;0;0;
EBT;UF;3202801;104.6875;9;6;2;0;0;1;
EBT;UF;3202900;38.0000;3;0;2;0;1;0;
EBT;UF;3203007;2.0000;1;0;1;0;0;0;
EBT;UF;3203106;6.0000;3;0;3;0;0;0;
EBT;UF;3203130;2.0000;1;0;1;0;0;0;
EBT;UF;3203163;3.1875;4;2;2;0;0;0;
EBT;UF;3203205;231.8750;33;7;18;5;2;1;
EBT;UF;3203304;10.0000;4;0;3;1;0;0;
EBT;UF;3203320;5.1875;9;5;4;0;0;0;
EBT;UF;3203346;20.0000;2;0;0;2;0;0;
EBT;UF;3203353;2.0000;1;0;1;0;0;0;
EBT;UF;3203502;10.0000;1;0;0;1;0;0;
EBT;UF;3203601;3.2500;3;1;2;0;0;0;
EBT;UF;3203809;3.0000;2;0;2;0;0;0;
EBT;UF;3203908;4.0000;2;0;2;0;0;0;
EBT;UF;3204054;22.0000;6;0;4;2;0;0;
EBT;UF;3204104;96.0000;3;0;1;0;1;1;
EBT;UF;3204203;129.6250;5;3;1;0;0;1;
EBT;UF;3204252;1.2500;2;1;1;0;0;0;
EBT;UF;3204302;8.0000;4;0;4;0;0;0;
EBT;UF;3204401;30.0000;2;0;0;1;1;0;
EBT;UF;3204500;1.2500;2;1;1;0;0;0;
EBT;UF;3204559;4.5625;4;2;2;0;0;0;
EBT;UF;3204609;49.0000;6;0;4;1;1;0;
EBT;UF;3204658;2.0000;2;0;2;0;0;0;
EBT;UF;3204708;4.0000;2;0;2;0;0;0;
EBT;UF;3204807;2.0000;1;0;1;0;0;0;
EBT;UF;3204906;769.7500;22;3;6;4;4;5;
EBT;UF;3205002;3486.0000;189;30;84;48;15;12;
EBT;UF;3205010;2.0000;1;0;1;0;0;0;
EBT;UF;3205036;5.0000;2;0;1;1;0;0;
EBT;UF;3205069;110.1875;13;7;5;0;0;1;
EBT;UF;3205101;214.0625;26;1;15;8;1;1;
EBT;UF;3205200;2519.8125;98;12;39;32;7;8;
EBT;UF;3205309;50579.5859;224;25;37;76;26;60;
EBT;UF;3300100;1166.0000;29;5;16;5;2;1;
EBT;UF;3300209;27.0000;9;2;4;3;0;0;
EBT;UF;3300233;6.7148;7;4;3;0;0;0;
EBT;UF;3300258;2.2500;2;1;1;0;0;0;
EBT;UF;3300308;12.7500;8;2;6;0;0;0;
EBT;UF;3300407;109.5000;27;4;16;5;2;0;
EBT;UF;3300456;304.8047;52;7;37;5;1;2;
EBT;UF;3300506;1.4648;1;0;1;0;0;0;
EBT;UF;3300605;0.2500;1;1;0;0;0;0;
EBT;UF;3300704;51.5000;23;3;18;2;0;0;
EBT;UF;3300803;4.0000;2;0;2;0;0;0;
EBT;UF;3301009;5450.3398;93;22;45;13;4;9;
EBT;UF;3301108;5.5000;5;2;3;0;0;0;
EBT;UF;3301306;3.0000;2;0;2;0;0;0;
EBT;UF;3301702;4451.3086;175;20;101;23;8;23;
EBT;UF;3301850;2.0000;1;0;1;0;0;0;
EBT;UF;3301900;2728.6250;33;5;22;4;0;2;
EBT;UF;3302007;138.4648;34;3;25;3;3;0;
EBT;UF;3302205;30.9648;19;4;15;0;0;0;
EBT;UF;3302254;265.7500;27;2;15;5;4;1;
EBT;UF;3302270;2.5000;2;1;1;0;0;0;
EBT;UF;3302403;12625.5742;311;14;124;124;29;20;
EBT;UF;3302502;11.7500;8;2;6;0;0;0;
EBT;UF;3302601;10.5000;2;1;0;1;0;0;
EBT;UF;3302700;12.5000;7;1;6;0;0;0;
EBT;UF;3302858;74.0547;18;3;13;1;0;1;
EBT;UF;3303203;42.6797;31;7;24;0;0;0;
EBT;UF;3303302;4130.3008;360;27;264;38;21;10;
EBT;UF;3303401;25.0000;16;6;9;1;0;0;
EBT;UF;3303500;513.8555;97;12;65;17;1;2;
EBT;UF;3303609;5.2500;4;1;3;0;0;0;
EBT;UF;3303807;38.7500;9;2;4;3;0;0;
EBT;UF;3303906;1685.4258;85;9;54;13;6;3;
EBT;UF;3303955;1.4648;1;0;1;0;0;0;
EBT;UF;3304003;3.5000;3;1;2;0;0;0;
EBT;UF;3304110;1291.1250;46;7;14;14;1;10;
EBT;UF;3304144;26.7500;12;2;9;1;0;0;
EBT;UF;3304201;834.2500;72;4;41;14;9;4;
EBT;UF;3304300;11.2500;10;3;7;0;0;0;
EBT;UF;3304524;266.2500;51;7;25;17;2;0;
EBT;UF;3304557;843246.907;8814;501;4477;2486;541;809;
EBT;UF;3304706;1.0000;1;0;1;0;0;0;
EBT;UF;3304805;0.5000;1;1;0;0;0;0;
EBT;UF;3304904;658.0352;131;25;84;18;0;4;
EBT;UF;3305000;82.2500;17;3;11;1;2;0;
EBT;UF;3305109;196.0625;58;8;42;7;0;1;
EBT;UF;3305208;28.2148;18;4;14;0;0;0;
EBT;UF;3305505;3.5000;3;1;2;0;0;0;
EBT;UF;3305554;508.0000;13;5;4;0;1;3;
EBT;UF;3305802;10145.8906;26;2;13;1;1;9;
EBT;UF;3306008;247.5000;31;1;19;9;1;1;
EBT;UF;3306107;5.0000;4;2;2;0;0;0;
EBT;UF;3306305;909.2500;57;7;29;9;7;5;
EBT;UF;3500105;155.0000;1;0;0;0;0;1;
EBT;UF;3500709;6.0000;1;0;0;1;0;0;
EBT;UF;3501004;0.2500;1;1;0;0;0;0;
EBT;UF;3501152;52.0000;2;0;1;0;0;1;
EBT;UF;3501608;3456.6797;160;21;95;19;5;20;
EBT;UF;3501707;310.0000;2;0;0;0;0;2;
EBT;UF;3502101;1819.0000;8;0;4;1;0;3;
EBT;UF;3502507;4.7148;4;1;3;0;0;0;
EBT;UF;3502804;545.7148;22;3;10;6;0;3;
EBT;UF;3503000;2.5000;2;1;1;0;0;0;
EBT;UF;3503208;4172.2148;113;14;55;14;5;25;
EBT;UF;3503307;50.6875;34;9;25;0;0;0;
EBT;UF;3503901;128.7500;16;4;10;1;0;1;
EBT;UF;3504008;1021.6250;20;3;5;5;1;6;
EBT;UF;3504107;31.9648;16;3;12;1;0;0;
EBT;UF;3504503;2.0000;1;0;1;0;0;0;
EBT;UF;3505302;6.0000;3;0;3;0;0;0;
EBT;UF;3505500;669.5156;13;0;3;5;0;5;
EBT;UF;3505708;108855.059;679;52;229;171;72;155;
EBT;UF;3505906;1.2598;3;2;1;0;0;0;
EBT;UF;3506003;13775.9492;265;13;100;62;14;76;
EBT;UF;3506102;2057.3750;53;10;20;8;3;12;
EBT;UF;3506359;7.0000;9;6;3;0;0;0;
EBT;UF;3506508;235.0000;2;0;0;0;0;2;
EBT;UF;3507001;299.0000;9;0;3;4;0;2;
EBT;UF;3507506;1722.2539;49;0;28;9;2;10;
EBT;UF;3507605;1555.0625;33;10;6;5;3;9;
EBT;UF;3507803;2.2500;2;1;1;0;0;0;
EBT;UF;3508207;2.5000;2;1;1;0;0;0;
EBT;UF;3508405;18.5000;7;1;5;1;0;0;
EBT;UF;3508504;135.2500;7;1;5;0;0;1;
EBT;UF;3508603;1375.2500;7;1;1;0;2;3;
EBT;UF;3509007;1.0000;1;0;1;0;0;0;
EBT;UF;3509205;1736.6094;94;13;39;29;6;7;
EBT;UF;3509254;155.2500;2;1;0;0;0;1;
EBT;UF;3509403;1.2500;2;1;1;0;0;0;
EBT;UF;3509502;67032.6875;835;71;394;154;46;170;
EBT;UF;3509700;28.3750;16;6;9;1;0;0;
EBT;UF;3510005;0.7500;2;2;0;0;0;0;
EBT;UF;3510401;2.0000;1;0;1;0;0;0;
EBT;UF;3510500;209.0000;6;0;2;2;1;1;
EBT;UF;3510609;2.4648;2;0;2;0;0;0;
EBT;UF;3511102;617.7109;26;0;12;10;1;3;
EBT;UF;3511508;0.5000;1;1;0;0;0;0;
EBT;UF;3512803;10.0625;5;1;3;1;0;0;
EBT;UF;3513009;2926.2070;49;11;24;9;2;3;
EBT;UF;3513504;953.1250;29;3;13;5;2;6;
EBT;UF;3513702;1.5625;6;6;0;0;0;0;
EBT;UF;3513801;3962.1055;317;44;197;50;4;22;
EBT;UF;3514403;2.0000;1;0;1;0;0;0;
EBT;UF;3515186;4.2500;3;1;2;0;0;0;
EBT;UF;3515707;6.7500;5;2;3;0;0;0;
EBT;UF;3516200;3232.0918;94;12;57;4;2;19;
EBT;UF;3516705;7.2500;5;1;4;0;0;0;
EBT;UF;3516903;2.0000;1;0;1;0;0;0;
EBT;UF;3517000;2.0000;1;0;1;0;0;0;
EBT;UF;3517406;1.2646;4;3;1;0;0;0;
EBT;UF;3517703;13.7686;10;3;7;0;0;0;
EBT;UF;3518305;155.0000;1;0;0;0;0;1;
EBT;UF;3518404;77.0625;47;6;41;0;0;0;
EBT;UF;3518701;1694.0937;99;16;64;12;3;4;
EBT;UF;3518800;2688.7500;564;93;376;75;9;11;
EBT;UF;3519071;13916.8750;79;4;19;8;10;38;
EBT;UF;3520103;0.5000;1;1;0;0;0;0;
EBT;UF;3520509;2581.3125;86;14;43;10;3;16;
EBT;UF;3521002;4.0000;2;0;2;0;0;0;
EBT;UF;3521309;4.7686;5;3;2;0;0;0;
EBT;UF;3522208;10.0000;1;0;0;1;0;0;
EBT;UF;3522307;620.0000;10;3;0;2;1;4;
EBT;UF;3522505;17.5391;5;0;2;3;0;0;
EBT;UF;3522604;1.5625;4;3;1;0;0;0;
EBT;UF;3523107;222.2500;27;11;9;5;1;1;
EBT;UF;3523909;3901.7031;96;9;42;18;8;19;
EBT;UF;3524006;0.1250;1;1;0;0;0;0;
EBT;UF;3524105;3.7500;4;2;2;0;0;0;
EBT;UF;3524303;229.2500;9;1;0;6;1;1;
EBT;UF;3524402;599.5117;124;15;89;17;1;2;
EBT;UF;3524709;963.5000;19;5;5;1;2;6;
EBT;UF;3525003;196.7500;13;2;6;4;0;1;
EBT;UF;3525102;3.7500;5;2;3;0;0;0;
EBT;UF;3525201;20.0000;1;0;0;0;1;0;
EBT;UF;3525300;2567.0000;67;0;37;12;3;15;
EBT;UF;3525904;10807.0469;320;42;156;62;19;41;
EBT;UF;3526704;6.5000;5;1;4;0;0;0;
EBT;UF;3526803;1662.0000;27;0;11;4;2;10;
EBT;UF;3526902;2958.8477;107;10;68;11;2;16;
EBT;UF;3527108;2477.0156;45;9;12;7;2;15;
EBT;UF;3527207;10.0000;5;0;5;0;0;0;
EBT;UF;3527306;427.7305;19;3;10;2;1;3;
EBT;UF;3528007;2048.0000;2;0;0;0;0;2;
EBT;UF;3528403;12.7500;8;2;6;0;0;0;
EBT;UF;3528502;4.7500;4;2;2;0;0;0;
EBT;UF;3529005;3675.5000;114;13;48;23;8;22;
EBT;UF;3529302;318.0000;3;0;0;1;0;2;
EBT;UF;3529401;2204.2070;164;29;100;21;2;12;
EBT;UF;3529708;3.7500;4;2;2;0;0;0;
EBT;UF;3530300;332.0000;5;0;1;2;0;2;
EBT;UF;3530508;3.0000;4;3;1;0;0;0;
EBT;UF;3530607;6388.9922;263;49;159;25;14;16;
EBT;UF;3530706;79.7500;43;6;36;1;0;0;
EBT;UF;3530805;565.9766;28;0;24;1;0;3;
EBT;UF;3531100;9.8750;8;3;5;0;0;0;
EBT;UF;3531902;3.2500;5;3;2;0;0;0;
EBT;UF;3532009;7.0000;4;0;4;0;0;0;
EBT;UF;3533007;1.0000;1;0;1;0;0;0;
EBT;UF;3533403;19.0000;13;2;11;0;0;0;
EBT;UF;3534401;7009.4980;178;14;77;49;13;25;
EBT;UF;3534609;155.2500;2;1;0;0;0;1;
EBT;UF;3534708;1633.5000;31;1;9;8;2;11;
EBT;UF;3535507;10.0000;1;0;0;1;0;0;
EBT;UF;3536505;6.5625;6;3;3;0;0;0;
EBT;UF;3536703;35.0000;2;0;1;0;1;0;
EBT;UF;3537404;3.3125;6;5;1;0;0;0;
EBT;UF;3537602;2.0000;1;0;1;0;0;0;
EBT;UF;3538006;5289.1250;35;4;21;4;0;6;
EBT;UF;3538709;4609.6289;131;20;71;17;6;17;
EBT;UF;3539004;2.0000;1;0;1;0;0;0;
EBT;UF;3539301;16.8125;11;3;8;0;0;0;
EBT;UF;3539806;1169.3945;48;1;5;4;32;6;
EBT;UF;3541000;48.0547;37;12;24;1;0;0;
EBT;UF;3541307;0.2500;1;1;0;0;0;0;
EBT;UF;3541406;3343.5781;103;7;51;18;7;20;
EBT;UF;3541505;16.0000;1;0;0;0;1;0;
EBT;UF;3542206;12.0000;2;0;1;1;0;0;
EBT;UF;3542404;2.0000;1;0;1;0;0;0;
EBT;UF;3543303;30.8125;16;5;10;1;0;0;
EBT;UF;3543402;17000.6445;471;30;216;121;14;90;
EBT;UF;3543907;2026.8516;110;14;68;14;2;12;
EBT;UF;3544004;157.2500;5;3;1;0;0;1;
EBT;UF;3544103;7.2500;5;1;4;0;0;0;
EBT;UF;3544202;2.0000;1;0;1;0;0;0;
EBT;UF;3545209;649.4648;14;0;7;3;0;4;
EBT;UF;3545803;302.5742;56;3;42;10;0;1;
EBT;UF;3546306;2.0000;1;0;1;0;0;0;
EBT;UF;3546405;21.0000;4;2;0;2;0;0;
EBT;UF;3547304;8233.1875;52;4;20;10;3;15;
EBT;UF;3547809;16693.4180;442;79;230;61;11;61;
EBT;UF;3548500;15258.5000;383;31;196;91;16;49;
EBT;UF;3548708;15813.2266;704;175;336;83;41;69;
EBT;UF;3548807;7817.1172;192;31;97;35;12;17;
EBT;UF;3548906;3120.8398;61;2;30;19;0;10;
EBT;UF;3549409;7.6250;10;6;4;0;0;0;
EBT;UF;3549706;22.8125;10;3;6;1;0;0;
EBT;UF;3549805;5505.0000;100;0;26;38;6;30;
EBT;UF;3549904;9681.1172;422;57;243;79;12;31;
EBT;UF;3550100;4.2500;5;3;2;0;0;0;
EBT;UF;3550308;497874.672;12412;1135;5621;3290;672;1694;
EBT;UF;3550605;12.3750;12;5;7;0;0;0;
EBT;UF;3550704;18.0000;4;0;2;2;0;0;
EBT;UF;3551009;3189.0547;101;26;54;13;0;8;
EBT;UF;3551702;499.0000;12;0;7;2;0;3;
EBT;UF;3552205;15363.5039;444;39;221;81;21;82;
EBT;UF;3552403;70.5000;16;2;11;1;2;0;
EBT;UF;3552502;217.3750;45;12;31;0;0;2;
EBT;UF;3552809;12505.7500;34;2;12;7;2;11;
EBT;UF;3554102;2655.6797;168;29;97;19;8;15;
EBT;UF;3554508;11.0000;5;0;4;1;0;0;
EBT;UF;3555000;2.0000;1;0;1;0;0;0;
EBT;UF;3555406;0.5000;1;1;0;0;0;0;
EBT;UF;3556206;861.7148;44;9;23;5;1;6;
EBT;UF;3556404;0.5000;1;1;0;0;0;0;
EBT;UF;3556503;0.2500;1;1;0;0;0;0;
EBT;UF;3556701;198.0000;7;0;4;1;1;1;
EBT;UF;3557006;1026.7500;50;8;31;5;0;6;
EBT;UF;3557105;32.1250;10;2;6;2;0;0;
EBT;UF;3557303;0.2500;1;1;0;0;0;0;
EBT;UF;4100202;0.2500;1;1;0;0;0;0;
EBT;UF;4100301;0.2500;1;1;0;0;0;0;
EBT;UF;4100400;26.2500;16;7;7;2;0;0;
EBT;UF;4100509;1.0000;1;0;1;0;0;0;
EBT;UF;4100608;1.0000;1;0;1;0;0;0;
EBT;UF;4100707;1.2500;2;1;1;0;0;0;
EBT;UF;4100806;1.2500;2;1;1;0;0;0;
EBT;UF;4100905;0.5000;2;2;0;0;0;0;
EBT;UF;4101002;0.5000;1;1;0;0;0;0;
EBT;UF;4101101;10.7500;8;2;6;0;0;0;
EBT;UF;4101408;147.8750;33;4;21;7;1;0;
EBT;UF;4101507;2118.5313;19;2;9;6;0;2;
EBT;UF;4101606;3.0000;2;0;2;0;0;0;
EBT;UF;4101705;1.0000;1;0;1;0;0;0;
EBT;UF;4101804;727.2188;123;34;66;16;5;2;
EBT;UF;4101903;3.0000;2;0;2;0;0;0;
EBT;UF;4102000;3.0000;2;0;2;0;0;0;
EBT;UF;4102109;1.0000;1;0;1;0;0;0;
EBT;UF;4102307;14.5000;9;1;8;0;0;0;
EBT;UF;4102406;24.3125;10;6;2;2;0;0;
EBT;UF;4102505;1.0000;1;0;1;0;0;0;
EBT;UF;4102802;3.2500;3;1;2;0;0;0;
EBT;UF;4102901;1.0000;1;0;1;0;0;0;
EBT;UF;4103057;0.2500;1;1;0;0;0;0;
EBT;UF;4103206;0.2500;1;1;0;0;0;0;
EBT;UF;4103354;0.2500;1;1;0;0;0;0;
EBT;UF;4103503;0.2500;1;1;0;0;0;0;
EBT;UF;4103602;4.2500;3;1;2;0;0;0;
EBT;UF;4103701;61.4375;49;18;29;2;0;0;
EBT;UF;4103800;0.5000;2;2;0;0;0;0;
EBT;UF;4104006;3.2500;4;1;3;0;0;0;
EBT;UF;4104105;0.2500;1;1;0;0;0;0;
EBT;UF;4104204;141.0000;28;4;15;8;0;1;
EBT;UF;4104253;4.2500;4;1;3;0;0;0;
EBT;UF;4104303;11.0000;6;0;6;0;0;0;
EBT;UF;4104428;9.2500;3;1;1;1;0;0;
EBT;UF;4104501;1.2500;2;1;1;0;0;0;
EBT;UF;4104659;1.4375;4;3;1;0;0;0;
EBT;UF;4104709;2.0000;1;0;1;0;0;0;
EBT;UF;4104808;2499.4375;155;42;84;24;3;2;
EBT;UF;4104907;21.4375;30;21;8;1;0;0;
EBT;UF;4105003;0.2500;1;1;0;0;0;0;
EBT;UF;4105102;1.0000;1;0;1;0;0;0;
EBT;UF;4105409;3.1250;3;1;2;0;0;0;
EBT;UF;4105508;88.6563;40;11;25;4;0;0;
EBT;UF;4105607;0.2500;1;1;0;0;0;0;
EBT;UF;4105706;3.0000;2;0;2;0;0;0;
EBT;UF;4105805;247.3125;54;19;29;4;1;1;
EBT;UF;4106001;0.2500;1;1;0;0;0;0;
EBT;UF;4106209;1.0000;1;0;1;0;0;0;
EBT;UF;4106308;1.0000;1;0;1;0;0;0;
EBT;UF;4106407;54.7656;9;1;5;2;1;0;
EBT;UF;4106506;1.5625;4;3;1;0;0;0;
EBT;UF;4106605;1.0000;1;0;1;0;0;0;
EBT;UF;4106704;0.2500;1;1;0;0;0;0;
EBT;UF;4106902;44816.8633;1894;338;905;411;138;102;
EBT;UF;4107009;2.0000;2;0;2;0;0;0;
EBT;UF;4107108;0.5000;2;2;0;0;0;0;
EBT;UF;4107207;8.2500;7;2;5;0;0;0;
EBT;UF;4107256;12.7500;3;2;0;1;0;0;
EBT;UF;4107306;0.5000;2;2;0;0;0;0;
EBT;UF;4107405;0.2500;1;1;0;0;0;0;
EBT;UF;4107504;0.2500;1;1;0;0;0;0;
EBT;UF;4107538;1.0000;1;0;1;0;0;0;
EBT;UF;4107603;1.0000;1;0;1;0;0;0;
EBT;UF;4107652;354.4375;17;6;7;1;1;2;
EBT;UF;4107702;0.2500;1;1;0;0;0;0;
EBT;UF;4107736;6.0000;2;0;1;1;0;0;
EBT;UF;4107801;2.5000;3;2;1;0;0;0;
EBT;UF;4107900;2.2500;2;1;1;0;0;0;
EBT;UF;4108007;1.5000;3;2;1;0;0;0;
EBT;UF;4108106;0.2500;1;1;0;0;0;0;
EBT;UF;4108205;1.2500;2;1;1;0;0;0;
EBT;UF;4108304;392.8750;157;61;86;8;1;1;
EBT;UF;4108320;0.2500;1;1;0;0;0;0;
EBT;UF;4108403;62.5625;23;7;15;0;1;0;
EBT;UF;4108452;0.0625;1;1;0;0;0;0;
EBT;UF;4108502;2.0000;1;0;1;0;0;0;
EBT;UF;4108551;0.2500;1;1;0;0;0;0;
EBT;UF;4108601;6.3125;9;5;4;0;0;0;
EBT;UF;4108700;1.0000;1;0;1;0;0;0;
EBT;UF;4108809;19.5000;11;1;10;0;0;0;
EBT;UF;4109302;1.0000;1;0;1;0;0;0;
EBT;UF;4109401;676.0625;29;7;18;3;0;1;
EBT;UF;4109500;2.5000;3;2;1;0;0;0;
EBT;UF;4109609;9.0000;5;0;5;0;0;0;
EBT;UF;4109708;1.0000;1;0;1;0;0;0;
EBT;UF;4109807;19.3750;26;14;12;0;0;0;
EBT;UF;4110201;0.2500;1;1;0;0;0;0;
EBT;UF;4110607;1.0000;1;0;1;0;0;0;
EBT;UF;4110706;10.8125;25;22;3;0;0;0;
EBT;UF;4110904;0.2500;1;1;0;0;0;0;
EBT;UF;4110953;1.0000;1;0;1;0;0;0;
EBT;UF;4111407;0.2500;1;1;0;0;0;0;
EBT;UF;4111506;5.2500;4;1;3;0;0;0;
EBT;UF;4111803;12.7500;10;4;6;0;0;0;
EBT;UF;4112009;18.2500;5;3;1;0;1;0;
EBT;UF;4112108;3.3750;5;3;2;0;0;0;
EBT;UF;4112504;1.0000;1;0;1;0;0;0;
EBT;UF;4112702;1.2500;2;1;1;0;0;0;
EBT;UF;4112801;1.0000;1;0;1;0;0;0;
EBT;UF;4113205;1.0625;2;1;1;0;0;0;
EBT;UF;4113304;2.7500;4;2;2;0;0;0;
EBT;UF;4113502;1.0000;1;0;1;0;0;0;
EBT;UF;4113601;14.0000;4;0;3;1;0;0;
EBT;UF;4113700;8740.8242;330;86;140;71;16;17;
EBT;UF;4113734;0.2500;1;1;0;0;0;0;
EBT;UF;4113809;1.0000;1;0;1;0;0;0;
EBT;UF;4114005;1.0000;1;0;1;0;0;0;
EBT;UF;4114104;6.2500;6;3;3;0;0;0;
EBT;UF;4114203;45.0000;14;6;6;1;1;0;
EBT;UF;4114351;0.2500;1;1;0;0;0;0;
EBT;UF;4114401;2.2500;3;1;2;0;0;0;
EBT;UF;4114500;1.2500;2;1;1;0;0;0;
EBT;UF;4114609;0.5000;1;1;0;0;0;0;
EBT;UF;4114807;11.7500;7;2;4;1;0;0;
EBT;UF;4114906;1.0000;1;0;1;0;0;0;
EBT;UF;4115101;0.2500;1;1;0;0;0;0;
EBT;UF;4115200;4551.7148;311;77;155;68;4;7;
EBT;UF;4115309;0.2500;1;1;0;0;0;0;
EBT;UF;4115358;1.0000;1;0;1;0;0;0;
EBT;UF;4115606;3.2500;3;1;2;0;0;0;
EBT;UF;4115705;5.0000;3;0;3;0;0;0;
EBT;UF;4115804;3.2500;3;1;2;0;0;0;
EBT;UF;4116208;1.0000;1;0;1;0;0;0;
EBT;UF;4116703;1.0000;1;0;1;0;0;0;
EBT;UF;4116901;2.3750;5;4;1;0;0;0;
EBT;UF;4117008;0.2500;1;1;0;0;0;0;
EBT;UF;4117107;1.0000;1;0;1;0;0;0;
EBT;UF;4117206;0.2500;1;1;0;0;0;0;
EBT;UF;4117271;0.2500;1;1;0;0;0;0;
EBT;UF;4117503;9.3750;7;2;5;0;0;0;
EBT;UF;4117602;4.5000;4;1;3;0;0;0;
EBT;UF;4117701;1.0000;1;0;1;0;0;0;
EBT;UF;4117909;7.5000;6;2;4;0;0;0;
EBT;UF;4118105;1.0000;1;0;1;0;0;0;
EBT;UF;4118204;474.3438;113;20;74;16;2;1;
EBT;UF;4118402;89.2031;48;18;29;0;1;0;
EBT;UF;4118451;1.2500;2;1;1;0;0;0;
EBT;UF;4118501;79.5625;35;8;25;1;1;0;
EBT;UF;4118600;0.2500;1;1;0;0;0;0;
EBT;UF;4118709;0.2500;1;1;0;0;0;0;
EBT;UF;4118907;1.0000;1;0;1;0;0;0;
EBT;UF;4119152;287.2500;61;3;40;14;4;0;
EBT;UF;4119202;0.2500;1;1;0;0;0;0;
EBT;UF;4119301;37.5625;6;3;2;0;1;0;
EBT;UF;4119400;2.0000;1;0;1;0;0;0;
EBT;UF;4119509;12.5625;11;4;7;0;0;0;
EBT;UF;4119608;1.0000;1;0;1;0;0;0;
EBT;UF;4119707;0.2500;1;1;0;0;0;0;
EBT;UF;4119806;1.0000;1;0;1;0;0;0;
EBT;UF;4119905;571.1875;145;43;76;20;5;1;
EBT;UF;4119954;26.7500;9;2;6;0;1;0;
EBT;UF;4120002;1.0000;1;0;1;0;0;0;
EBT;UF;4120101;0.5000;2;2;0;0;0;0;
EBT;UF;4120309;0.2500;1;1;0;0;0;0;
EBT;UF;4120606;3.2500;3;1;2;0;0;0;
EBT;UF;4120705;0.5000;2;2;0;0;0;0;
EBT;UF;4120804;413.2500;25;6;11;4;2;2;
EBT;UF;4120853;1.0000;1;0;1;0;0;0;
EBT;UF;4120903;1.0000;1;0;1;0;0;0;
EBT;UF;4121307;0.2500;1;1;0;0;0;0;
EBT;UF;4121406;1.2500;2;1;1;0;0;0;
EBT;UF;4121505;1.0000;1;0;1;0;0;0;
EBT;UF;4121604;0.2500;1;1;0;0;0;0;
EBT;UF;4121703;1.0000;1;0;1;0;0;0;
EBT;UF;4121901;1.0000;1;0;1;0;0;0;
EBT;UF;4122008;1.0000;1;0;1;0;0;0;
EBT;UF;4122206;1.7500;3;2;1;0;0;0;
EBT;UF;4122305;28.2500;18;10;5;3;0;0;
EBT;UF;4122404;55.5000;22;2;18;2;0;0;
EBT;UF;4122701;0.2500;1;1;0;0;0;0;
EBT;UF;4122800;0.2500;1;1;0;0;0;0;
EBT;UF;4123204;1.0000;1;0;1;0;0;0;
EBT;UF;4123402;1.0000;1;0;1;0;0;0;
EBT;UF;4123501;2.0000;2;0;2;0;0;0;
EBT;UF;4123709;1.0000;1;0;1;0;0;0;
EBT;UF;4123808;1.0000;1;0;1;0;0;0;
EBT;UF;4123907;1.2500;2;1;1;0;0;0;
EBT;UF;4124020;1.0000;1;0;1;0;0;0;
EBT;UF;4124053;1.0625;2;1;1;0;0;0;
EBT;UF;4124103;7.0625;5;1;4;0;0;0;
EBT;UF;4124301;0.2500;1;1;0;0;0;0;
EBT;UF;4124400;1.0000;1;0;1;0;0;0;
EBT;UF;4124509;2.2500;3;1;2;0;0;0;
EBT;UF;4124608;0.2500;1;1;0;0;0;0;
EBT;UF;4124707;1.2500;2;1;1;0;0;0;
EBT;UF;4124905;2.2500;2;1;1;0;0;0;
EBT;UF;4125001;2.0000;2;0;2;0;0;0;
EBT;UF;4125357;0.2500;1;1;0;0;0;0;
EBT;UF;4125456;0.2500;1;1;0;0;0;0;
EBT;UF;4125506;23415.2109;314;62;186;47;7;12;
EBT;UF;4125605;4.7500;5;2;3;0;0;0;
EBT;UF;4125704;19.0000;4;2;1;0;1;0;
EBT;UF;4126009;0.5000;2;2;0;0;0;0;
EBT;UF;4126207;0.2500;1;1;0;0;0;0;
EBT;UF;4126256;18.2500;21;11;10;0;0;0;
EBT;UF;4126306;1.0000;1;0;1;0;0;0;
EBT;UF;4126504;3.0000;2;0;2;0;0;0;
EBT;UF;4126603;1.0000;1;0;1;0;0;0;
EBT;UF;4126678;1.2500;2;1;1;0;0;0;
EBT;UF;4126801;1.0000;1;0;1;0;0;0;
EBT;UF;4126900;0.2500;1;1;0;0;0;0;
EBT;UF;4127007;1.5000;3;2;1;0;0;0;
EBT;UF;4127106;33.5000;11;1;9;0;1;0;
EBT;UF;4127403;1.0000;1;0;1;0;0;0;
EBT;UF;4127502;1.0000;1;0;1;0;0;0;
EBT;UF;4127700;205.6875;37;11;16;9;0;1;
EBT;UF;4127809;1.2500;2;1;1;0;0;0;
EBT;UF;4128104;220.1563;47;6;26;13;1;1;
EBT;UF;4128203;17.0000;9;0;9;0;0;0;
EBT;UF;4128401;1.0000;1;0;1;0;0;0;
EBT;UF;4128500;2.0000;2;0;2;0;0;0;
EBT;UF;4128708;4.5000;4;2;2;0;0;0;
EBT;UF;4128807;0.2500;1;1;0;0;0;0;
EBT;UF;4200101;3.3750;4;2;2;0;0;0;
EBT;UF;4201307;217.5625;35;3;16;13;3;0;
EBT;UF;4201703;0.2500;1;1;0;0;0;0;
EBT;UF;4202008;260.2500;42;3;22;15;1;1;
EBT;UF;4202073;1.0000;1;0;1;0;0;0;
EBT;UF;4202305;151.4375;57;25;24;5;3;0;
EBT;UF;4202404;3432.1250;288;53;130;75;19;11;
EBT;UF;4202602;5.3750;4;2;1;1;0;0;
EBT;UF;4202909;824.1250;77;8;37;23;4;5;
EBT;UF;4203006;63.8750;16;5;6;4;1;0;
EBT;UF;4203204;33.1250;22;8;12;2;0;0;
EBT;UF;4203600;2.0000;1;0;1;0;0;0;
EBT;UF;4203956;20.7500;7;2;3;2;0;0;
EBT;UF;4204202;664.8281;92;24;45;16;4;3;
EBT;UF;4204251;87.0000;13;3;7;1;2;0;
EBT;UF;4204301;635.5000;17;1;3;7;2;4;
EBT;UF;4204350;0.6875;4;4;0;0;0;0;
EBT;UF;4204509;5.6250;6;3;3;0;0;0;
EBT;UF;4204558;17.0000;5;2;1;2;0;0;
EBT;UF;4204608;411.9375;70;17;28;22;2;1;
EBT;UF;4204806;30.5000;4;1;0;3;0;0;
EBT;UF;4205191;10.0000;1;0;0;1;0;0;
EBT;UF;4205407;8915.1758;402;59;137;144;35;27;
EBT;UF;4205506;8.0000;14;9;5;0;0;0;
EBT;UF;4205704;20.6250;14;6;7;1;0;0;
EBT;UF;4205803;9.0000;3;0;1;2;0;0;
EBT;UF;4205902;105.8750;32;14;11;5;2;0;
EBT;UF;4206504;214.7500;32;7;17;6;1;1;
EBT;UF;4206702;4.6250;6;4;2;0;0;0;
EBT;UF;4207007;42.3125;13;4;6;3;0;0;
EBT;UF;4207106;1.2500;2;1;1;0;0;0;
EBT;UF;4207304;4.0000;2;0;2;0;0;0;
EBT;UF;4207502;276.5625;40;2;21;16;0;1;
EBT;UF;4208203;5063.9531;318;25;161;109;14;9;
EBT;UF;4208807;1.2500;2;1;1;0;0;0;
EBT;UF;4208906;540.0664;79;11;45;19;3;1;
EBT;UF;4209003;198.5000;25;1;13;7;4;0;
EBT;UF;4209102;2861.7383;429;77;197;130;17;8;
EBT;UF;4209300;384.2500;62;16;22;21;2;1;
EBT;UF;4209409;1.0000;1;0;1;0;0;0;
EBT;UF;4209706;1.2500;2;1;1;0;0;0;
EBT;UF;4210035;5.2500;5;1;4;0;0;0;
EBT;UF;4210100;27.4375;26;16;8;2;0;0;
EBT;UF;4210209;3.2500;3;1;2;0;0;0;
EBT;UF;4210605;15.5625;7;3;3;1;0;0;
EBT;UF;4211306;289.8125;57;6;25;22;4;0;
EBT;UF;4211454;1.0000;1;0;1;0;0;0;
EBT;UF;4211603;8.2500;7;1;6;0;0;0;
EBT;UF;4211702;4.2500;5;3;2;0;0;0;
EBT;UF;4211900;655.1875;96;16;53;22;4;1;
EBT;UF;4212205;1.0000;1;0;1;0;0;0;
EBT;UF;4213005;0.3125;3;3;0;0;0;0;
EBT;UF;4213203;53.5000;10;2;3;4;1;0;
EBT;UF;4214706;2.2500;2;1;1;0;0;0;
EBT;UF;4214805;566.2500;76;15;30;25;2;4;
EBT;UF;4215000;42.0000;5;0;3;0;2;0;
EBT;UF;4215109;104.7500;5;2;2;0;0;1;
EBT;UF;4215455;1.0000;1;0;1;0;0;0;
EBT;UF;4215802;317.5938;104;36;50;16;2;0;
EBT;UF;4215901;0.5000;1;1;0;0;0;0;
EBT;UF;4216107;3.5000;4;2;2;0;0;0;
EBT;UF;4216206;384.4375;36;7;9;14;4;2;
EBT;UF;4216255;1.0000;1;0;1;0;0;0;
EBT;UF;4216602;678.7500;104;14;43;41;5;1;
EBT;UF;4216909;49.7500;10;3;4;2;1;0;
EBT;UF;4217006;4.5000;3;1;2;0;0;0;
EBT;UF;4217402;229.5000;9;2;3;1;1;2;
EBT;UF;4217709;618.0000;7;0;1;1;0;5;
EBT;UF;4218202;162.0000;23;2;15;5;0;1;
EBT;UF;4218707;281.5000;20;1;11;6;1;1;
EBT;UF;4218806;14.0000;3;0;2;1;0;0;
EBT;UF;4219309;49.2500;26;12;11;2;1;0;
EBT;UF;4219507;35.7500;18;7;10;0;1;0;
EBT;UF;4219705;72.7500;13;5;5;1;2;0;
EBT;UF;4300406;79.8125;39;23;5;11;0;0;
EBT;UF;4300604;150.0000;35;11;13;9;2;0;
EBT;UF;4301008;14.0000;6;2;3;1;0;0;
EBT;UF;4301206;1.0000;1;0;1;0;0;0;
EBT;UF;4301552;1.2500;2;1;1;0;0;0;
EBT;UF;4301602;686.1250;45;9;13;14;6;3;
EBT;UF;4302105;1248.2656;148;10;62;63;10;3;
EBT;UF;4302204;1.0000;1;0;1;0;0;0;
EBT;UF;4302352;6.5000;4;1;2;1;0;0;
EBT;UF;4302709;2.2500;3;1;2;0;0;0;
EBT;UF;4302808;1.0000;1;0;1;0;0;0;
EBT;UF;4302907;0.6250;2;2;0;0;0;0;
EBT;UF;4303004;24.9375;24;13;10;1;0;0;
EBT;UF;4303103;523.2656;82;7;32;37;6;0;
EBT;UF;4303509;323.5000;30;5;11;10;3;1;
EBT;UF;4303806;2.2500;3;1;2;0;0;0;
EBT;UF;4303905;1149.7500;83;19;31;22;5;6;
EBT;UF;4304408;45.2500;18;10;5;2;1;0;
EBT;UF;4304507;4.5000;4;1;3;0;0;0;
EBT;UF;4304606;1384.9551;174;42;58;58;11;5;
EBT;UF;4304630;10612.5625;13;4;2;4;1;2;
EBT;UF;4304663;5.0000;5;2;3;0;0;0;
EBT;UF;4304705;62.0625;33;16;11;6;0;0;
EBT;UF;4304804;112.1875;14;5;4;2;3;0;
EBT;UF;4304903;4.0000;7;4;3;0;0;0;
EBT;UF;4305108;2765.0586;488;78;213;169;22;6;
EBT;UF;4305207;2.0000;2;0;2;0;0;0;
EBT;UF;4305439;1.0000;1;0;1;0;0;0;
EBT;UF;4305801;0.2500;1;1;0;0;0;0;
EBT;UF;4305975;2.0000;1;0;1;0;0;0;
EBT;UF;4306056;1.0000;1;0;1;0;0;0;
EBT;UF;4306106;1237.4375;51;22;21;5;1;2;
EBT;UF;4306205;2.5625;4;2;2;0;0;0;
EBT;UF;4306304;1.0000;1;0;1;0;0;0;
EBT;UF;4306403;0.5000;2;2;0;0;0;0;
EBT;UF;4306601;6.0000;1;0;0;1;0;0;
EBT;UF;4306767;603.0000;40;2;13;17;5;3;
EBT;UF;4307005;10593.1016;55;4;25;19;6;1;
EBT;UF;4307559;118.5000;4;1;1;0;1;1;
EBT;UF;4307609;43.7500;17;5;7;5;0;0;
EBT;UF;4307708;162.8750;48;20;18;8;2;0;
EBT;UF;4307807;27.2500;13;7;4;2;0;0;
EBT;UF;4307906;951.6133;69;3;23;32;10;1;
EBT;UF;4308102;3.0000;3;0;3;0;0;0;
EBT;UF;4308508;5.0000;8;4;4;0;0;0;
EBT;UF;4308607;232.1875;56;11;28;15;2;0;
EBT;UF;4308904;13.5000;7;4;2;1;0;0;
EBT;UF;4309001;2.6875;6;4;2;0;0;0;
EBT;UF;4309050;8.6250;3;2;0;1;0;0;
EBT;UF;4309100;93.7500;30;12;13;4;1;0;
EBT;UF;4309209;469.0000;130;39;45;43;3;0;
EBT;UF;4309308;186.6875;33;14;10;5;4;0;
EBT;UF;4309407;5.0000;6;3;3;0;0;0;
EBT;UF;4309605;5.8750;11;7;4;0;0;0;
EBT;UF;4309803;1.0000;1;0;1;0;0;0;
EBT;UF;4310108;20.7500;19;10;6;3;0;0;
EBT;UF;4310207;84.0625;15;3;5;6;1;0;
EBT;UF;4310330;2.1250;5;4;1;0;0;0;
EBT;UF;4310603;2.0000;1;0;1;0;0;0;
EBT;UF;4310801;15.0000;11;7;3;1;0;0;
EBT;UF;4311007;8.9375;8;4;3;1;0;0;
EBT;UF;4311205;2.7500;4;2;2;0;0;0;
EBT;UF;4311403;1120.5625;33;7;15;10;0;1;
EBT;UF;4311809;97.0625;16;8;4;2;2;0;
EBT;UF;4312401;61.5625;27;16;6;4;1;0;
EBT;UF;4312500;1.0000;1;0;1;0;0;0;
EBT;UF;4312658;10.0000;1;0;0;1;0;0;
EBT;UF;4312906;6.2500;4;1;2;1;0;0;
EBT;UF;4313060;4.5000;3;1;2;0;0;0;
EBT;UF;4313201;57.5625;12;5;1;5;1;0;
EBT;UF;4313300;23.5625;16;6;9;1;0;0;
EBT;UF;4313409;798.0742;159;26;64;61;8;0;
EBT;UF;4313508;50.8750;27;14;9;4;0;0;
EBT;UF;4313656;0.5000;1;1;0;0;0;0;
EBT;UF;4313706;7.5625;10;5;5;0;0;0;
EBT;UF;4313904;78.8125;31;17;10;3;1;0;
EBT;UF;4314050;14.6875;20;14;6;0;0;0;
EBT;UF;4314100;1124.3906;113;20;46;34;10;3;
EBT;UF;4314308;0.2500;1;1;0;0;0;0;
EBT;UF;4314407;2307.4375;97;21;44;21;6;5;
EBT;UF;4314506;4.0000;1;0;0;1;0;0;
EBT;UF;4314803;11.2500;7;4;2;1;0;0;
EBT;UF;4314902;49103.7383;1160;121;345;467;137;90;
EBT;UF;4315206;2.0000;2;0;2;0;0;0;
EBT;UF;4315305;1.0000;1;0;1;0;0;0;
EBT;UF;4315503;0.5000;1;1;0;0;0;0;
EBT;UF;4315602;1290.2500;106;31;34;29;6;6;
EBT;UF;4315701;3.3750;6;4;2;0;0;0;
EBT;UF;4315800;2.0000;2;0;2;0;0;0;
EBT;UF;4316402;169.2500;12;6;4;1;0;1;
EBT;UF;4316501;0.3125;2;2;0;0;0;0;
EBT;UF;4316709;1.0000;1;0;1;0;0;0;
EBT;UF;4316808;2726.5625;53;11;11;22;3;6;
EBT;UF;4316907;1829.1406;136;56;48;26;2;4;
EBT;UF;4317103;128.5625;16;3;6;5;1;1;
EBT;UF;4317202;5.0000;4;0;4;0;0;0;
EBT;UF;4317301;2.0000;1;0;1;0;0;0;
EBT;UF;4317400;14.4375;11;6;4;1;0;0;
EBT;UF;4317509;452.0000;11;0;3;6;0;2;
EBT;UF;4317608;13.7500;10;6;3;1;0;0;
EBT;UF;4317905;1.5000;2;1;1;0;0;0;
EBT;UF;4318002;2.0000;1;0;1;0;0;0;
EBT;UF;4318101;1.5000;3;2;1;0;0;0;
EBT;UF;4318200;1.7500;3;2;1;0;0;0;
EBT;UF;4318309;4.5000;4;1;3;0;0;0;
EBT;UF;4318507;0.2500;1;1;0;0;0;0;
EBT;UF;4318705;1341.5625;105;29;31;36;5;4;
EBT;UF;4318804;102.4375;6;3;2;0;0;1;
EBT;UF;4319406;3.0000;5;3;2;0;0;0;
EBT;UF;4319505;23.5625;11;5;3;3;0;0;
EBT;UF;4319802;1.5000;3;2;1;0;0;0;
EBT;UF;4319901;108.0000;19;0;10;8;1;0;
EBT;UF;4320008;147.1875;44;17;14;12;1;0;
EBT;UF;4320107;128.3750;11;6;2;1;1;1;
EBT;UF;4320206;0.2500;1;1;0;0;0;0;
EBT;UF;4320404;4.5625;5;2;3;0;0;0;
EBT;UF;4320701;1.0000;1;0;1;0;0;0;
EBT;UF;4320800;2.0000;2;0;2;0;0;0;
EBT;UF;4320909;1.0000;1;0;1;0;0;0;
EBT;UF;4321204;224.0000;21;9;9;1;0;2;
EBT;UF;4321303;6.0000;3;0;3;0;0;0;
EBT;UF;4321451;826.9375;22;12;3;1;2;4;
EBT;UF;4321501;21.8906;24;18;4;2;0;0;
EBT;UF;4321600;32.9375;24;17;4;3;0;0;
EBT;UF;4321709;2.7500;4;2;2;0;0;0;
EBT;UF;4321808;1.0000;1;0;1;0;0;0;
EBT;UF;4322004;32.0000;1;0;0;0;1;0;
EBT;UF;4322400;10838.1250;39;6;12;13;4;4;
EBT;UF;4322509;287.0859;40;4;18;17;0;1;
EBT;UF;4322608;63.7500;19;6;7;6;0;0;
EBT;UF;4322806;1.0000;1;0;1;0;0;0;
EBT;UF;4323002;125.3750;27;11;9;3;4;0;
EBT;UF;4323408;1.7500;3;2;1;0;0;0;
EBT;UF;4323804;3.3125;10;9;1;0;0;0;
EBT;UF;5000203;86.0000;12;0;3;8;1;0;
EBT;UF;5001003;1.0000;1;0;1;0;0;0;
EBT;UF;5001102;0.5000;1;1;0;0;0;0;
EBT;UF;5002407;3.0000;2;0;2;0;0;0;
EBT;UF;5002704;17311.3125;573;103;225;184;34;27;
EBT;UF;5002902;0.5000;1;1;0;0;0;0;
EBT;UF;5002951;2.0625;2;1;1;0;0;0;
EBT;UF;5003207;37.0000;14;0;10;4;0;0;
EBT;UF;5003306;2.0000;1;0;1;0;0;0;
EBT;UF;5003702;1166.3125;63;8;26;23;2;4;
EBT;UF;5003751;1.0000;1;0;1;0;0;0;
EBT;UF;5004106;2.0000;1;0;1;0;0;0;
EBT;UF;5004502;30.2500;10;3;5;2;0;0;
EBT;UF;5004700;1.0000;1;0;1;0;0;0;
EBT;UF;5005004;2.0000;1;0;1;0;0;0;
EBT;UF;5005103;1.0000;1;0;1;0;0;0;
EBT;UF;5005202;4.0000;2;0;2;0;0;0;
EBT;UF;5005400;246.5000;14;1;4;4;3;2;
EBT;UF;5005608;2.0000;1;0;1;0;0;0;
EBT;UF;5005681;2.0000;1;0;1;0;0;0;
EBT;UF;5005707;4.0000;2;0;2;0;0;0;
EBT;UF;5006002;2.5000;3;1;2;0;0;0;
EBT;UF;5006309;6.0000;3;0;3;0;0;0;
EBT;UF;5006606;12.0000;7;0;7;0;0;0;
EBT;UF;5006903;2.0000;1;0;1;0;0;0;
EBT;UF;5007109;47.0000;7;0;1;5;1;0;
EBT;UF;5007208;5.0000;3;0;3;0;0;0;
EBT;UF;5007695;1.0000;2;2;0;0;0;0;
EBT;UF;5007703;1.0000;1;0;1;0;0;0;
EBT;UF;5007901;218.5000;14;1;5;2;5;1;
EBT;UF;5008008;2.0000;1;0;1;0;0;0;
EBT;UF;5008305;604.0000;60;0;23;29;7;1;
EBT;UF;5100201;7.0000;4;0;4;0;0;0;
EBT;UF;5100250;15.5000;9;1;8;0;0;0;
EBT;UF;5100300;0.5000;1;1;0;0;0;0;
EBT;UF;5100409;0.5000;1;1;0;0;0;0;
EBT;UF;5100805;1.0000;1;0;1;0;0;0;
EBT;UF;5101704;2.0000;1;0;1;0;0;0;
EBT;UF;5101803;8.0000;6;2;4;0;0;0;
EBT;UF;5102504;184.0000;63;12;40;10;1;0;
EBT;UF;5102678;1.0000;1;0;1;0;0;0;
EBT;UF;5103056;1.0000;1;0;1;0;0;0;
EBT;UF;5103403;29241.0937;1029;146;547;193;93;50;
EBT;UF;5103502;5.5000;4;1;3;0;0;0;
EBT;UF;5104104;0.5000;1;1;0;0;0;0;
EBT;UF;5105002;92.2500;10;1;3;3;3;0;
EBT;UF;5105150;6.0000;3;0;3;0;0;0;
EBT;UF;5105259;2308.6250;195;40;93;39;11;12;
EBT;UF;5105622;111.5000;21;3;14;2;2;0;
EBT;UF;5105903;0.5000;1;1;0;0;0;0;
EBT;UF;5106224;747.6875;114;17;64;24;6;3;
EBT;UF;5106752;385.3750;57;21;24;5;5;2;
EBT;UF;5107040;4.5625;4;2;2;0;0;0;
EBT;UF;5107065;0.5000;1;1;0;0;0;0;
EBT;UF;5107180;0.5000;1;1;0;0;0;0;
EBT;UF;5107198;0.5625;2;2;0;0;0;0;
EBT;UF;5107602;2144.7500;265;26;157;57;14;11;
EBT;UF;5107800;1.0000;1;0;1;0;0;0;
EBT;UF;5107859;1.2500;2;1;1;0;0;0;
EBT;UF;5107909;7685.5859;257;24;164;46;7;16;
EBT;UF;5107925;1528.0000;183;19;101;48;5;10;
EBT;UF;5107958;5.3750;8;6;2;0;0;0;
EBT;UF;5108402;978.1875;181;25;89;59;7;1;
EBT;UF;5108600;0.2500;1;1;0;0;0;0;
EBT;UF;5200050;2.0000;1;0;1;0;0;0;
EBT;UF;5200258;58.2813;25;5;16;3;1;0;
EBT;UF;5200308;11.7500;14;8;6;0;0;0;
EBT;UF;5200605;1.2500;2;1;1;0;0;0;
EBT;UF;5200803;1.2500;2;1;1;0;0;0;
EBT;UF;5201108;2548.1250;262;29;92;121;13;7;
EBT;UF;5201405;578.5625;229;44;147;38;0;0;
EBT;UF;5202502;1.0000;1;0;1;0;0;0;
EBT;UF;5202601;0.2500;1;1;0;0;0;0;
EBT;UF;5203203;1.0000;1;0;1;0;0;0;
EBT;UF;5203500;2.0000;1;0;1;0;0;0;
EBT;UF;5203906;2.0000;1;0;1;0;0;0;
EBT;UF;5204003;0.2500;1;1;0;0;0;0;
EBT;UF;5204508;33.0000;9;2;4;3;0;0;
EBT;UF;5204706;6.0000;6;3;3;0;0;0;
EBT;UF;5204805;1.2500;2;1;1;0;0;0;
EBT;UF;5204904;2.0000;1;0;1;0;0;0;
EBT;UF;5205109;440.3750;49;6;24;10;6;3;
EBT;UF;5205406;2.0625;2;1;1;0;0;0;
EBT;UF;5205455;0.2500;1;1;0;0;0;0;
EBT;UF;5205497;6.5000;4;1;3;0;0;0;
EBT;UF;5205513;0.7500;2;2;0;0;0;0;
EBT;UF;5205802;0.2500;1;1;0;0;0;0;
EBT;UF;5205901;1.0000;1;0;1;0;0;0;
EBT;UF;5206206;303.3125;22;4;6;7;3;2;
EBT;UF;5206800;0.2500;1;1;0;0;0;0;
EBT;UF;5207808;0.2500;1;1;0;0;0;0;
EBT;UF;5208004;7.0000;4;0;4;0;0;0;
EBT;UF;5208103;0.2500;1;1;0;0;0;0;
EBT;UF;5208608;0.0625;1;1;0;0;0;0;
EBT;UF;5208707;10029.6875;925;126;555;172;42;30;
EBT;UF;5208806;8.0000;3;0;2;1;0;0;
EBT;UF;5209101;3.2500;4;3;1;0;0;0;
EBT;UF;5209705;2.0000;1;0;1;0;0;0;
EBT;UF;5209804;0.2500;1;1;0;0;0;0;
EBT;UF;5209937;2.0000;1;0;1;0;0;0;
EBT;UF;5210000;8.5000;5;1;4;0;0;0;
EBT;UF;5210802;0.2500;1;1;0;0;0;0;
EBT;UF;5210901;1.0000;1;0;1;0;0;0;
EBT;UF;5211206;0.5000;1;1;0;0;0;0;
EBT;UF;5211503;139.7500;40;2;30;6;2;0;
EBT;UF;5211909;129.5000;16;1;13;1;0;1;
EBT;UF;5212105;0.2500;1;1;0;0;0;0;
EBT;UF;5212204;2.0000;1;0;1;0;0;0;
EBT;UF;5212303;0.2500;1;1;0;0;0;0;
EBT;UF;5212501;101.4141;53;17;28;8;0;0;
EBT;UF;5213004;0.2500;1;1;0;0;0;0;
EBT;UF;5213103;1.0000;2;2;0;0;0;0;
EBT;UF;5213509;0.2500;1;1;0;0;0;0;
EBT;UF;5213756;0.2500;1;1;0;0;0;0;
EBT;UF;5213806;13.6250;15;8;7;0;0;0;
EBT;UF;5213905;0.2500;1;1;0;0;0;0;
EBT;UF;5214002;0.2500;1;1;0;0;0;0;
EBT;UF;5214408;1.0000;1;0;1;0;0;0;
EBT;UF;5214838;1.0000;1;0;1;0;0;0;
EBT;UF;5215231;11.5625;12;6;6;0;0;0;
EBT;UF;5215306;1.2500;2;1;1;0;0;0;
EBT;UF;5215504;0.2500;1;1;0;0;0;0;
EBT;UF;5215603;1.4648;1;0;1;0;0;0;
EBT;UF;5216304;0.2500;1;1;0;0;0;0;
EBT;UF;5216403;0.5000;1;1;0;0;0;0;
EBT;UF;5216809;1.0000;1;0;1;0;0;0;
EBT;UF;5217203;0.2500;1;1;0;0;0;0;
EBT;UF;5217401;1.0000;1;0;1;0;0;0;
EBT;UF;5217609;5.5000;4;1;3;0;0;0;
EBT;UF;5218003;72.5000;6;1;1;1;3;0;
EBT;UF;5218789;0.2500;1;1;0;0;0;0;
EBT;UF;5218805;518.0000;98;12;53;27;5;1;
EBT;UF;5219100;0.2500;1;1;0;0;0;0;
EBT;UF;5219605;2.0000;1;0;1;0;0;0;
EBT;UF;5219753;9.5000;6;1;5;0;0;0;
EBT;UF;5219902;0.2500;1;1;0;0;0;0;
EBT;UF;5220108;0.5000;1;1;0;0;0;0;
EBT;UF;5220454;44.0000;20;2;17;1;0;0;
EBT;UF;5221403;124.3125;20;6;7;5;1;1;
EBT;UF;5221601;15.0625;13;8;3;2;0;0;
EBT;UF;5221700;0.2500;1;1;0;0;0;0;
EBT;UF;5221809;0.2500;1;1;0;0;0;0;
EBT;UF;5221858;63.3906;37;13;19;5;0;0;
EBT;UF;5300108;306760.889;3955;540;1637;1133;295;350;
TLB;UF;3106200;0.2500;1;1;0;0;0;0;
TLB;UF;4205407;34.0000;1;0;0;0;1;0;
09;1235;
