01;CLA;IPL4;201511;
EBT;UF;1100023;172.3750;49;5;38;4;2;0;
EBT;UF;1100049;341.9375;93;20;58;13;1;1;
EBT;UF;1100056;0.2500;1;1;0;0;0;0;
EBT;UF;1100064;1.0000;1;0;1;0;0;0;
EBT;UF;1100080;0.3750;2;2;0;0;0;0;
EBT;UF;1100098;0.5000;1;1;0;0;0;0;
EBT;UF;1100106;16.0000;6;0;4;2;0;0;
EBT;UF;1100114;110.0000;20;0;17;1;2;0;
EBT;UF;1100122;1233.6875;201;14;153;19;11;4;
EBT;UF;1100155;90.0000;8;0;4;1;3;0;
EBT;UF;1100189;140.0625;45;8;31;4;2;0;
EBT;UF;1100205;17328.3711;897;103;559;153;35;47;
EBT;UF;1100288;3.0000;2;0;2;0;0;0;
EBT;UF;1100296;1.0000;1;0;1;0;0;0;
EBT;UF;1100304;660.0000;145;19;101;18;6;1;
EBT;UF;1100346;1.0000;1;0;1;0;0;0;
EBT;UF;1100452;1.0000;1;0;1;0;0;0;
EBT;UF;1100924;2.0000;1;0;1;0;0;0;
EBT;UF;1101005;3.0000;2;0;2;0;0;0;
EBT;UF;1101468;0.5000;1;1;0;0;0;0;
EBT;UF;1101492;1.0000;1;0;1;0;0;0;
EBT;UF;1101500;0.1250;1;1;0;0;0;0;
EBT;UF;1200054;4.5000;4;1;3;0;0;0;
EBT;UF;1200138;19.0000;7;0;5;2;0;0;
EBT;UF;1200203;17.0000;9;0;9;0;0;0;
EBT;UF;1200252;0.6875;3;3;0;0;0;0;
EBT;UF;1200401;9307.2266;443;53;263;88;17;22;
EBT;UF;1200450;5.0000;3;0;3;0;0;0;
EBT;UF;1301100;6.0000;4;0;4;0;0;0;
EBT;UF;1301704;217.8125;13;3;7;1;0;2;
EBT;UF;1301852;2.0000;1;0;1;0;0;0;
EBT;UF;1302603;24401.5000;1189;149;670;249;77;44;
EBT;UF;1303403;2.5000;3;2;1;0;0;0;
EBT;UF;1400100;801.5625;168;10;92;57;9;0;
EBT;UF;1500602;2.0000;1;0;1;0;0;0;
EBT;UF;1500800;50506.8613;196;12;96;62;10;16;
EBT;UF;1501303;24.0000;4;0;2;2;0;0;
EBT;UF;1501402;104900.812;1152;58;495;374;114;111;
EBT;UF;1501501;76.8750;32;6;21;5;0;0;
EBT;UF;1501709;2.2500;2;1;1;0;0;0;
EBT;UF;1501956;0.5000;1;1;0;0;0;0;
EBT;UF;1502202;241.0000;10;0;1;4;4;1;
EBT;UF;1502400;156.5156;36;3;23;8;2;0;
EBT;UF;1502939;1.0000;1;0;1;0;0;0;
EBT;UF;1503309;1.0000;1;0;1;0;0;0;
EBT;UF;1503606;6.0000;3;0;3;0;0;0;
EBT;UF;1503903;2.0000;1;0;1;0;0;0;
EBT;UF;1504208;585.2500;150;35;81;24;9;1;
EBT;UF;1504422;322.7773;81;13;43;22;2;1;
EBT;UF;1505304;1.0000;1;0;1;0;0;0;
EBT;UF;1505502;392.0000;22;0;15;2;2;3;
EBT;UF;1506138;1.0000;1;0;1;0;0;0;
EBT;UF;1506203;1.2500;3;3;0;0;0;0;
EBT;UF;1506500;2.2148;3;2;1;0;0;0;
EBT;UF;1506807;235.5938;68;13;46;6;1;2;
EBT;UF;1507607;5.0000;3;0;3;0;0;0;
EBT;UF;1507904;1.0000;1;0;1;0;0;0;
EBT;UF;1508209;0.2500;1;1;0;0;0;0;
EBT;UF;1600303;547.6875;137;15;90;26;4;2;
EBT;UF;1600600;23.6250;16;5;10;1;0;0;
EBT;UF;1700301;1024.0000;1;0;0;0;0;1;
EBT;UF;1700350;4.0000;3;0;3;0;0;0;
EBT;UF;1700400;0.5000;1;1;0;0;0;0;
EBT;UF;1700707;18.7500;8;2;5;1;0;0;
EBT;UF;1702000;0.2500;1;1;0;0;0;0;
EBT;UF;1702109;552.3750;84;12;35;30;7;0;
EBT;UF;1702208;1.0000;1;0;1;0;0;0;
EBT;UF;1705508;232.5000;10;1;6;0;1;2;
EBT;UF;1706506;14.0000;1;0;0;0;1;0;
EBT;UF;1707009;5.0000;3;0;3;0;0;0;
EBT;UF;1709302;179.6875;12;4;5;2;0;1;
EBT;UF;1709500;179.3125;24;3;11;8;1;1;
EBT;UF;1713205;11.5625;10;3;7;0;0;0;
EBT;UF;1713304;5.7500;7;3;4;0;0;0;
EBT;UF;1714203;1.0000;1;0;1;0;0;0;
EBT;UF;1714880;160.8125;7;3;3;0;0;1;
EBT;UF;1716109;203.7500;16;2;8;2;3;1;
EBT;UF;1716505;1.0000;1;0;1;0;0;0;
EBT;UF;1716604;8.0000;4;0;4;0;0;0;
EBT;UF;1718204;400.2500;36;3;19;7;4;3;
EBT;UF;1718402;4.0000;1;0;0;1;0;0;
EBT;UF;1721000;5519.7500;280;50;132;60;22;16;
EBT;UF;1721208;1.0000;1;0;1;0;0;0;
EBT;UF;1722081;4.0000;1;0;0;1;0;0;
EBT;UF;2100204;32.0000;1;0;0;0;1;0;
EBT;UF;2101202;98.0000;7;0;4;0;3;0;
EBT;UF;2101251;155.0000;1;0;0;0;0;1;
EBT;UF;2101400;167.0000;13;0;2;8;2;1;
EBT;UF;2101608;0.1250;1;1;0;0;0;0;
EBT;UF;2102804;1.0000;1;0;1;0;0;0;
EBT;UF;2103000;1130.0000;29;0;6;10;7;6;
EBT;UF;2103307;157.0000;2;0;1;0;0;1;
EBT;UF;2103406;0.2500;1;1;0;0;0;0;
EBT;UF;2103604;1.0000;1;0;1;0;0;0;
EBT;UF;2104057;6.0000;3;0;3;0;0;0;
EBT;UF;2105302;536.2500;64;4;28;27;4;1;
EBT;UF;2105427;20.0000;3;0;1;2;0;0;
EBT;UF;2108603;4.0000;1;0;0;1;0;0;
EBT;UF;2109106;2.5000;5;4;1;0;0;0;
EBT;UF;2109601;2.0000;1;0;1;0;0;0;
EBT;UF;2109908;97.0000;11;2;7;0;1;1;
EBT;UF;2110203;0.2500;1;1;0;0;0;0;
EBT;UF;2110302;52.0000;6;0;1;5;0;0;
EBT;UF;2111201;48.1445;21;8;8;5;0;0;
EBT;UF;2111300;19171.4062;397;39;110;167;49;32;
EBT;UF;2112209;162.0000;6;0;0;2;3;1;
EBT;UF;2112902;0.8750;3;3;0;0;0;0;
EBT;UF;2114007;6.0000;3;0;3;0;0;0;
EBT;UF;2200400;33.0000;2;0;1;0;1;0;
EBT;UF;2201507;42.0000;2;0;0;1;1;0;
EBT;UF;2202000;32.0000;1;0;0;0;1;0;
EBT;UF;2202208;180.0000;5;0;0;2;2;1;
EBT;UF;2202406;64.0000;2;0;0;0;2;0;
EBT;UF;2202703;64.0000;2;0;0;0;2;0;
EBT;UF;2203701;107.0000;5;0;1;1;3;0;
EBT;UF;2203909;54.0625;6;1;1;3;1;0;
EBT;UF;2207702;146.0000;9;0;2;3;4;0;
EBT;UF;2208403;625.0000;15;0;2;2;8;3;
EBT;UF;2211001;19102.5742;347;10;79;128;115;15;
EBT;UF;2301000;132.7500;12;2;7;2;0;1;
EBT;UF;2301109;50.0000;5;0;0;4;1;0;
EBT;UF;2301901;41.6250;10;3;2;5;0;0;
EBT;UF;2302503;20.0000;2;0;0;2;0;0;
EBT;UF;2303709;45.0391;24;8;12;4;0;0;
EBT;UF;2303956;0.2500;1;1;0;0;0;0;
EBT;UF;2304103;8.2500;2;1;0;1;0;0;
EBT;UF;2304202;95.0000;7;0;2;3;2;0;
EBT;UF;2304285;262.5000;31;1;15;10;4;1;
EBT;UF;2304400;13341.6953;531;36;178;219;55;43;
EBT;UF;2305233;87.9922;14;1;7;4;2;0;
EBT;UF;2305407;104.0000;4;0;0;0;3;1;
EBT;UF;2305506;42.0000;3;0;0;2;1;0;
EBT;UF;2306256;0.5000;1;1;0;0;0;0;
EBT;UF;2306405;38.0000;5;0;0;5;0;0;
EBT;UF;2307007;1.0000;1;0;1;0;0;0;
EBT;UF;2307304;350.5000;32;1;14;14;1;2;
EBT;UF;2307601;110.0000;4;0;0;2;1;1;
EBT;UF;2307650;249.2148;45;2;21;20;2;0;
EBT;UF;2307700;30.0000;3;0;0;3;0;0;
EBT;UF;2308302;18.0000;2;0;1;0;1;0;
EBT;UF;2309201;10.0000;1;0;0;1;0;0;
EBT;UF;2309607;106.0000;3;0;0;0;2;1;
EBT;UF;2310704;1.0000;1;0;1;0;0;0;
EBT;UF;2311306;53.0000;5;0;1;3;1;0;
EBT;UF;2311801;72.9375;20;8;8;3;1;0;
EBT;UF;2312403;4.0000;2;0;2;0;0;0;
EBT;UF;2312908;434.3125;46;6;16;17;5;2;
EBT;UF;2313302;3.1875;4;2;2;0;0;0;
EBT;UF;2313401;722.0000;13;0;2;4;3;4;
EBT;UF;2400109;90.0000;4;0;0;3;0;1;
EBT;UF;2400802;0.5000;1;1;0;0;0;0;
EBT;UF;2403251;162.8750;45;6;25;14;0;0;
EBT;UF;2404507;1.0000;1;0;1;0;0;0;
EBT;UF;2406700;10.0000;1;0;0;1;0;0;
EBT;UF;2407104;33.0000;13;0;11;2;0;0;
EBT;UF;2407203;10.0000;1;0;0;1;0;0;
EBT;UF;2408003;701.3125;57;7;30;13;4;3;
EBT;UF;2408102;6229.2930;166;20;38;65;18;25;
EBT;UF;2412005;434.5000;22;1;10;7;1;3;
EBT;UF;2501807;89.5000;13;1;7;4;1;0;
EBT;UF;2503209;550.2500;35;1;19;11;1;3;
EBT;UF;2504009;2068.7500;64;6;14;28;6;10;
EBT;UF;2506301;42.0000;2;0;0;1;1;0;
EBT;UF;2506905;48.0000;2;0;0;0;2;0;
EBT;UF;2507507;6132.2422;258;19;105;79;29;26;
EBT;UF;2510808;207.0000;4;0;0;2;1;1;
EBT;UF;2516201;2.0000;1;0;1;0;0;0;
EBT;UF;2600054;250.6250;40;7;27;4;1;1;
EBT;UF;2601102;18.0000;1;0;0;0;1;0;
EBT;UF;2601201;90.0000;7;0;1;2;4;0;
EBT;UF;2601706;178.5000;6;1;0;1;3;1;
EBT;UF;2601904;22.0000;1;0;0;0;1;0;
EBT;UF;2602902;1350.6719;113;7;74;22;4;6;
EBT;UF;2603454;20.5000;12;1;10;1;0;0;
EBT;UF;2604007;51.0000;5;0;1;3;1;0;
EBT;UF;2604106;1671.4727;68;7;32;22;4;3;
EBT;UF;2605103;24.7891;3;0;2;0;1;0;
EBT;UF;2606002;20.5000;3;1;0;2;0;0;
EBT;UF;2606200;4.0000;2;0;2;0;0;0;
EBT;UF;2606408;146.2500;11;3;6;1;0;1;
EBT;UF;2606804;46.5000;17;1;10;6;0;0;
EBT;UF;2607208;616.2500;44;6;19;16;0;3;
EBT;UF;2607901;1200.2461;191;17;103;60;9;2;
EBT;UF;2608909;6.0000;9;5;4;0;0;0;
EBT;UF;2609600;549.4648;65;7;32;18;6;2;
EBT;UF;2610707;486.0547;78;11;55;9;1;2;
EBT;UF;2610905;168.0000;3;0;0;0;2;1;
EBT;UF;2611101;110.5000;17;1;10;4;2;0;
EBT;UF;2611606;19931.6367;774;54;306;252;87;75;
EBT;UF;2612000;50.0000;1;0;0;0;0;1;
EBT;UF;2612208;22.0000;3;0;0;3;0;0;
EBT;UF;2613701;46.5000;10;1;5;3;1;0;
EBT;UF;2613909;161.6250;32;18;6;2;6;0;
EBT;UF;2700300;347.5625;48;2;26;18;1;1;
EBT;UF;2704302;25572.2539;345;40;116;142;23;24;
EBT;UF;2704708;2.0000;1;0;1;0;0;0;
EBT;UF;2706307;3.0000;2;0;2;0;0;0;
EBT;UF;2706703;12.0000;2;0;1;1;0;0;
EBT;UF;2707701;177.5000;15;1;13;0;0;1;
EBT;UF;2708600;2.0000;1;0;1;0;0;0;
EBT;UF;2800308;6917.5547;290;34;101;114;19;22;
EBT;UF;2800670;2.8750;5;3;2;0;0;0;
EBT;UF;2803203;1.0000;1;0;1;0;0;0;
EBT;UF;2804805;453.7500;60;6;32;19;1;2;
EBT;UF;2805703;22.0000;3;0;1;2;0;0;
EBT;UF;2806701;170.5625;13;3;5;3;1;1;
EBT;UF;2900702;137.0000;17;0;6;9;2;0;
EBT;UF;2901007;1.0000;1;0;1;0;0;0;
EBT;UF;2901106;1.0000;1;0;1;0;0;0;
EBT;UF;2903201;20.0000;6;0;4;2;0;0;
EBT;UF;2904605;70.0000;6;0;3;1;1;1;
EBT;UF;2904704;2.0000;1;0;1;0;0;0;
EBT;UF;2905602;130.0000;5;0;2;1;1;1;
EBT;UF;2905701;550.1250;91;6;50;31;2;2;
EBT;UF;2906501;744.0000;18;0;6;6;2;4;
EBT;UF;2906709;2.0000;1;0;1;0;0;0;
EBT;UF;2908408;1.0000;1;0;1;0;0;0;
EBT;UF;2908507;3.0000;2;0;2;0;0;0;
EBT;UF;2909802;50.0000;5;0;1;3;1;0;
EBT;UF;2910727;372.8125;26;3;13;7;1;2;
EBT;UF;2910800;3228.9648;178;22;76;58;8;14;
EBT;UF;2912103;4.0000;1;0;0;1;0;0;
EBT;UF;2913606;982.5000;88;1;28;48;8;3;
EBT;UF;2913705;1.0000;1;0;1;0;0;0;
EBT;UF;2914653;18.0000;3;0;1;2;0;0;
EBT;UF;2914802;1831.1250;81;9;32;28;3;9;
EBT;UF;2914901;72.0000;2;0;0;1;0;1;
EBT;UF;2915304;2.0000;1;0;1;0;0;0;
EBT;UF;2915601;96.0000;10;0;7;0;3;0;
EBT;UF;2915809;12.0000;2;0;1;1;0;0;
EBT;UF;2916302;2.0000;1;0;1;0;0;0;
EBT;UF;2916401;156.1875;9;2;3;1;2;1;
EBT;UF;2917102;2.0000;1;0;1;0;0;0;
EBT;UF;2917607;100.0000;1;0;0;0;0;1;
EBT;UF;2918001;405.0000;28;3;14;7;1;3;
EBT;UF;2918407;7.5156;4;0;4;0;0;0;
EBT;UF;2919207;1601.5000;69;1;33;27;3;5;
EBT;UF;2919553;2.0000;1;0;1;0;0;0;
EBT;UF;2920601;18.0000;2;0;0;2;0;0;
EBT;UF;2921005;20.2500;3;1;0;2;0;0;
EBT;UF;2921302;12.0000;3;0;1;2;0;0;
EBT;UF;2922003;14.0000;2;0;0;2;0;0;
EBT;UF;2924009;84.1250;12;1;5;4;2;0;
EBT;UF;2925006;4.0000;2;0;2;0;0;0;
EBT;UF;2925105;21.0000;3;0;1;2;0;0;
EBT;UF;2925303;320.0000;22;0;11;6;3;2;
EBT;UF;2927002;0.5000;1;1;0;0;0;0;
EBT;UF;2927408;57356.0742;1064;108;388;405;82;81;
EBT;UF;2928703;188.0000;7;0;2;2;2;1;
EBT;UF;2929206;4.0625;2;1;0;1;0;0;
EBT;UF;2929305;50.0000;1;0;0;0;0;1;
EBT;UF;2929354;4.0000;1;0;0;1;0;0;
EBT;UF;2930105;17.0000;5;0;4;1;0;0;
EBT;UF;2930709;228.5000;56;3;34;19;0;0;
EBT;UF;2931350;3368.3125;41;4;17;6;5;9;
EBT;UF;2932507;32.0000;1;0;0;0;1;0;
EBT;UF;2932903;6.2500;10;6;4;0;0;0;
EBT;UF;2933307;1256.0625;102;7;47;36;7;5;
EBT;UF;3100302;2.0000;1;0;1;0;0;0;
EBT;UF;3101508;259.0000;11;2;1;0;8;0;
EBT;UF;3101607;73.6250;34;8;23;3;0;0;
EBT;UF;3101904;3.0000;2;0;2;0;0;0;
EBT;UF;3103504;48.8945;24;1;20;3;0;0;
EBT;UF;3104007;78.9648;33;7;25;0;1;0;
EBT;UF;3104205;13.2500;8;1;7;0;0;0;
EBT;UF;3104601;32.0000;1;0;0;0;1;0;
EBT;UF;3104908;4.0000;2;0;2;0;0;0;
EBT;UF;3105608;221.3945;30;2;19;3;6;0;
EBT;UF;3106200;132413.314;3100;341;1749;622;226;162;
EBT;UF;3106309;74.0625;5;1;1;1;2;0;
EBT;UF;3106705;5027.7617;297;53;173;38;26;7;
EBT;UF;3107109;4.0000;2;0;2;0;0;0;
EBT;UF;3107406;10.0000;5;0;5;0;0;0;
EBT;UF;3107703;0.2500;1;1;0;0;0;0;
EBT;UF;3108404;2.0000;1;0;1;0;0;0;
EBT;UF;3108909;2.2500;2;1;1;0;0;0;
EBT;UF;3109303;2.0000;1;0;1;0;0;0;
EBT;UF;3109501;2.0000;1;0;1;0;0;0;
EBT;UF;3109709;2.0000;1;0;1;0;0;0;
EBT;UF;3110004;2.0000;1;0;1;0;0;0;
EBT;UF;3110301;2.0000;1;0;1;0;0;0;
EBT;UF;3110509;5.0000;3;0;3;0;0;0;
EBT;UF;3110608;3.0000;2;0;2;0;0;0;
EBT;UF;3110707;4.0000;2;0;2;0;0;0;
EBT;UF;3111606;2.0000;1;0;1;0;0;0;
EBT;UF;3112307;2.0000;1;0;1;0;0;0;
EBT;UF;3113206;64.0000;2;0;0;0;2;0;
EBT;UF;3113404;14.0000;3;0;2;1;0;0;
EBT;UF;3114303;2.0000;1;0;1;0;0;0;
EBT;UF;3114501;2.0000;1;0;1;0;0;0;
EBT;UF;3115300;561.0000;11;0;3;3;2;3;
EBT;UF;3115508;11.6250;9;3;6;0;0;0;
EBT;UF;3117876;24.0000;3;0;0;3;0;0;
EBT;UF;3118007;14.3125;11;4;7;0;0;0;
EBT;UF;3118304;93.3437;34;8;20;5;1;0;
EBT;UF;3118403;32.0000;1;0;0;0;1;0;
EBT;UF;3118601;3749.7773;510;67;288;104;39;12;
EBT;UF;3119401;59.0000;18;2;14;1;1;0;
EBT;UF;3120904;66.0000;30;0;28;2;0;0;
EBT;UF;3122306;1049.7969;92;8;64;12;3;5;
EBT;UF;3122454;0.2500;1;1;0;0;0;0;
EBT;UF;3123601;4.0000;2;0;2;0;0;0;
EBT;UF;3123908;36.0000;2;0;1;0;1;0;
EBT;UF;3124203;32.0000;1;0;0;0;1;0;
EBT;UF;3125101;21.0000;12;0;12;0;0;0;
EBT;UF;3126109;4.0000;2;0;2;0;0;0;
EBT;UF;3127008;2.0000;1;0;1;0;0;0;
EBT;UF;3127107;17.0000;9;0;9;0;0;0;
EBT;UF;3127701;1780.5430;111;10;68;13;14;6;
EBT;UF;3128709;8.0000;1;0;0;1;0;0;
EBT;UF;3129509;2.0000;1;0;1;0;0;0;
EBT;UF;3129806;215.4297;22;3;14;1;3;1;
EBT;UF;3130101;6.0000;3;0;3;0;0;0;
EBT;UF;3130309;5.0000;3;0;3;0;0;0;
EBT;UF;3131307;908.0273;88;14;50;8;13;3;
EBT;UF;3131703;269.2031;48;14;28;4;1;1;
EBT;UF;3131901;23.8750;14;4;9;1;0;0;
EBT;UF;3132206;6.0000;3;0;3;0;0;0;
EBT;UF;3132404;409.6719;73;17;39;9;8;0;
EBT;UF;3133006;9.0000;5;0;5;0;0;0;
EBT;UF;3133808;135.7500;28;4;16;7;1;0;
EBT;UF;3134103;0.2500;1;1;0;0;0;0;
EBT;UF;3134202;35.3945;21;2;19;0;0;0;
EBT;UF;3135209;4.0000;2;0;2;0;0;0;
EBT;UF;3135407;28.1250;7;1;4;2;0;0;
EBT;UF;3135506;2.0000;1;0;1;0;0;0;
EBT;UF;3136207;42.0000;34;13;20;1;0;0;
EBT;UF;3136306;64.0000;9;0;6;2;1;0;
EBT;UF;3136603;0.2500;1;1;0;0;0;0;
EBT;UF;3136702;4704.7422;223;16;119;47;24;17;
EBT;UF;3137205;99.0000;11;0;5;4;2;0;
EBT;UF;3137601;115.6797;35;11;18;4;2;0;
EBT;UF;3138203;450.0000;68;14;37;12;3;2;
EBT;UF;3138401;189.0000;3;0;1;0;1;1;
EBT;UF;3138609;200.0000;6;0;2;0;3;1;
EBT;UF;3138807;36.0000;2;0;1;0;1;0;
EBT;UF;3139003;32.0000;1;0;0;0;1;0;
EBT;UF;3139607;34.0000;2;0;1;0;1;0;
EBT;UF;3140001;64.0000;2;0;0;0;2;0;
EBT;UF;3140803;81.0000;10;0;4;5;1;0;
EBT;UF;3140902;0.2500;1;1;0;0;0;0;
EBT;UF;3141405;40.0000;5;0;4;0;1;0;
EBT;UF;3143302;3475.1445;148;16;71;18;34;9;
EBT;UF;3143906;356.0000;6;0;2;1;1;2;
EBT;UF;3144805;1069.0703;109;6;63;22;15;3;
EBT;UF;3145208;2.0000;1;0;1;0;0;0;
EBT;UF;3145604;12.2500;7;1;5;1;0;0;
EBT;UF;3145901;4.0000;2;0;2;0;0;0;
EBT;UF;3146107;10.5625;7;2;5;0;0;0;
EBT;UF;3146305;6.0000;3;0;3;0;0;0;
EBT;UF;3147006;119.6797;29;2;21;4;2;0;
EBT;UF;3147105;219.5625;19;2;14;1;1;1;
EBT;UF;3147402;266.0000;4;0;0;0;2;2;
EBT;UF;3147600;2.0000;1;0;1;0;0;0;
EBT;UF;3147907;220.6094;45;9;28;5;2;1;
EBT;UF;3148004;75.8750;23;4;17;1;1;0;
EBT;UF;3148103;7.5000;5;1;4;0;0;0;
EBT;UF;3149101;2.0000;1;0;1;0;0;0;
EBT;UF;3149309;101.3398;33;9;19;3;2;0;
EBT;UF;3149903;219.0000;8;0;5;1;0;2;
EBT;UF;3151206;475.5000;20;1;2;3;14;0;
EBT;UF;3151404;4.0000;2;0;2;0;0;0;
EBT;UF;3151800;321.5156;105;15;72;14;4;0;
EBT;UF;3152105;22.0000;3;0;1;2;0;0;
EBT;UF;3152501;831.8633;137;25;74;27;8;3;
EBT;UF;3154200;32.0000;1;0;0;0;1;0;
EBT;UF;3154606;225.1172;69;17;40;9;3;0;
EBT;UF;3155504;2.0000;1;0;1;0;0;0;
EBT;UF;3156007;0.2500;1;1;0;0;0;0;
EBT;UF;3156502;0.2500;1;1;0;0;0;0;
EBT;UF;3156700;25.8125;16;3;13;0;0;0;
EBT;UF;3157807;205.7734;67;15;38;12;2;0;
EBT;UF;3160405;2.0000;1;0;1;0;0;0;
EBT;UF;3160702;127.5000;8;1;4;2;0;1;
EBT;UF;3162104;20.0000;6;0;5;1;0;0;
EBT;UF;3162401;2.0000;1;0;1;0;0;0;
EBT;UF;3162500;373.1875;48;14;24;2;7;1;
EBT;UF;3162559;2.0000;1;0;1;0;0;0;
EBT;UF;3162708;2.0000;1;0;1;0;0;0;
EBT;UF;3162955;2.4648;4;3;1;0;0;0;
EBT;UF;3163706;41.5000;22;6;15;0;1;0;
EBT;UF;3164704;72.3906;48;15;32;1;0;0;
EBT;UF;3165701;64.0000;2;0;0;0;2;0;
EBT;UF;3166907;8.0000;1;0;0;1;0;0;
EBT;UF;3167202;441.4141;101;13;69;14;4;1;
EBT;UF;3168606;335.0000;44;5;21;11;7;0;
EBT;UF;3168705;599.3125;38;4;11;5;18;0;
EBT;UF;3169307;173.8125;44;18;19;3;4;0;
EBT;UF;3169356;4.0000;2;0;2;0;0;0;
EBT;UF;3169406;2.7500;3;2;1;0;0;0;
EBT;UF;3169901;177.0000;8;0;1;5;1;1;
EBT;UF;3170107;2590.1523;159;29;108;16;2;4;
EBT;UF;3170206;6104.5429;489;91;258;81;29;30;
EBT;UF;3170404;173.0000;42;2;35;3;1;1;
EBT;UF;3170701;2601.8711;108;10;59;17;9;13;
EBT;UF;3170800;193.0000;7;0;1;0;6;0;
EBT;UF;3171006;2.0000;1;0;1;0;0;0;
EBT;UF;3171204;157.5000;51;5;36;7;3;0;
EBT;UF;3171303;58.2500;12;1;9;1;1;0;
EBT;UF;3171501;1.0000;1;0;1;0;0;0;
EBT;UF;3172004;128.0000;4;0;0;0;4;0;
EBT;UF;3200102;8.0000;4;0;3;1;0;0;
EBT;UF;3200136;2.0000;1;0;1;0;0;0;
EBT;UF;3200169;4.0000;2;0;2;0;0;0;
EBT;UF;3200201;22.0000;2;0;1;0;1;0;
EBT;UF;3200300;5.0000;3;0;3;0;0;0;
EBT;UF;3200409;244.0000;4;0;0;1;1;2;
EBT;UF;3200508;1.0000;1;0;1;0;0;0;
EBT;UF;3200607;66.5000;13;3;5;4;1;0;
EBT;UF;3200706;3.0000;2;0;2;0;0;0;
EBT;UF;3200805;46.0000;4;0;0;2;2;0;
EBT;UF;3200904;18.0000;4;0;2;2;0;0;
EBT;UF;3201159;4.0000;2;0;2;0;0;0;
EBT;UF;3201209;2503.3125;57;5;34;10;4;4;
EBT;UF;3201308;540.0000;75;10;46;14;2;3;
EBT;UF;3201506;1187.9375;44;4;30;5;2;3;
EBT;UF;3201902;6.6250;9;6;3;0;0;0;
EBT;UF;3202009;1.0000;1;0;1;0;0;0;
EBT;UF;3202207;4.7500;4;2;2;0;0;0;
EBT;UF;3202306;7.9375;9;5;4;0;0;0;
EBT;UF;3202405;723.0000;20;4;8;2;1;5;
EBT;UF;3202454;6.0000;4;0;4;0;0;0;
EBT;UF;3202504;75.1250;8;2;4;0;2;0;
EBT;UF;3202553;6.0000;3;0;3;0;0;0;
EBT;UF;3202603;2.0000;1;0;1;0;0;0;
EBT;UF;3202652;2.0000;1;0;1;0;0;0;
EBT;UF;3202702;5.1250;5;1;4;0;0;0;
EBT;UF;3202801;104.6875;9;6;2;0;0;1;
EBT;UF;3202900;38.0000;3;0;2;0;1;0;
EBT;UF;3203007;2.0000;1;0;1;0;0;0;
EBT;UF;3203106;6.0000;3;0;3;0;0;0;
EBT;UF;3203130;2.0000;1;0;1;0;0;0;
EBT;UF;3203163;3.1875;4;2;2;0;0;0;
EBT;UF;3203205;251.8750;33;7;18;4;3;1;
EBT;UF;3203304;10.0000;4;0;3;1;0;0;
EBT;UF;3203320;5.1875;9;5;4;0;0;0;
EBT;UF;3203346;20.0000;2;0;0;2;0;0;
EBT;UF;3203353;3.0000;2;0;2;0;0;0;
EBT;UF;3203502;10.0000;1;0;0;1;0;0;
EBT;UF;3203601;3.2500;3;1;2;0;0;0;
EBT;UF;3203809;3.0000;2;0;2;0;0;0;
EBT;UF;3203908;4.0000;2;0;2;0;0;0;
EBT;UF;3204054;24.0000;7;0;5;2;0;0;
EBT;UF;3204104;64.0000;3;0;2;0;0;1;
EBT;UF;3204203;129.6250;5;3;1;0;0;1;
EBT;UF;3204252;1.2500;2;1;1;0;0;0;
EBT;UF;3204302;10.0000;5;0;5;0;0;0;
EBT;UF;3204401;30.0000;2;0;0;1;1;0;
EBT;UF;3204500;1.2500;2;1;1;0;0;0;
EBT;UF;3204559;4.5000;3;1;2;0;0;0;
EBT;UF;3204609;49.0000;6;0;4;1;1;0;
EBT;UF;3204658;3.0000;3;0;3;0;0;0;
EBT;UF;3204708;4.0000;2;0;2;0;0;0;
EBT;UF;3204807;2.0000;1;0;1;0;0;0;
EBT;UF;3204906;764.7500;24;3;9;3;4;5;
EBT;UF;3205002;3604.0000;199;30;89;53;14;13;
EBT;UF;3205010;2.0000;1;0;1;0;0;0;
EBT;UF;3205036;5.0000;2;0;1;1;0;0;
EBT;UF;3205069;109.9375;12;6;5;0;0;1;
EBT;UF;3205101;214.0625;26;1;15;8;1;1;
EBT;UF;3205200;2535.8125;105;12;43;35;7;8;
EBT;UF;3205309;50671.7969;251;28;46;88;30;59;
EBT;UF;3300100;1159.4648;29;5;17;4;2;1;
EBT;UF;3300209;27.0000;9;2;4;3;0;0;
EBT;UF;3300233;6.7148;7;4;3;0;0;0;
EBT;UF;3300258;2.2500;2;1;1;0;0;0;
EBT;UF;3300308;18.7500;11;2;9;0;0;0;
EBT;UF;3300407;110.9648;28;4;17;5;2;0;
EBT;UF;3300456;329.7344;57;7;40;7;1;2;
EBT;UF;3300506;2.4648;2;0;2;0;0;0;
EBT;UF;3300605;0.2500;1;1;0;0;0;0;
EBT;UF;3300704;66.0000;28;4;21;3;0;0;
EBT;UF;3300803;4.0000;2;0;2;0;0;0;
EBT;UF;3301009;7517.3398;105;22;55;13;4;11;
EBT;UF;3301108;5.5000;5;2;3;0;0;0;
EBT;UF;3301306;3.0000;2;0;2;0;0;0;
EBT;UF;3301504;2.0000;1;0;1;0;0;0;
EBT;UF;3301702;4657.8945;184;20;106;24;9;25;
EBT;UF;3301850;3.0000;2;0;2;0;0;0;
EBT;UF;3301900;2732.6250;35;5;24;4;0;2;
EBT;UF;3302007;144.9297;35;3;24;5;3;0;
EBT;UF;3302205;30.9648;19;4;15;0;0;0;
EBT;UF;3302254;279.7500;30;2;17;6;4;1;
EBT;UF;3302270;3.9648;3;1;2;0;0;0;
EBT;UF;3302403;15128.5234;336;16;131;136;30;23;
EBT;UF;3302502;11.7500;8;2;6;0;0;0;
EBT;UF;3302601;10.5000;2;1;0;1;0;0;
EBT;UF;3302700;15.9648;9;1;8;0;0;0;
EBT;UF;3302858;2122.3047;21;4;13;1;0;3;
EBT;UF;3303203;42.8945;30;6;24;0;0;0;
EBT;UF;3303302;4407.6953;379;27;270;47;23;12;
EBT;UF;3303401;26.4648;17;6;10;1;0;0;
EBT;UF;3303500;557.1758;104;13;68;19;2;2;
EBT;UF;3303609;5.7500;5;2;3;0;0;0;
EBT;UF;3303807;39.7500;10;2;5;3;0;0;
EBT;UF;3303906;3376.5039;91;11;55;13;6;6;
EBT;UF;3303955;2.9297;2;0;2;0;0;0;
EBT;UF;3304003;3.5000;3;1;2;0;0;0;
EBT;UF;3304110;1302.5898;48;7;15;15;1;10;
EBT;UF;3304144;28.7500;13;2;10;1;0;0;
EBT;UF;3304201;978.7500;78;3;44;16;10;5;
EBT;UF;3304300;11.2500;10;3;7;0;0;0;
EBT;UF;3304524;266.2500;51;7;25;17;2;0;
EBT;UF;3304557;905854.833;9502;606;4651;2787;600;858;
EBT;UF;3304706;1.0000;1;0;1;0;0;0;
EBT;UF;3304805;0.5000;1;1;0;0;0;0;
EBT;UF;3304904;680.0703;137;24;89;20;0;4;
EBT;UF;3305000;82.2500;17;3;11;1;2;0;
EBT;UF;3305109;213.7773;64;9;45;9;0;1;
EBT;UF;3305208;41.2148;21;4;16;1;0;0;
EBT;UF;3305505;3.5000;3;1;2;0;0;0;
EBT;UF;3305554;507.0000;12;5;3;0;1;3;
EBT;UF;3305752;2.0000;1;0;1;0;0;0;
EBT;UF;3305802;10146.4063;26;2;13;1;1;9;
EBT;UF;3306008;258.5000;33;1;20;10;1;1;
EBT;UF;3306107;7.9297;6;2;4;0;0;0;
EBT;UF;3306206;0.5000;1;1;0;0;0;0;
EBT;UF;3306305;2967.7500;65;6;36;9;7;7;
EBT;UF;3500105;155.0000;1;0;0;0;0;1;
EBT;UF;3500709;106.0000;2;0;0;1;0;1;
EBT;UF;3501004;0.2500;1;1;0;0;0;0;
EBT;UF;3501152;52.0000;2;0;1;0;0;1;
EBT;UF;3501608;3512.6445;166;22;96;21;7;20;
EBT;UF;3501707;310.0000;2;0;0;0;0;2;
EBT;UF;3502101;1821.0000;9;0;5;1;0;3;
EBT;UF;3502507;21.2500;6;1;2;3;0;0;
EBT;UF;3502804;544.7148;22;3;10;6;0;3;
EBT;UF;3503000;2.5000;2;1;1;0;0;0;
EBT;UF;3503208;4023.9648;118;16;59;14;5;24;
EBT;UF;3503307;63.9180;36;9;26;1;0;0;
EBT;UF;3503901;134.2148;20;4;14;1;0;1;
EBT;UF;3504008;1025.6250;22;3;7;5;1;6;
EBT;UF;3504107;31.9648;16;3;12;1;0;0;
EBT;UF;3504503;2.0000;1;0;1;0;0;0;
EBT;UF;3505302;8.0000;4;0;4;0;0;0;
EBT;UF;3505500;669.5156;13;0;3;5;0;5;
EBT;UF;3505708;109393.984;724;59;242;187;78;158;
EBT;UF;3505906;1.2598;3;2;1;0;0;0;
EBT;UF;3506003;13855.5742;278;15;105;67;15;76;
EBT;UF;3506102;2060.3750;55;10;22;8;3;12;
EBT;UF;3506359;7.5000;10;7;3;0;0;0;
EBT;UF;3506508;235.5000;3;1;0;0;0;2;
EBT;UF;3507001;299.0000;9;0;3;4;0;2;
EBT;UF;3507506;1727.2539;52;0;31;9;2;10;
EBT;UF;3507605;1555.0625;33;10;6;5;3;9;
EBT;UF;3507803;2.2500;2;1;1;0;0;0;
EBT;UF;3508207;2.5000;2;1;1;0;0;0;
EBT;UF;3508405;24.5000;8;1;5;2;0;0;
EBT;UF;3508504;135.2500;7;1;5;0;0;1;
EBT;UF;3508603;1375.0000;6;0;1;0;2;3;
EBT;UF;3509007;1.0000;1;0;1;0;0;0;
EBT;UF;3509205;2147.8906;107;13;45;33;8;8;
EBT;UF;3509254;155.2500;2;1;0;0;0;1;
EBT;UF;3509403;1.2500;2;1;1;0;0;0;
EBT;UF;3509502;68685.2773;895;75;423;171;52;174;
EBT;UF;3509700;28.3750;16;6;9;1;0;0;
EBT;UF;3510005;0.7500;2;2;0;0;0;0;
EBT;UF;3510401;2.0000;1;0;1;0;0;0;
EBT;UF;3510500;184.0000;9;0;6;2;0;1;
EBT;UF;3510609;2.4648;2;0;2;0;0;0;
EBT;UF;3511102;484.7109;28;0;13;12;1;2;
EBT;UF;3511508;0.5000;1;1;0;0;0;0;
EBT;UF;3512803;10.0625;5;1;3;1;0;0;
EBT;UF;3513009;2914.9570;47;10;24;8;2;3;
EBT;UF;3513504;1008.6250;33;4;14;5;4;6;
EBT;UF;3513702;1.5625;6;6;0;0;0;0;
EBT;UF;3513801;4004.0000;325;43;201;54;5;22;
EBT;UF;3514403;4.0000;2;0;2;0;0;0;
EBT;UF;3515186;4.2500;3;1;2;0;0;0;
EBT;UF;3515707;7.7500;6;2;4;0;0;0;
EBT;UF;3516200;3344.5566;105;14;65;4;2;20;
EBT;UF;3516705;28.2500;7;1;5;0;1;0;
EBT;UF;3516903;2.0000;1;0;1;0;0;0;
EBT;UF;3517000;2.0000;1;0;1;0;0;0;
EBT;UF;3517406;1.2646;4;3;1;0;0;0;
EBT;UF;3517703;15.7686;11;3;8;0;0;0;
EBT;UF;3518305;155.0000;1;0;0;0;0;1;
EBT;UF;3518404;78.7773;49;7;42;0;0;0;
EBT;UF;3518701;1700.0937;101;16;65;13;3;4;
EBT;UF;3518800;2804.6484;607;98;404;83;11;11;
EBT;UF;3519071;12894.5000;78;3;20;8;10;37;
EBT;UF;3520103;0.5000;1;1;0;0;0;0;
EBT;UF;3520509;2458.0273;90;14;45;12;4;15;
EBT;UF;3521002;4.0000;2;0;2;0;0;0;
EBT;UF;3521309;4.7686;5;3;2;0;0;0;
EBT;UF;3521408;2.0000;1;0;1;0;0;0;
EBT;UF;3522208;11.4648;2;0;1;1;0;0;
EBT;UF;3522307;620.0000;10;3;0;2;1;4;
EBT;UF;3522505;17.5391;5;0;2;3;0;0;
EBT;UF;3522604;2.5625;5;3;2;0;0;0;
EBT;UF;3523107;233.2148;33;12;13;6;1;1;
EBT;UF;3523909;4104.6680;100;10;44;18;8;20;
EBT;UF;3524006;0.1250;1;1;0;0;0;0;
EBT;UF;3524105;3.7500;4;2;2;0;0;0;
EBT;UF;3524303;231.2500;10;1;1;6;1;1;
EBT;UF;3524402;683.2266;134;16;96;17;2;3;
EBT;UF;3524709;961.5000;18;5;4;1;2;6;
EBT;UF;3525003;198.4648;15;3;7;4;0;1;
EBT;UF;3525102;2.7500;4;2;2;0;0;0;
EBT;UF;3525201;20.0000;1;0;0;0;1;0;
EBT;UF;3525300;2568.5156;68;0;38;12;3;15;
EBT;UF;3525904;10738.3008;342;44;171;69;17;41;
EBT;UF;3526704;7.9648;6;1;5;0;0;0;
EBT;UF;3526803;1722.0000;28;0;11;3;3;11;
EBT;UF;3526902;2786.8789;121;10;77;14;4;16;
EBT;UF;3527108;2476.9531;45;8;13;7;2;15;
EBT;UF;3527207;10.0000;5;0;5;0;0;0;
EBT;UF;3527306;428.7305;20;3;11;2;1;3;
EBT;UF;3528007;2048.0000;2;0;0;0;0;2;
EBT;UF;3528403;12.5000;7;1;6;0;0;0;
EBT;UF;3528502;4.7500;4;2;2;0;0;0;
EBT;UF;3529005;3543.5000;120;13;53;25;8;21;
EBT;UF;3529302;318.0000;3;0;0;1;0;2;
EBT;UF;3529401;1622.0820;172;31;109;21;3;8;
EBT;UF;3529708;5.7500;5;2;3;0;0;0;
EBT;UF;3530300;334.0000;6;0;2;2;0;2;
EBT;UF;3530508;4.0000;5;3;2;0;0;0;
EBT;UF;3530607;6498.4570;274;51;162;29;16;16;
EBT;UF;3530706;82.6367;46;7;38;1;0;0;
EBT;UF;3530805;569.4414;30;0;26;1;0;3;
EBT;UF;3531100;10.8750;9;3;6;0;0;0;
EBT;UF;3531902;3.2500;5;3;2;0;0;0;
EBT;UF;3532009;7.0000;4;0;4;0;0;0;
EBT;UF;3533007;1.0000;1;0;1;0;0;0;
EBT;UF;3533403;19.5000;14;3;11;0;0;0;
EBT;UF;3534401;7316.4473;200;18;87;56;13;26;
EBT;UF;3534609;156.2500;3;1;1;0;0;1;
EBT;UF;3534708;1636.5000;33;1;11;8;2;11;
EBT;UF;3535309;1.0000;1;0;1;0;0;0;
EBT;UF;3535507;10.0000;1;0;0;1;0;0;
EBT;UF;3536505;6.3125;5;2;3;0;0;0;
EBT;UF;3536703;35.0000;2;0;1;0;1;0;
EBT;UF;3537107;3.5156;2;0;2;0;0;0;
EBT;UF;3537305;1.0000;1;0;1;0;0;0;
EBT;UF;3537404;3.3125;6;5;1;0;0;0;
EBT;UF;3537602;2.0000;1;0;1;0;0;0;
EBT;UF;3538006;5291.1250;36;4;22;4;0;6;
EBT;UF;3538709;7219.2734;147;22;81;20;6;18;
EBT;UF;3539004;2.0000;1;0;1;0;0;0;
EBT;UF;3539301;18.8125;12;3;9;0;0;0;
EBT;UF;3539806;1186.8242;54;2;9;5;32;6;
EBT;UF;3541000;76.0195;43;13;28;1;1;0;
EBT;UF;3541307;0.2500;1;1;0;0;0;0;
EBT;UF;3541406;3359.0781;108;8;54;19;7;20;
EBT;UF;3541505;16.0000;1;0;0;0;1;0;
EBT;UF;3542206;13.0000;3;0;2;1;0;0;
EBT;UF;3542404;2.0000;1;0;1;0;0;0;
EBT;UF;3543303;30.8125;16;5;10;1;0;0;
EBT;UF;3543402;18201.7695;511;34;238;126;16;97;
EBT;UF;3543907;2065.3164;119;14;74;17;2;12;
EBT;UF;3544004;156.7500;4;2;1;0;0;1;
EBT;UF;3544103;7.2500;5;1;4;0;0;0;
EBT;UF;3544202;2.0000;1;0;1;0;0;0;
EBT;UF;3545209;649.4648;14;0;7;3;0;4;
EBT;UF;3545803;304.5742;57;3;43;10;0;1;
EBT;UF;3546306;2.0000;1;0;1;0;0;0;
EBT;UF;3546405;23.0000;5;2;1;2;0;0;
EBT;UF;3547304;8736.9727;61;4;21;14;4;18;
EBT;UF;3547809;16702.9570;467;83;245;65;13;61;
EBT;UF;3548500;15476.0742;419;33;214;105;16;51;
EBT;UF;3548708;16466.5703;755;178;367;91;44;75;
EBT;UF;3548807;7919.0312;205;30;104;41;13;17;
EBT;UF;3548906;3590.8398;67;2;33;19;0;13;
EBT;UF;3549409;7.6250;10;6;4;0;0;0;
EBT;UF;3549706;22.8125;10;3;6;1;0;0;
EBT;UF;3549805;7917.4648;104;0;29;39;6;30;
EBT;UF;3549904;10131.2930;476;60;291;79;14;32;
EBT;UF;3550100;5.2500;6;3;3;0;0;0;
EBT;UF;3550308;510361.492;12895;1137;5806;3467;765;1720;
EBT;UF;3550605;12.3750;12;5;7;0;0;0;
EBT;UF;3550704;18.0000;4;0;2;2;0;0;
EBT;UF;3551009;3188.0547;102;26;56;12;0;8;
EBT;UF;3551702;503.0000;14;0;9;2;0;3;
EBT;UF;3552205;15695.1914;467;41;231;87;24;84;
EBT;UF;3552403;105.5000;18;2;12;1;3;0;
EBT;UF;3552502;228.8750;52;13;37;0;0;2;
EBT;UF;3552809;12531.7500;37;2;12;10;2;11;
EBT;UF;3553401;2.0000;1;0;1;0;0;0;
EBT;UF;3554102;2740.9453;181;32;104;19;11;15;
EBT;UF;3554508;11.0000;5;0;4;1;0;0;
EBT;UF;3555000;2.0000;1;0;1;0;0;0;
EBT;UF;3555406;0.5000;1;1;0;0;0;0;
EBT;UF;3556206;1170.7148;45;9;22;5;1;8;
EBT;UF;3556404;0.5000;1;1;0;0;0;0;
EBT;UF;3556503;0.2500;1;1;0;0;0;0;
EBT;UF;3556701;210.4063;11;2;5;2;1;1;
EBT;UF;3557006;1030.2148;53;8;34;5;0;6;
EBT;UF;3557105;22.1250;9;2;6;1;0;0;
EBT;UF;3557303;0.2500;1;1;0;0;0;0;
EBT;UF;4100202;0.2500;1;1;0;0;0;0;
EBT;UF;4100301;0.2500;1;1;0;0;0;0;
EBT;UF;4100400;27.2656;16;6;8;2;0;0;
EBT;UF;4100509;1.0000;1;0;1;0;0;0;
EBT;UF;4100608;1.0000;1;0;1;0;0;0;
EBT;UF;4100707;1.2500;2;1;1;0;0;0;
EBT;UF;4100806;1.2500;2;1;1;0;0;0;
EBT;UF;4100905;1.0000;3;3;0;0;0;0;
EBT;UF;4101002;0.5000;1;1;0;0;0;0;
EBT;UF;4101101;12.7500;9;2;7;0;0;0;
EBT;UF;4101408;164.9063;38;4;25;8;1;0;
EBT;UF;4101507;2116.5313;18;2;8;6;0;2;
EBT;UF;4101606;3.0000;2;0;2;0;0;0;
EBT;UF;4101705;1.0000;1;0;1;0;0;0;
EBT;UF;4101804;732.1719;125;33;69;16;5;2;
EBT;UF;4101903;3.0000;2;0;2;0;0;0;
EBT;UF;4102000;3.0000;2;0;2;0;0;0;
EBT;UF;4102109;1.0000;1;0;1;0;0;0;
EBT;UF;4102307;15.5000;10;1;9;0;0;0;
EBT;UF;4102406;28.1875;11;5;4;2;0;0;
EBT;UF;4102505;1.0000;1;0;1;0;0;0;
EBT;UF;4102802;7.2500;5;1;4;0;0;0;
EBT;UF;4102901;1.0000;1;0;1;0;0;0;
EBT;UF;4103057;0.2500;1;1;0;0;0;0;
EBT;UF;4103206;0.2500;1;1;0;0;0;0;
EBT;UF;4103354;0.2500;1;1;0;0;0;0;
EBT;UF;4103503;0.2500;1;1;0;0;0;0;
EBT;UF;4103602;4.2500;3;1;2;0;0;0;
EBT;UF;4103701;64.5781;48;15;31;2;0;0;
EBT;UF;4103800;1.0000;3;3;0;0;0;0;
EBT;UF;4104006;6.2813;6;1;5;0;0;0;
EBT;UF;4104105;0.2500;1;1;0;0;0;0;
EBT;UF;4104204;139.0000;27;4;14;8;0;1;
EBT;UF;4104253;4.2500;4;1;3;0;0;0;
EBT;UF;4104303;19.9297;12;0;12;0;0;0;
EBT;UF;4104428;9.7500;4;2;1;1;0;0;
EBT;UF;4104501;1.2500;2;1;1;0;0;0;
EBT;UF;4104659;27.4375;7;3;2;1;1;0;
EBT;UF;4104709;2.0000;1;0;1;0;0;0;
EBT;UF;4104808;2541.9531;166;42;93;25;4;2;
EBT;UF;4104907;26.8281;31;19;11;1;0;0;
EBT;UF;4105003;0.2500;1;1;0;0;0;0;
EBT;UF;4105102;3.0000;2;0;2;0;0;0;
EBT;UF;4105409;3.1250;3;1;2;0;0;0;
EBT;UF;4105508;86.6563;39;11;24;4;0;0;
EBT;UF;4105607;0.2500;1;1;0;0;0;0;
EBT;UF;4105706;3.0000;2;0;2;0;0;0;
EBT;UF;4105805;261.6875;55;16;32;5;1;1;
EBT;UF;4106001;0.2500;1;1;0;0;0;0;
EBT;UF;4106209;1.0000;1;0;1;0;0;0;
EBT;UF;4106308;1.0000;1;0;1;0;0;0;
EBT;UF;4106407;53.2500;8;1;4;2;1;0;
EBT;UF;4106506;1.5625;4;3;1;0;0;0;
EBT;UF;4106605;1.0000;1;0;1;0;0;0;
EBT;UF;4106704;0.2500;1;1;0;0;0;0;
EBT;UF;4106902;48107.0234;2011;353;965;428;154;111;
EBT;UF;4107009;1.0000;1;0;1;0;0;0;
EBT;UF;4107108;0.5000;2;2;0;0;0;0;
EBT;UF;4107207;10.5547;9;2;7;0;0;0;
EBT;UF;4107256;12.8750;4;3;0;1;0;0;
EBT;UF;4107306;1.0000;3;3;0;0;0;0;
EBT;UF;4107405;0.2500;1;1;0;0;0;0;
EBT;UF;4107504;0.2500;1;1;0;0;0;0;
EBT;UF;4107538;1.0000;1;0;1;0;0;0;
EBT;UF;4107603;1.0000;1;0;1;0;0;0;
EBT;UF;4107652;362.4375;21;6;11;1;1;2;
EBT;UF;4107702;0.2500;1;1;0;0;0;0;
EBT;UF;4107736;6.0000;2;0;1;1;0;0;
EBT;UF;4107801;3.0000;4;3;1;0;0;0;
EBT;UF;4107900;2.2500;2;1;1;0;0;0;
EBT;UF;4108007;1.5000;3;2;1;0;0;0;
EBT;UF;4108106;0.2500;1;1;0;0;0;0;
EBT;UF;4108205;1.2500;2;1;1;0;0;0;
EBT;UF;4108304;402.8750;163;62;90;9;1;1;
EBT;UF;4108320;0.7500;2;2;0;0;0;0;
EBT;UF;4108403;64.0781;24;7;16;0;1;0;
EBT;UF;4108452;0.0625;1;1;0;0;0;0;
EBT;UF;4108502;2.0000;1;0;1;0;0;0;
EBT;UF;4108551;0.2500;1;1;0;0;0;0;
EBT;UF;4108601;6.3125;9;5;4;0;0;0;
EBT;UF;4108700;1.0000;1;0;1;0;0;0;
EBT;UF;4108809;19.5000;11;1;10;0;0;0;
EBT;UF;4109302;1.0000;1;0;1;0;0;0;
EBT;UF;4109401;682.5625;34;8;22;3;0;1;
EBT;UF;4109500;2.5000;3;2;1;0;0;0;
EBT;UF;4109609;9.0000;5;0;5;0;0;0;
EBT;UF;4109708;3.0000;2;0;2;0;0;0;
EBT;UF;4109807;17.3750;25;14;11;0;0;0;
EBT;UF;4110102;1.0000;1;0;1;0;0;0;
EBT;UF;4110201;0.2500;1;1;0;0;0;0;
EBT;UF;4110607;1.0000;1;0;1;0;0;0;
EBT;UF;4110706;15.7500;27;21;6;0;0;0;
EBT;UF;4110904;0.2500;1;1;0;0;0;0;
EBT;UF;4110953;1.0000;1;0;1;0;0;0;
EBT;UF;4111407;0.2500;1;1;0;0;0;0;
EBT;UF;4111506;5.2500;4;1;3;0;0;0;
EBT;UF;4111803;12.7500;10;4;6;0;0;0;
EBT;UF;4112009;18.2500;5;3;1;0;1;0;
EBT;UF;4112108;3.6250;6;4;2;0;0;0;
EBT;UF;4112504;1.0000;1;0;1;0;0;0;
EBT;UF;4112702;1.7500;3;2;1;0;0;0;
EBT;UF;4112801;1.0000;1;0;1;0;0;0;
EBT;UF;4113205;3.0625;3;1;2;0;0;0;
EBT;UF;4113304;2.7500;4;2;2;0;0;0;
EBT;UF;4113502;3.0000;2;0;2;0;0;0;
EBT;UF;4113601;14.0000;4;0;3;1;0;0;
EBT;UF;4113700;9020.8164;352;92;150;74;16;20;
EBT;UF;4113734;0.2500;1;1;0;0;0;0;
EBT;UF;4113809;1.0000;1;0;1;0;0;0;
EBT;UF;4114005;1.0000;1;0;1;0;0;0;
EBT;UF;4114104;6.2500;6;3;3;0;0;0;
EBT;UF;4114203;45.0000;14;6;6;1;1;0;
EBT;UF;4114351;0.2500;1;1;0;0;0;0;
EBT;UF;4114401;2.2500;3;1;2;0;0;0;
EBT;UF;4114500;1.2500;2;1;1;0;0;0;
EBT;UF;4114609;0.5000;1;1;0;0;0;0;
EBT;UF;4114807;11.7500;7;2;4;1;0;0;
EBT;UF;4114906;3.0000;2;0;2;0;0;0;
EBT;UF;4115101;0.2500;1;1;0;0;0;0;
EBT;UF;4115200;6660.5898;325;76;164;71;5;9;
EBT;UF;4115309;0.2500;1;1;0;0;0;0;
EBT;UF;4115358;1.0000;1;0;1;0;0;0;
EBT;UF;4115606;3.2500;3;1;2;0;0;0;
EBT;UF;4115705;5.0000;3;0;3;0;0;0;
EBT;UF;4115804;3.2500;3;1;2;0;0;0;
EBT;UF;4116059;0.5000;1;1;0;0;0;0;
EBT;UF;4116208;1.0000;1;0;1;0;0;0;
EBT;UF;4116703;1.0000;1;0;1;0;0;0;
EBT;UF;4116901;2.3750;5;4;1;0;0;0;
EBT;UF;4117008;0.2500;1;1;0;0;0;0;
EBT;UF;4117107;1.0000;1;0;1;0;0;0;
EBT;UF;4117206;0.2500;1;1;0;0;0;0;
EBT;UF;4117271;0.2500;1;1;0;0;0;0;
EBT;UF;4117503;9.3750;7;2;5;0;0;0;
EBT;UF;4117602;6.5000;5;1;4;0;0;0;
EBT;UF;4117701;1.0000;1;0;1;0;0;0;
EBT;UF;4117909;7.5000;6;2;4;0;0;0;
EBT;UF;4118105;1.0000;1;0;1;0;0;0;
EBT;UF;4118204;486.6563;120;21;80;16;2;1;
EBT;UF;4118402;113.8594;51;16;32;2;1;0;
EBT;UF;4118451;1.2500;2;1;1;0;0;0;
EBT;UF;4118501;80.8125;37;9;26;1;1;0;
EBT;UF;4118600;0.2500;1;1;0;0;0;0;
EBT;UF;4118709;0.2500;1;1;0;0;0;0;
EBT;UF;4118907;1.0000;1;0;1;0;0;0;
EBT;UF;4119152;289.7266;63;3;42;14;4;0;
EBT;UF;4119202;0.2500;1;1;0;0;0;0;
EBT;UF;4119301;37.5625;6;3;2;0;1;0;
EBT;UF;4119400;2.0000;1;0;1;0;0;0;
EBT;UF;4119509;13.0625;12;5;7;0;0;0;
EBT;UF;4119608;3.0000;2;0;2;0;0;0;
EBT;UF;4119707;0.2500;1;1;0;0;0;0;
EBT;UF;4119806;1.0000;1;0;1;0;0;0;
EBT;UF;4119905;563.9063;145;41;79;19;5;1;
EBT;UF;4119954;26.7500;9;2;6;0;1;0;
EBT;UF;4120002;3.0000;2;0;2;0;0;0;
EBT;UF;4120101;0.5000;2;2;0;0;0;0;
EBT;UF;4120309;0.2500;1;1;0;0;0;0;
EBT;UF;4120606;3.2500;3;1;2;0;0;0;
EBT;UF;4120705;1.0000;3;3;0;0;0;0;
EBT;UF;4120804;415.0000;25;5;12;4;2;2;
EBT;UF;4120853;1.0000;1;0;1;0;0;0;
EBT;UF;4120903;3.0000;2;0;2;0;0;0;
EBT;UF;4121307;0.2500;1;1;0;0;0;0;
EBT;UF;4121406;3.2500;3;1;2;0;0;0;
EBT;UF;4121505;1.0000;1;0;1;0;0;0;
EBT;UF;4121604;0.7500;2;2;0;0;0;0;
EBT;UF;4121703;3.0000;2;0;2;0;0;0;
EBT;UF;4121901;1.0000;1;0;1;0;0;0;
EBT;UF;4122008;1.0000;1;0;1;0;0;0;
EBT;UF;4122206;1.7500;3;2;1;0;0;0;
EBT;UF;4122305;47.7500;19;9;5;5;0;0;
EBT;UF;4122404;59.5156;25;3;20;2;0;0;
EBT;UF;4122701;0.2500;1;1;0;0;0;0;
EBT;UF;4122800;0.7500;2;2;0;0;0;0;
EBT;UF;4123204;1.0000;1;0;1;0;0;0;
EBT;UF;4123402;1.0000;1;0;1;0;0;0;
EBT;UF;4123501;2.0000;2;0;2;0;0;0;
EBT;UF;4123709;1.0000;1;0;1;0;0;0;
EBT;UF;4123808;1.0000;1;0;1;0;0;0;
EBT;UF;4123907;1.2500;2;1;1;0;0;0;
EBT;UF;4124020;1.0000;1;0;1;0;0;0;
EBT;UF;4124053;1.0625;2;1;1;0;0;0;
EBT;UF;4124103;13.0625;8;1;7;0;0;0;
EBT;UF;4124301;0.2500;1;1;0;0;0;0;
EBT;UF;4124400;1.0000;1;0;1;0;0;0;
EBT;UF;4124509;2.2500;3;1;2;0;0;0;
EBT;UF;4124608;0.2500;1;1;0;0;0;0;
EBT;UF;4124707;2.2500;3;1;2;0;0;0;
EBT;UF;4124905;0.2500;1;1;0;0;0;0;
EBT;UF;4125001;2.0000;2;0;2;0;0;0;
EBT;UF;4125357;0.2500;1;1;0;0;0;0;
EBT;UF;4125456;0.2500;1;1;0;0;0;0;
EBT;UF;4125506;23485.0234;331;61;198;52;8;12;
EBT;UF;4125605;5.7500;6;2;4;0;0;0;
EBT;UF;4125704;19.0000;4;2;1;0;1;0;
EBT;UF;4126009;0.5000;2;2;0;0;0;0;
EBT;UF;4126207;0.2500;1;1;0;0;0;0;
EBT;UF;4126256;19.7656;22;11;11;0;0;0;
EBT;UF;4126306;1.0000;1;0;1;0;0;0;
EBT;UF;4126504;5.0000;3;0;3;0;0;0;
EBT;UF;4126603;1.0000;1;0;1;0;0;0;
EBT;UF;4126678;1.2500;2;1;1;0;0;0;
EBT;UF;4126801;1.0000;1;0;1;0;0;0;
EBT;UF;4126900;0.2500;1;1;0;0;0;0;
EBT;UF;4127007;2.5000;4;2;2;0;0;0;
EBT;UF;4127106;36.5313;13;1;11;0;1;0;
EBT;UF;4127403;3.0000;2;0;2;0;0;0;
EBT;UF;4127502;1.0000;1;0;1;0;0;0;
EBT;UF;4127700;216.7500;42;11;20;10;0;1;
EBT;UF;4127809;1.2500;2;1;1;0;0;0;
EBT;UF;4128104;217.6719;48;6;29;11;1;1;
EBT;UF;4128203;18.0000;10;0;10;0;0;0;
EBT;UF;4128401;1.0000;1;0;1;0;0;0;
EBT;UF;4128500;2.0000;2;0;2;0;0;0;
EBT;UF;4128708;4.5000;4;2;2;0;0;0;
EBT;UF;4128807;0.2500;1;1;0;0;0;0;
EBT;UF;4200101;3.3750;4;2;2;0;0;0;
EBT;UF;4201307;207.5625;36;5;16;12;3;0;
EBT;UF;4201703;0.2500;1;1;0;0;0;0;
EBT;UF;4202008;263.2813;45;3;25;15;1;1;
EBT;UF;4202073;1.0000;1;0;1;0;0;0;
EBT;UF;4202305;134.7031;58;24;27;5;2;0;
EBT;UF;4202404;3620.8906;305;55;140;76;22;12;
EBT;UF;4202602;5.3750;4;2;1;1;0;0;
EBT;UF;4202909;861.0703;80;9;40;21;4;6;
EBT;UF;4203006;83.8750;18;5;6;6;1;0;
EBT;UF;4203204;33.1250;22;8;12;2;0;0;
EBT;UF;4203600;2.0000;1;0;1;0;0;0;
EBT;UF;4203956;18.7500;5;2;1;2;0;0;
EBT;UF;4204202;719.3438;102;24;52;19;4;3;
EBT;UF;4204251;87.5000;14;4;7;1;2;0;
EBT;UF;4204301;639.0156;20;1;6;7;2;4;
EBT;UF;4204350;0.6875;4;4;0;0;0;0;
EBT;UF;4204509;5.6250;6;3;3;0;0;0;
EBT;UF;4204558;17.0000;5;2;1;2;0;0;
EBT;UF;4204608;468.9844;80;18;32;27;2;1;
EBT;UF;4204806;30.5000;4;1;0;3;0;0;
EBT;UF;4205191;10.0000;1;0;0;1;0;0;
EBT;UF;4205407;6853.2422;433;66;149;152;38;28;
EBT;UF;4205506;10.0000;15;9;6;0;0;0;
EBT;UF;4205704;22.6250;15;6;8;1;0;0;
EBT;UF;4205803;9.0000;3;0;1;2;0;0;
EBT;UF;4205902;110.8750;35;14;14;5;2;0;
EBT;UF;4206504;215.5391;33;7;18;6;1;1;
EBT;UF;4206702;6.6250;7;4;3;0;0;0;
EBT;UF;4207007;44.8125;15;5;7;3;0;0;
EBT;UF;4207106;1.2500;2;1;1;0;0;0;
EBT;UF;4207304;4.0000;2;0;2;0;0;0;
EBT;UF;4207502;268.0781;40;2;22;15;0;1;
EBT;UF;4208203;5133.1914;343;27;180;112;15;9;
EBT;UF;4208807;1.2500;2;1;1;0;0;0;
EBT;UF;4208906;557.1133;85;12;49;20;3;1;
EBT;UF;4209003;206.5000;30;1;18;7;4;0;
EBT;UF;4209102;3383.9570;482;88;216;147;21;10;
EBT;UF;4209300;468.0156;72;17;26;25;2;2;
EBT;UF;4209409;1.0000;1;0;1;0;0;0;
EBT;UF;4209706;1.2500;2;1;1;0;0;0;
EBT;UF;4210035;5.2500;5;1;4;0;0;0;
EBT;UF;4210100;28.4375;27;16;9;2;0;0;
EBT;UF;4210209;3.0000;2;0;2;0;0;0;
EBT;UF;4210605;17.0781;8;3;4;1;0;0;
EBT;UF;4211306;314.6875;60;5;28;22;5;0;
EBT;UF;4211454;1.0000;1;0;1;0;0;0;
EBT;UF;4211603;8.2500;7;1;6;0;0;0;
EBT;UF;4211702;4.2500;5;3;2;0;0;0;
EBT;UF;4211900;663.1367;102;16;59;22;4;1;
EBT;UF;4212205;1.0000;1;0;1;0;0;0;
EBT;UF;4213005;1.3125;4;3;1;0;0;0;
EBT;UF;4213203;53.5000;10;2;3;4;1;0;
EBT;UF;4214706;2.2500;2;1;1;0;0;0;
EBT;UF;4214805;595.7500;82;16;35;24;3;4;
EBT;UF;4215000;43.0000;6;0;4;0;2;0;
EBT;UF;4215109;104.7500;5;2;2;0;0;1;
EBT;UF;4215455;1.0000;1;0;1;0;0;0;
EBT;UF;4215802;373.0586;110;38;53;16;2;1;
EBT;UF;4215901;0.5000;1;1;0;0;0;0;
EBT;UF;4216107;3.5000;4;2;2;0;0;0;
EBT;UF;4216206;386.6875;38;8;10;14;4;2;
EBT;UF;4216255;1.0000;1;0;1;0;0;0;
EBT;UF;4216602;734.0000;119;17;49;46;6;1;
EBT;UF;4216909;50.2500;11;4;4;2;1;0;
EBT;UF;4217006;4.5000;3;1;2;0;0;0;
EBT;UF;4217402;229.5000;9;2;3;1;1;2;
EBT;UF;4217709;620.0000;8;0;2;1;0;5;
EBT;UF;4218202;162.0000;23;2;15;5;0;1;
EBT;UF;4218707;285.1836;24;2;14;6;1;1;
EBT;UF;4218806;14.0000;3;0;2;1;0;0;
EBT;UF;4219309;51.2500;27;12;12;2;1;0;
EBT;UF;4219507;35.8125;19;8;10;0;1;0;
EBT;UF;4219705;208.2656;16;5;6;1;3;1;
EBT;UF;4300406;83.8125;43;23;9;11;0;0;
EBT;UF;4300604;151.0000;36;11;14;9;2;0;
EBT;UF;4301008;14.0000;6;2;3;1;0;0;
EBT;UF;4301206;1.0000;1;0;1;0;0;0;
EBT;UF;4301552;1.2500;2;1;1;0;0;0;
EBT;UF;4301602;664.1250;45;9;13;15;5;3;
EBT;UF;4302105;1206.7949;146;11;61;62;9;3;
EBT;UF;4302204;1.0000;1;0;1;0;0;0;
EBT;UF;4302352;6.5000;4;1;2;1;0;0;
EBT;UF;4302709;2.2500;3;1;2;0;0;0;
EBT;UF;4302808;1.0000;1;0;1;0;0;0;
EBT;UF;4302907;0.6250;2;2;0;0;0;0;
EBT;UF;4303004;25.9375;25;13;11;1;0;0;
EBT;UF;4303103;502.4375;87;9;36;37;5;0;
EBT;UF;4303509;323.5000;30;5;11;10;3;1;
EBT;UF;4303806;2.2500;3;1;2;0;0;0;
EBT;UF;4303905;1144.7500;85;19;34;21;5;6;
EBT;UF;4304408;45.2500;18;10;5;2;1;0;
EBT;UF;4304507;4.5000;4;1;3;0;0;0;
EBT;UF;4304606;1536.8770;196;45;73;60;12;6;
EBT;UF;4304630;10612.5625;13;4;2;4;1;2;
EBT;UF;4304663;5.0000;5;2;3;0;0;0;
EBT;UF;4304705;54.5625;32;15;12;5;0;0;
EBT;UF;4304804;111.6875;14;6;3;2;3;0;
EBT;UF;4304903;4.0000;7;4;3;0;0;0;
EBT;UF;4305108;2819.9297;513;85;228;172;22;6;
EBT;UF;4305207;2.0000;2;0;2;0;0;0;
EBT;UF;4305355;34.0000;1;0;0;0;1;0;
EBT;UF;4305439;1.0000;1;0;1;0;0;0;
EBT;UF;4305801;0.2500;1;1;0;0;0;0;
EBT;UF;4305975;2.0000;1;0;1;0;0;0;
EBT;UF;4306056;1.0000;1;0;1;0;0;0;
EBT;UF;4306106;2261.4375;52;22;21;5;1;3;
EBT;UF;4306205;2.5000;3;1;2;0;0;0;
EBT;UF;4306304;1.0000;1;0;1;0;0;0;
EBT;UF;4306403;0.5000;2;2;0;0;0;0;
EBT;UF;4306601;7.0000;2;0;1;1;0;0;
EBT;UF;4306767;811.1250;42;3;13;17;5;4;
EBT;UF;4307005;10610.1328;60;4;29;20;6;1;
EBT;UF;4307559;118.5000;4;1;1;0;1;1;
EBT;UF;4307609;46.7500;20;5;10;5;0;0;
EBT;UF;4307708;163.3906;49;20;19;8;2;0;
EBT;UF;4307807;27.2500;13;7;4;2;0;0;
EBT;UF;4307906;965.1289;74;5;25;33;10;1;
EBT;UF;4308102;4.0000;4;0;4;0;0;0;
EBT;UF;4308508;5.0000;8;4;4;0;0;0;
EBT;UF;4308607;250.1875;59;11;29;17;2;0;
EBT;UF;4308904;13.5000;7;4;2;1;0;0;
EBT;UF;4309001;2.5625;5;3;2;0;0;0;
EBT;UF;4309050;10.1406;4;2;1;1;0;0;
EBT;UF;4309100;99.2656;34;12;17;4;1;0;
EBT;UF;4309209;526.3203;149;44;56;45;4;0;
EBT;UF;4309308;187.1875;34;15;10;5;4;0;
EBT;UF;4309407;5.0000;6;3;3;0;0;0;
EBT;UF;4309605;5.8750;11;7;4;0;0;0;
EBT;UF;4309803;1.0000;1;0;1;0;0;0;
EBT;UF;4310108;20.7500;19;10;6;3;0;0;
EBT;UF;4310207;81.9805;18;3;9;5;1;0;
EBT;UF;4310330;2.1250;5;4;1;0;0;0;
EBT;UF;4310603;2.0000;1;0;1;0;0;0;
EBT;UF;4310801;15.7500;13;9;3;1;0;0;
EBT;UF;4311007;8.9375;8;4;3;1;0;0;
EBT;UF;4311205;4.7500;5;2;3;0;0;0;
EBT;UF;4311403;1113.5625;35;7;20;7;0;1;
EBT;UF;4311809;97.0625;16;8;4;2;2;0;
EBT;UF;4312401;66.0625;30;17;8;4;1;0;
EBT;UF;4312500;1.0000;1;0;1;0;0;0;
EBT;UF;4312658;10.0000;1;0;0;1;0;0;
EBT;UF;4312708;0.3750;6;6;0;0;0;0;
EBT;UF;4312906;6.2500;4;1;2;1;0;0;
EBT;UF;4313060;14.5000;4;1;2;1;0;0;
EBT;UF;4313201;57.5625;12;5;1;5;1;0;
EBT;UF;4313300;22.5625;15;6;8;1;0;0;
EBT;UF;4313375;38.5469;4;0;3;0;1;0;
EBT;UF;4313409;1204.7891;175;33;73;60;8;1;
EBT;UF;4313508;51.3750;28;15;9;4;0;0;
EBT;UF;4313656;0.5000;1;1;0;0;0;0;
EBT;UF;4313706;7.5625;10;5;5;0;0;0;
EBT;UF;4313904;78.8125;31;17;10;3;1;0;
EBT;UF;4314050;36.6875;23;14;7;2;0;0;
EBT;UF;4314100;1142.5156;120;23;50;33;11;3;
EBT;UF;4314308;0.2500;1;1;0;0;0;0;
EBT;UF;4314407;2212.9531;95;21;46;19;5;4;
EBT;UF;4314506;4.0000;1;0;0;1;0;0;
EBT;UF;4314803;12.7656;8;4;3;1;0;0;
EBT;UF;4314902;50973.7812;1262;131;408;493;134;96;
EBT;UF;4315206;2.0000;2;0;2;0;0;0;
EBT;UF;4315305;1.0000;1;0;1;0;0;0;
EBT;UF;4315503;0.5000;1;1;0;0;0;0;
EBT;UF;4315602;1370.0156;114;31;38;31;8;6;
EBT;UF;4315701;3.3750;6;4;2;0;0;0;
EBT;UF;4315800;2.0000;2;0;2;0;0;0;
EBT;UF;4316402;169.2500;12;6;4;1;0;1;
EBT;UF;4316501;0.3125;2;2;0;0;0;0;
EBT;UF;4316709;1.0000;1;0;1;0;0;0;
EBT;UF;4316808;2757.5625;60;11;15;25;3;6;
EBT;UF;4316907;1831.2188;145;60;53;26;2;4;
EBT;UF;4317103;132.5625;18;3;8;5;1;1;
EBT;UF;4317202;5.0000;4;0;4;0;0;0;
EBT;UF;4317301;2.0000;1;0;1;0;0;0;
EBT;UF;4317400;14.9375;12;7;4;1;0;0;
EBT;UF;4317509;459.0000;16;0;8;6;0;2;
EBT;UF;4317608;12.7500;9;6;2;1;0;0;
EBT;UF;4317905;1.5000;2;1;1;0;0;0;
EBT;UF;4318002;2.0000;1;0;1;0;0;0;
EBT;UF;4318101;1.5000;3;2;1;0;0;0;
EBT;UF;4318200;1.7500;3;2;1;0;0;0;
EBT;UF;4318309;4.5000;4;1;3;0;0;0;
EBT;UF;4318507;0.2500;1;1;0;0;0;0;
EBT;UF;4318705;1339.8750;110;32;34;35;5;4;
EBT;UF;4318804;102.4375;6;3;2;0;0;1;
EBT;UF;4319406;3.0000;5;3;2;0;0;0;
EBT;UF;4319505;24.0625;12;6;3;3;0;0;
EBT;UF;4319802;1.5000;3;2;1;0;0;0;
EBT;UF;4319901;108.0000;19;0;10;8;1;0;
EBT;UF;4320008;148.6875;46;18;15;12;1;0;
EBT;UF;4320107;128.3750;11;6;2;1;1;1;
EBT;UF;4320206;0.2500;1;1;0;0;0;0;
EBT;UF;4320404;4.5625;5;2;3;0;0;0;
EBT;UF;4320701;1.0000;1;0;1;0;0;0;
EBT;UF;4320800;2.0000;2;0;2;0;0;0;
EBT;UF;4320909;1.0000;1;0;1;0;0;0;
EBT;UF;4321204;224.0000;21;9;9;1;0;2;
EBT;UF;4321303;6.0000;3;0;3;0;0;0;
EBT;UF;4321451;828.9375;23;12;4;1;2;4;
EBT;UF;4321501;21.8906;24;18;4;2;0;0;
EBT;UF;4321600;32.9375;24;17;4;3;0;0;
EBT;UF;4321709;2.7500;4;2;2;0;0;0;
EBT;UF;4321808;1.0000;1;0;1;0;0;0;
EBT;UF;4322004;32.0000;1;0;0;0;1;0;
EBT;UF;4322400;10855.1250;40;8;12;13;3;4;
EBT;UF;4322509;288.0859;41;4;19;17;0;1;
EBT;UF;4322608;65.7500;20;6;8;6;0;0;
EBT;UF;4322806;1.0000;1;0;1;0;0;0;
EBT;UF;4323002;127.3750;30;13;10;3;4;0;
EBT;UF;4323408;1.7500;3;2;1;0;0;0;
EBT;UF;4323804;3.0625;9;8;1;0;0;0;
EBT;UF;5000203;100.0000;14;0;3;10;1;0;
EBT;UF;5001003;3.0000;2;0;2;0;0;0;
EBT;UF;5001102;0.5000;1;1;0;0;0;0;
EBT;UF;5002407;4.0000;2;0;2;0;0;0;
EBT;UF;5002704;18540.0547;612;110;236;196;38;32;
EBT;UF;5002902;0.5000;1;1;0;0;0;0;
EBT;UF;5002951;4.0625;3;1;2;0;0;0;
EBT;UF;5003207;105.0000;16;0;10;4;2;0;
EBT;UF;5003306;4.0000;2;0;2;0;0;0;
EBT;UF;5003702;1220.3125;72;10;31;24;3;4;
EBT;UF;5003751;1.0000;1;0;1;0;0;0;
EBT;UF;5003801;2.0000;1;0;1;0;0;0;
EBT;UF;5004106;2.0000;1;0;1;0;0;0;
EBT;UF;5004502;30.2500;10;3;5;2;0;0;
EBT;UF;5004700;1.0000;1;0;1;0;0;0;
EBT;UF;5005004;2.0000;1;0;1;0;0;0;
EBT;UF;5005103;1.0000;1;0;1;0;0;0;
EBT;UF;5005202;4.0000;2;0;2;0;0;0;
EBT;UF;5005400;448.5000;16;1;5;4;3;3;
EBT;UF;5005608;2.0000;1;0;1;0;0;0;
EBT;UF;5005681;2.0000;1;0;1;0;0;0;
EBT;UF;5005707;8.0000;4;0;4;0;0;0;
EBT;UF;5006002;27.5000;5;1;2;1;1;0;
EBT;UF;5006309;6.0000;3;0;3;0;0;0;
EBT;UF;5006606;12.0000;7;0;7;0;0;0;
EBT;UF;5006903;2.0000;1;0;1;0;0;0;
EBT;UF;5007109;43.0000;6;0;1;4;1;0;
EBT;UF;5007208;8.0000;4;0;3;1;0;0;
EBT;UF;5007695;3.0000;3;2;1;0;0;0;
EBT;UF;5007703;1.0000;1;0;1;0;0;0;
EBT;UF;5007901;138.5000;13;1;5;3;4;0;
EBT;UF;5008008;2.0000;1;0;1;0;0;0;
EBT;UF;5008305;684.0000;71;0;31;31;7;2;
EBT;UF;5100201;9.0000;5;0;5;0;0;0;
EBT;UF;5100250;15.5000;9;1;8;0;0;0;
EBT;UF;5100300;0.5000;1;1;0;0;0;0;
EBT;UF;5100409;2.5000;2;1;1;0;0;0;
EBT;UF;5100805;1.0000;1;0;1;0;0;0;
EBT;UF;5101704;2.0000;1;0;1;0;0;0;
EBT;UF;5101803;20.0000;13;2;11;0;0;0;
EBT;UF;5102504;257.0000;68;12;43;10;3;0;
EBT;UF;5102678;1.0000;1;0;1;0;0;0;
EBT;UF;5103056;1.0000;1;0;1;0;0;0;
EBT;UF;5103205;2.0000;1;0;1;0;0;0;
EBT;UF;5103403;31912.1016;1041;149;550;200;89;53;
EBT;UF;5103502;6.5000;5;1;4;0;0;0;
EBT;UF;5104104;0.5000;1;1;0;0;0;0;
EBT;UF;5104609;2.0000;1;0;1;0;0;0;
EBT;UF;5105002;123.7500;12;2;4;3;2;1;
EBT;UF;5105101;2.0000;1;0;1;0;0;0;
EBT;UF;5105150;8.0000;4;0;4;0;0;0;
EBT;UF;5105259;2091.2930;193;39;93;41;10;10;
EBT;UF;5105622;45.5000;20;3;15;2;0;0;
EBT;UF;5105903;0.5000;1;1;0;0;0;0;
EBT;UF;5106224;719.4375;106;16;59;22;6;3;
EBT;UF;5106257;2.0000;1;0;1;0;0;0;
EBT;UF;5106372;2.0000;1;0;1;0;0;0;
EBT;UF;5106505;2.0000;1;0;1;0;0;0;
EBT;UF;5106752;404.3750;62;21;29;4;6;2;
EBT;UF;5107040;6.5625;5;2;3;0;0;0;
EBT;UF;5107065;0.5000;1;1;0;0;0;0;
EBT;UF;5107107;2.0000;1;0;1;0;0;0;
EBT;UF;5107180;0.5000;1;1;0;0;0;0;
EBT;UF;5107198;0.5625;2;2;0;0;0;0;
EBT;UF;5107602;2316.8320;281;29;168;59;12;13;
EBT;UF;5107800;1.0000;1;0;1;0;0;0;
EBT;UF;5107859;1.2500;2;1;1;0;0;0;
EBT;UF;5107875;2.0000;1;0;1;0;0;0;
EBT;UF;5107909;10031.5859;253;24;161;45;7;16;
EBT;UF;5107925;1492.7500;176;18;100;44;5;9;
EBT;UF;5107958;13.3750;12;6;6;0;0;0;
EBT;UF;5108402;2219.6523;192;27;92;62;7;4;
EBT;UF;5108600;1.2500;2;1;1;0;0;0;
EBT;UF;5200050;2.0000;1;0;1;0;0;0;
EBT;UF;5200258;162.2969;29;6;18;3;1;1;
EBT;UF;5200308;11.7500;14;8;6;0;0;0;
EBT;UF;5200605;1.2500;2;1;1;0;0;0;
EBT;UF;5200803;3.2500;3;1;2;0;0;0;
EBT;UF;5201108;3504.6250;273;30;95;122;13;13;
EBT;UF;5201306;2.0000;1;0;1;0;0;0;
EBT;UF;5201405;1786.5625;230;44;145;38;1;2;
EBT;UF;5201702;1.0000;1;0;1;0;0;0;
EBT;UF;5202502;1.0000;1;0;1;0;0;0;
EBT;UF;5202601;0.2500;1;1;0;0;0;0;
EBT;UF;5203203;1.0000;1;0;1;0;0;0;
EBT;UF;5203302;2.0000;1;0;1;0;0;0;
EBT;UF;5203500;2.0000;1;0;1;0;0;0;
EBT;UF;5203906;4.0000;2;0;2;0;0;0;
EBT;UF;5204003;0.2500;1;1;0;0;0;0;
EBT;UF;5204102;1.0000;1;0;1;0;0;0;
EBT;UF;5204300;2.0000;1;0;1;0;0;0;
EBT;UF;5204508;33.0000;9;2;4;3;0;0;
EBT;UF;5204706;7.7500;6;2;4;0;0;0;
EBT;UF;5204805;1.2500;2;1;1;0;0;0;
EBT;UF;5204904;2.0000;1;0;1;0;0;0;
EBT;UF;5205109;593.3750;49;6;23;10;6;4;
EBT;UF;5205307;1.0000;1;0;1;0;0;0;
EBT;UF;5205406;6.0625;4;1;3;0;0;0;
EBT;UF;5205455;0.2500;1;1;0;0;0;0;
EBT;UF;5205497;7.0000;5;2;3;0;0;0;
EBT;UF;5205513;1.7500;3;2;1;0;0;0;
EBT;UF;5205802;0.2500;1;1;0;0;0;0;
EBT;UF;5205901;1.0000;1;0;1;0;0;0;
EBT;UF;5206206;323.3125;23;4;6;7;4;2;
EBT;UF;5206800;0.2500;1;1;0;0;0;0;
EBT;UF;5207402;2.0000;1;0;1;0;0;0;
EBT;UF;5207808;0.2500;1;1;0;0;0;0;
EBT;UF;5208004;9.0000;5;0;5;0;0;0;
EBT;UF;5208103;0.2500;1;1;0;0;0;0;
EBT;UF;5208608;2.0625;2;1;1;0;0;0;
EBT;UF;5208707;25815.4375;976;131;572;183;43;47;
EBT;UF;5208806;8.0000;3;0;2;1;0;0;
EBT;UF;5208905;2.0000;1;0;1;0;0;0;
EBT;UF;5209101;9.0000;9;5;4;0;0;0;
EBT;UF;5209200;2.0000;1;0;1;0;0;0;
EBT;UF;5209705;2.0000;1;0;1;0;0;0;
EBT;UF;5209804;0.2500;1;1;0;0;0;0;
EBT;UF;5209937;2.0000;1;0;1;0;0;0;
EBT;UF;5210000;11.5000;7;1;6;0;0;0;
EBT;UF;5210208;6.0000;3;0;3;0;0;0;
EBT;UF;5210802;0.2500;1;1;0;0;0;0;
EBT;UF;5210901;1.0000;1;0;1;0;0;0;
EBT;UF;5211206;0.5000;1;1;0;0;0;0;
EBT;UF;5211503;146.0000;44;3;33;6;2;0;
EBT;UF;5211800;5.0000;4;2;2;0;0;0;
EBT;UF;5211909;131.5000;17;1;14;1;0;1;
EBT;UF;5212105;0.2500;1;1;0;0;0;0;
EBT;UF;5212204;2.0000;1;0;1;0;0;0;
EBT;UF;5212303;0.2500;1;1;0;0;0;0;
EBT;UF;5212501;106.3906;55;17;30;8;0;0;
EBT;UF;5212956;1.0000;1;0;1;0;0;0;
EBT;UF;5213004;2.2500;2;1;1;0;0;0;
EBT;UF;5213103;3.0000;3;2;1;0;0;0;
EBT;UF;5213509;0.2500;1;1;0;0;0;0;
EBT;UF;5213756;1.2500;2;1;1;0;0;0;
EBT;UF;5213806;204.4375;19;8;9;0;1;1;
EBT;UF;5213905;0.2500;1;1;0;0;0;0;
EBT;UF;5214002;0.2500;1;1;0;0;0;0;
EBT;UF;5214408;1.0000;1;0;1;0;0;0;
EBT;UF;5214507;2.0000;1;0;1;0;0;0;
EBT;UF;5214606;2.0000;1;0;1;0;0;0;
EBT;UF;5214838;1.0000;1;0;1;0;0;0;
EBT;UF;5215231;24.0625;15;7;7;1;0;0;
EBT;UF;5215306;1.2500;2;1;1;0;0;0;
EBT;UF;5215504;0.2500;1;1;0;0;0;0;
EBT;UF;5215603;1.4648;1;0;1;0;0;0;
EBT;UF;5215702;2.0000;1;0;1;0;0;0;
EBT;UF;5216304;0.2500;1;1;0;0;0;0;
EBT;UF;5216403;1.0000;2;2;0;0;0;0;
EBT;UF;5216809;1.0000;1;0;1;0;0;0;
EBT;UF;5217104;2.0000;1;0;1;0;0;0;
EBT;UF;5217203;0.2500;1;1;0;0;0;0;
EBT;UF;5217401;3.0000;2;0;2;0;0;0;
EBT;UF;5217609;7.5000;5;1;4;0;0;0;
EBT;UF;5218003;105.5000;8;1;3;1;2;1;
EBT;UF;5218508;2.0000;1;0;1;0;0;0;
EBT;UF;5218789;0.2500;1;1;0;0;0;0;
EBT;UF;5218805;2803.5000;104;11;54;28;7;4;
EBT;UF;5219100;0.2500;1;1;0;0;0;0;
EBT;UF;5219308;2.0000;1;0;1;0;0;0;
EBT;UF;5219605;2.0000;1;0;1;0;0;0;
EBT;UF;5219753;10.5000;7;1;6;0;0;0;
EBT;UF;5219902;0.2500;1;1;0;0;0;0;
EBT;UF;5220108;2.5000;2;1;1;0;0;0;
EBT;UF;5220405;2.0000;1;0;1;0;0;0;
EBT;UF;5220454;44.0000;20;2;17;1;0;0;
EBT;UF;5220603;2.0000;1;0;1;0;0;0;
EBT;UF;5221403;112.3125;20;6;9;3;1;1;
EBT;UF;5221601;16.0625;14;8;4;2;0;0;
EBT;UF;5221700;0.2500;1;1;0;0;0;0;
EBT;UF;5221809;4.2500;3;1;2;0;0;0;
EBT;UF;5221858;88.9219;42;14;22;5;1;0;
EBT;UF;5222005;2.0000;1;0;1;0;0;0;
EBT;UF;5300108;521252.908;4265;586;1737;1191;308;443;
TLB;UF;3106200;0.2500;1;1;0;0;0;0;
TLB;UF;3304557;1.0000;1;0;1;0;0;0;
TLB;UF;4205407;34.0000;1;0;0;0;1;0;
09;1294;
