01;CLA;IPL4;201312;
EBT;UF;1100023;172.0625;37;3;29;2;3;0;
EBT;UF;1100049;325.0625;80;17;48;13;1;1;
EBT;UF;1100098;0.5000;1;1;0;0;0;0;
EBT;UF;1100106;8.0000;3;0;2;1;0;0;
EBT;UF;1100114;28.0000;10;0;9;1;0;0;
EBT;UF;1100122;981.1875;128;13;87;16;9;3;
EBT;UF;1100155;230.0000;12;0;4;1;7;0;
EBT;UF;1100189;134.3125;47;9;32;5;1;0;
EBT;UF;1100205;9913.7500;570;86;374;66;20;24;
EBT;UF;1100254;1.0000;1;0;1;0;0;0;
EBT;UF;1100288;4.0000;2;0;2;0;0;0;
EBT;UF;1100296;1.0000;1;0;1;0;0;0;
EBT;UF;1100304;566.6875;116;15;82;13;5;1;
EBT;UF;1100320;1.0000;1;0;1;0;0;0;
EBT;UF;1100403;1.0000;1;0;1;0;0;0;
EBT;UF;1100452;1.0000;1;0;1;0;0;0;
EBT;UF;1100924;2.0000;1;0;1;0;0;0;
EBT;UF;1101468;0.5000;1;1;0;0;0;0;
EBT;UF;1200104;1.0000;1;0;1;0;0;0;
EBT;UF;1200138;12.0000;4;0;3;1;0;0;
EBT;UF;1200203;1.0000;1;0;1;0;0;0;
EBT;UF;1200252;1.1875;3;2;1;0;0;0;
EBT;UF;1200344;1.0000;1;0;1;0;0;0;
EBT;UF;1200401;6058.0000;285;41;171;49;10;14;
EBT;UF;1200450;4.0000;2;0;2;0;0;0;
EBT;UF;1200500;1.0000;1;0;1;0;0;0;
EBT;UF;1200609;1.0000;1;0;1;0;0;0;
EBT;UF;1301100;2.0000;2;0;2;0;0;0;
EBT;UF;1301704;6.2500;4;1;3;0;0;0;
EBT;UF;1301852;2.0000;1;0;1;0;0;0;
EBT;UF;1302603;8235.8125;716;96;474;80;43;23;
EBT;UF;1303403;2.5000;3;2;1;0;0;0;
EBT;UF;1400100;304.7500;73;7;43;20;3;0;
EBT;UF;1500602;2.0000;1;0;1;0;0;0;
EBT;UF;1500800;7723.5000;119;8;73;27;5;6;
EBT;UF;1501303;24.0000;4;0;2;2;0;0;
EBT;UF;1501402;43001.9766;684;28;309;209;60;78;
EBT;UF;1501501;23.2500;14;4;9;1;0;0;
EBT;UF;1502202;136.0000;9;0;1;4;4;0;
EBT;UF;1502400;123.0000;31;3;21;5;2;0;
EBT;UF;1503606;6.0000;3;0;3;0;0;0;
EBT;UF;1503903;2.0000;1;0;1;0;0;0;
EBT;UF;1504208;269.1875;94;30;49;11;4;0;
EBT;UF;1504422;186.6875;56;10;33;11;2;0;
EBT;UF;1505304;1.0000;1;0;1;0;0;0;
EBT;UF;1505502;288.0000;19;0;13;2;2;2;
EBT;UF;1506203;0.5000;1;1;0;0;0;0;
EBT;UF;1506807;157.9375;28;9;13;3;1;2;
EBT;UF;1507607;4.0000;2;0;2;0;0;0;
EBT;UF;1508209;0.2500;1;1;0;0;0;0;
EBT;UF;1600303;260.0000;74;9;51;11;3;0;
EBT;UF;1700350;4.0000;3;0;3;0;0;0;
EBT;UF;1700707;37.2500;12;1;9;2;0;0;
EBT;UF;1702000;0.2500;1;1;0;0;0;0;
EBT;UF;1702109;375.3750;64;12;26;22;4;0;
EBT;UF;1705508;212.0000;8;0;6;0;0;2;
EBT;UF;1707009;1.0000;1;0;1;0;0;0;
EBT;UF;1709302;58.6875;8;4;2;1;0;1;
EBT;UF;1709500;189.3750;21;4;8;8;0;1;
EBT;UF;1713205;8.5625;8;3;5;0;0;0;
EBT;UF;1713304;4.7500;6;3;3;0;0;0;
EBT;UF;1714880;5.3125;5;2;3;0;0;0;
EBT;UF;1716109;19.0000;6;2;2;2;0;0;
EBT;UF;1718204;97.7500;17;4;6;5;2;0;
EBT;UF;1718402;4.0000;1;0;0;1;0;0;
EBT;UF;1721000;1519.2500;181;41;89;40;8;3;
EBT;UF;1722081;4.0000;1;0;0;1;0;0;
EBT;UF;2100204;32.0000;1;0;0;0;1;0;
EBT;UF;2101202;96.0000;6;0;3;0;3;0;
EBT;UF;2101608;0.3750;2;2;0;0;0;0;
EBT;UF;2101707;2.0000;1;0;1;0;0;0;
EBT;UF;2103000;608.0000;14;0;5;3;2;4;
EBT;UF;2103307;155.0000;1;0;0;0;0;1;
EBT;UF;2103604;0.5000;1;1;0;0;0;0;
EBT;UF;2105302;239.2500;11;2;3;3;2;1;
EBT;UF;2105427;20.0000;3;0;1;2;0;0;
EBT;UF;2108603;4.0000;1;0;0;1;0;0;
EBT;UF;2109106;1.7500;3;2;1;0;0;0;
EBT;UF;2109908;33.0000;3;2;0;0;1;0;
EBT;UF;2110302;52.0000;6;0;1;5;0;0;
EBT;UF;2111201;31.2500;8;3;1;4;0;0;
EBT;UF;2111300;2539.2500;164;19;42;73;25;5;
EBT;UF;2112209;104.0000;4;0;0;1;3;0;
EBT;UF;2112902;0.3750;2;2;0;0;0;0;
EBT;UF;2200400;32.0000;1;0;0;0;1;0;
EBT;UF;2202208;64.0000;2;0;0;0;2;0;
EBT;UF;2202406;64.0000;2;0;0;0;2;0;
EBT;UF;2202703;32.0000;1;0;0;0;1;0;
EBT;UF;2203701;10.0000;1;0;0;1;0;0;
EBT;UF;2207702;144.0000;7;0;0;3;4;0;
EBT;UF;2208403;184.0000;7;0;0;1;6;0;
EBT;UF;2211001;4818.0625;218;4;53;83;72;6;
EBT;UF;2300309;6.0000;1;0;0;1;0;0;
EBT;UF;2301000;29.2500;8;1;5;2;0;0;
EBT;UF;2301109;42.0000;4;0;0;3;1;0;
EBT;UF;2301901;38.6250;8;3;0;5;0;0;
EBT;UF;2302503;20.0000;2;0;0;2;0;0;
EBT;UF;2303709;20.7500;13;2;11;0;0;0;
EBT;UF;2303808;12.0000;2;0;1;1;0;0;
EBT;UF;2303956;0.2500;1;1;0;0;0;0;
EBT;UF;2304103;0.2500;1;1;0;0;0;0;
EBT;UF;2304202;35.0000;2;0;1;0;1;0;
EBT;UF;2304285;195.5000;23;1;13;5;3;1;
EBT;UF;2304400;7930.5625;257;16;78;101;33;29;
EBT;UF;2305233;62.0625;7;1;2;3;1;0;
EBT;UF;2305407;40.0000;2;0;0;0;2;0;
EBT;UF;2305506;32.0000;2;0;0;1;1;0;
EBT;UF;2306256;0.5000;1;1;0;0;0;0;
EBT;UF;2306405;54.0000;3;0;0;2;1;0;
EBT;UF;2307007;1.0000;1;0;1;0;0;0;
EBT;UF;2307304;171.0000;12;0;6;4;1;1;
EBT;UF;2307601;70.0000;4;0;0;2;2;0;
EBT;UF;2307650;89.7500;27;2;16;9;0;0;
EBT;UF;2308104;8.0000;1;0;0;1;0;0;
EBT;UF;2308302;16.0000;1;0;0;0;1;0;
EBT;UF;2309607;90.0000;2;0;0;0;1;1;
EBT;UF;2310704;1.0000;1;0;1;0;0;0;
EBT;UF;2311306;49.0000;4;0;1;1;2;0;
EBT;UF;2311801;14.3750;11;4;7;0;0;0;
EBT;UF;2312403;2.0000;1;0;1;0;0;0;
EBT;UF;2312908;321.3750;24;5;5;9;3;2;
EBT;UF;2313302;0.6875;3;3;0;0;0;0;
EBT;UF;2313401;414.0000;10;0;2;2;3;3;
EBT;UF;2400109;172.0000;7;0;0;3;3;1;
EBT;UF;2400802;20.5000;3;1;0;2;0;0;
EBT;UF;2403251;129.3750;35;5;19;11;0;0;
EBT;UF;2406700;10.0000;1;0;0;1;0;0;
EBT;UF;2407104;38.0000;12;0;10;2;0;0;
EBT;UF;2407401;26.0000;2;0;0;1;1;0;
EBT;UF;2408003;712.5625;38;5;19;6;4;4;
EBT;UF;2408102;4139.5000;111;15;21;47;11;17;
EBT;UF;2409332;4.0000;1;0;0;1;0;0;
EBT;UF;2412005;28.0000;6;0;3;3;0;0;
EBT;UF;2501807;25.0000;3;0;1;2;0;0;
EBT;UF;2503209;202.2500;22;1;13;6;1;1;
EBT;UF;2504009;925.5000;46;5;11;21;5;4;
EBT;UF;2506301;42.0000;2;0;0;1;1;0;
EBT;UF;2506905;48.0000;2;0;0;0;2;0;
EBT;UF;2507507;4327.5625;160;5;63;57;23;12;
EBT;UF;2510808;197.0000;3;0;0;1;1;1;
EBT;UF;2516201;2.0000;1;0;1;0;0;0;
EBT;UF;2600054;182.1250;18;4;12;1;0;1;
EBT;UF;2601102;18.0000;1;0;0;0;1;0;
EBT;UF;2601201;64.0000;4;0;0;1;3;0;
EBT;UF;2601706;120.0000;4;0;0;0;4;0;
EBT;UF;2601904;22.0000;1;0;0;0;1;0;
EBT;UF;2602902;462.2500;37;4;24;5;2;2;
EBT;UF;2603454;4.0000;3;0;3;0;0;0;
EBT;UF;2604007;1.0000;1;0;1;0;0;0;
EBT;UF;2604106;216.8750;37;7;17;10;3;0;
EBT;UF;2605103;22.0000;1;0;0;0;1;0;
EBT;UF;2606002;20.0000;2;0;0;2;0;0;
EBT;UF;2606408;129.8750;6;3;2;0;0;1;
EBT;UF;2606804;8.0000;5;0;5;0;0;0;
EBT;UF;2607208;36.0000;14;3;7;4;0;0;
EBT;UF;2607901;476.2500;72;5;38;25;3;1;
EBT;UF;2608909;2.5000;5;4;1;0;0;0;
EBT;UF;2609600;311.2500;34;4;18;8;3;1;
EBT;UF;2610707;280.6250;49;8;34;5;1;1;
EBT;UF;2610905;168.0000;3;0;0;0;2;1;
EBT;UF;2611101;17.0000;5;0;4;1;0;0;
EBT;UF;2611606;14160.6875;387;18;138;121;57;53;
EBT;UF;2612208;18.0000;2;0;0;2;0;0;
EBT;UF;2613701;34.0000;4;0;2;1;1;0;
EBT;UF;2613909;76.5000;23;16;3;1;3;0;
EBT;UF;2700300;265.5625;32;2;17;12;0;1;
EBT;UF;2704302;3041.3750;230;33;78;92;14;13;
EBT;UF;2704708;2.0000;1;0;1;0;0;0;
EBT;UF;2706307;2.0000;1;0;1;0;0;0;
EBT;UF;2707701;165.5000;8;1;6;0;0;1;
EBT;UF;2800308;5400.4375;248;32;93;92;13;18;
EBT;UF;2800670;2.5000;5;3;2;0;0;0;
EBT;UF;2802106;10.0000;1;0;0;1;0;0;
EBT;UF;2804805;528.0000;52;5;27;16;1;3;
EBT;UF;2805703;10.0000;1;0;0;1;0;0;
EBT;UF;2806701;70.5625;12;3;5;3;1;0;
EBT;UF;2900702;97.0000;12;0;5;5;2;0;
EBT;UF;2903201;7.0000;3;0;2;1;0;0;
EBT;UF;2904605;47.0000;4;0;2;1;0;1;
EBT;UF;2904704;2.0000;1;0;1;0;0;0;
EBT;UF;2905602;130.0000;5;0;2;1;1;1;
EBT;UF;2905701;399.1250;72;4;45;20;2;1;
EBT;UF;2906501;712.0000;15;0;6;3;2;4;
EBT;UF;2906709;2.0000;1;0;1;0;0;0;
EBT;UF;2909802;48.0000;4;0;0;3;1;0;
EBT;UF;2910727;344.8125;22;3;12;4;1;2;
EBT;UF;2910800;2679.8125;118;17;51;30;8;12;
EBT;UF;2912103;4.0000;1;0;0;1;0;0;
EBT;UF;2913606;473.0000;43;0;19;18;4;2;
EBT;UF;2914653;12.0000;2;0;1;1;0;0;
EBT;UF;2914802;1198.1250;52;9;25;12;2;4;
EBT;UF;2914901;72.0000;2;0;0;1;0;1;
EBT;UF;2915304;2.0000;1;0;1;0;0;0;
EBT;UF;2915601;6.0000;3;0;3;0;0;0;
EBT;UF;2915809;12.0000;2;0;1;1;0;0;
EBT;UF;2916302;2.0000;1;0;1;0;0;0;
EBT;UF;2916401;152.1875;7;2;1;1;2;1;
EBT;UF;2917102;2.0000;1;0;1;0;0;0;
EBT;UF;2917508;100.0000;1;0;0;0;0;1;
EBT;UF;2917607;100.0000;1;0;0;0;0;1;
EBT;UF;2918001;168.2500;21;4;10;6;0;1;
EBT;UF;2918407;6.0000;3;0;3;0;0;0;
EBT;UF;2919207;675.0000;41;0;21;15;2;3;
EBT;UF;2919553;2.0000;1;0;1;0;0;0;
EBT;UF;2920601;18.0000;2;0;0;2;0;0;
EBT;UF;2921005;20.2500;3;1;0;2;0;0;
EBT;UF;2921302;10.0000;2;0;0;2;0;0;
EBT;UF;2924009;57.1250;9;1;4;3;1;0;
EBT;UF;2925006;4.0000;2;0;2;0;0;0;
EBT;UF;2925105;10.0000;1;0;0;1;0;0;
EBT;UF;2925303;278.0000;17;0;8;4;4;1;
EBT;UF;2927002;0.5000;1;1;0;0;0;0;
EBT;UF;2927408;32069.4883;764;98;271;276;54;65;
EBT;UF;2928703;176.0000;5;0;1;1;2;1;
EBT;UF;2929206;0.0625;1;1;0;0;0;0;
EBT;UF;2930105;14.5000;4;1;2;1;0;0;
EBT;UF;2930709;168.5000;37;3;18;16;0;0;
EBT;UF;2931350;2024.0625;24;4;10;1;4;5;
EBT;UF;2932507;32.0000;1;0;0;0;1;0;
EBT;UF;2932903;5.7500;9;5;4;0;0;0;
EBT;UF;2933307;873.5625;58;8;26;17;3;4;
EBT;UF;3100302;2.0000;1;0;1;0;0;0;
EBT;UF;3101508;258.0000;9;0;1;0;8;0;
EBT;UF;3101607;42.3125;27;9;16;2;0;0;
EBT;UF;3101904;2.0000;1;0;1;0;0;0;
EBT;UF;3103504;33.6250;17;2;13;2;0;0;
EBT;UF;3104007;70.7500;29;8;20;0;1;0;
EBT;UF;3104205;11.0000;6;0;6;0;0;0;
EBT;UF;3104601;32.0000;1;0;0;0;1;0;
EBT;UF;3104908;4.0000;2;0;2;0;0;0;
EBT;UF;3105608;198.5000;16;1;7;2;6;0;
EBT;UF;3106200;66097.8164;2090;279;1180;333;173;125;
EBT;UF;3106309;42.0625;4;1;1;1;1;0;
EBT;UF;3106705;2092.0117;226;46;132;18;26;4;
EBT;UF;3107109;4.0000;2;0;2;0;0;0;
EBT;UF;3107406;4.0000;2;0;2;0;0;0;
EBT;UF;3108404;2.0000;1;0;1;0;0;0;
EBT;UF;3108909;2.2500;2;1;1;0;0;0;
EBT;UF;3109303;2.0000;1;0;1;0;0;0;
EBT;UF;3109501;2.0000;1;0;1;0;0;0;
EBT;UF;3109709;2.0000;1;0;1;0;0;0;
EBT;UF;3110004;2.0000;1;0;1;0;0;0;
EBT;UF;3110301;2.0000;1;0;1;0;0;0;
EBT;UF;3110509;5.0000;3;0;3;0;0;0;
EBT;UF;3110608;3.0000;2;0;2;0;0;0;
EBT;UF;3110707;4.0000;2;0;2;0;0;0;
EBT;UF;3111606;2.0000;1;0;1;0;0;0;
EBT;UF;3112307;2.0000;1;0;1;0;0;0;
EBT;UF;3113206;64.0000;2;0;0;0;2;0;
EBT;UF;3113404;24.0000;4;0;2;2;0;0;
EBT;UF;3114303;2.0000;1;0;1;0;0;0;
EBT;UF;3114501;2.0000;1;0;1;0;0;0;
EBT;UF;3115300;557.0000;9;0;1;3;2;3;
EBT;UF;3115508;10.1250;6;1;5;0;0;0;
EBT;UF;3117876;30.0000;3;0;0;3;0;0;
EBT;UF;3118007;19.8125;9;3;5;1;0;0;
EBT;UF;3118304;55.3750;19;5;13;0;1;0;
EBT;UF;3118403;32.0000;1;0;0;0;1;0;
EBT;UF;3118601;2803.6172;347;56;194;53;36;8;
EBT;UF;3119401;71.5000;9;1;6;0;2;0;
EBT;UF;3120904;43.0000;18;0;17;1;0;0;
EBT;UF;3122306;940.6250;45;5;26;7;2;5;
EBT;UF;3122454;0.2500;1;1;0;0;0;0;
EBT;UF;3123601;4.0000;2;0;2;0;0;0;
EBT;UF;3123908;2.0000;1;0;1;0;0;0;
EBT;UF;3124203;32.0000;1;0;0;0;1;0;
EBT;UF;3125101;17.0000;10;0;10;0;0;0;
EBT;UF;3126109;4.0000;2;0;2;0;0;0;
EBT;UF;3127008;4.0000;2;0;2;0;0;0;
EBT;UF;3127107;16.0000;8;0;8;0;0;0;
EBT;UF;3127701;1516.4375;56;5;31;5;10;5;
EBT;UF;3128709;8.0000;1;0;0;1;0;0;
EBT;UF;3129509;2.0000;1;0;1;0;0;0;
EBT;UF;3129806;81.5000;13;3;8;0;2;0;
EBT;UF;3130101;2.0000;1;0;1;0;0;0;
EBT;UF;3130309;4.0000;2;0;2;0;0;0;
EBT;UF;3131307;687.0000;70;13;34;9;12;2;
EBT;UF;3131703;400.9375;40;13;21;3;1;2;
EBT;UF;3131901;8.6250;8;3;5;0;0;0;
EBT;UF;3132206;6.0000;3;0;3;0;0;0;
EBT;UF;3132404;302.6250;62;19;32;4;7;0;
EBT;UF;3133006;9.0000;5;0;5;0;0;0;
EBT;UF;3133600;1.0000;1;0;1;0;0;0;
EBT;UF;3133808;128.7500;23;2;13;7;1;0;
EBT;UF;3134202;21.0000;12;2;10;0;0;0;
EBT;UF;3135209;2.0000;1;0;1;0;0;0;
EBT;UF;3135407;16.1250;5;1;3;1;0;0;
EBT;UF;3135506;2.0000;1;0;1;0;0;0;
EBT;UF;3136207;32.0000;26;10;15;1;0;0;
EBT;UF;3136306;52.0000;7;0;5;1;1;0;
EBT;UF;3136702;4493.4688;128;9;54;26;23;16;
EBT;UF;3137205;86.0000;8;0;3;3;2;0;
EBT;UF;3137601;84.7500;27;9;14;3;1;0;
EBT;UF;3138203;346.7500;57;16;29;9;1;2;
EBT;UF;3138401;189.0000;3;0;1;0;1;1;
EBT;UF;3138609;198.0000;5;0;1;0;3;1;
EBT;UF;3138807;2.0000;1;0;1;0;0;0;
EBT;UF;3139003;32.0000;1;0;0;0;1;0;
EBT;UF;3139607;32.0000;1;0;0;0;1;0;
EBT;UF;3140001;64.0000;2;0;0;0;2;0;
EBT;UF;3140803;105.0000;11;0;5;4;2;0;
EBT;UF;3141405;38.0000;4;0;3;0;1;0;
EBT;UF;3143302;2324.4375;103;8;41;12;34;8;
EBT;UF;3143906;406.0000;6;0;0;1;3;2;
EBT;UF;3144805;834.5273;78;7;42;15;12;2;
EBT;UF;3145208;2.0000;1;0;1;0;0;0;
EBT;UF;3145604;10.2500;5;1;3;1;0;0;
EBT;UF;3145901;5.0000;3;0;3;0;0;0;
EBT;UF;3146107;8.5625;6;2;4;0;0;0;
EBT;UF;3146305;4.0000;2;0;2;0;0;0;
EBT;UF;3147006;47.2500;12;1;9;1;1;0;
EBT;UF;3147105;20.0625;11;1;9;1;0;0;
EBT;UF;3147402;200.0000;2;0;0;0;0;2;
EBT;UF;3147600;2.0000;1;0;1;0;0;0;
EBT;UF;3147907;193.2500;28;8;13;4;2;1;
EBT;UF;3148004;20.1250;9;2;6;1;0;0;
EBT;UF;3148103;2.0000;1;0;1;0;0;0;
EBT;UF;3149101;2.0000;1;0;1;0;0;0;
EBT;UF;3149309;76.6250;26;8;14;3;1;0;
EBT;UF;3149903;267.0000;7;0;4;1;0;2;
EBT;UF;3151206;483.5000;20;1;1;4;14;0;
EBT;UF;3151404;4.0000;2;0;2;0;0;0;
EBT;UF;3151800;138.9375;56;12;37;5;2;0;
EBT;UF;3152105;20.0000;2;0;0;2;0;0;
EBT;UF;3152501;241.2500;72;20;34;15;3;0;
EBT;UF;3154200;32.0000;1;0;0;0;1;0;
EBT;UF;3154606;139.6875;47;16;27;1;3;0;
EBT;UF;3155504;2.0000;1;0;1;0;0;0;
EBT;UF;3156700;17.7500;11;2;9;0;0;0;
EBT;UF;3157807;177.1250;48;14;26;5;3;0;
EBT;UF;3160405;2.0000;1;0;1;0;0;0;
EBT;UF;3160702;116.0000;5;0;3;1;0;1;
EBT;UF;3162104;18.0000;5;0;4;1;0;0;
EBT;UF;3162401;2.0000;1;0;1;0;0;0;
EBT;UF;3162500;401.1875;48;15;22;2;8;1;
EBT;UF;3162708;2.0000;1;0;1;0;0;0;
EBT;UF;3162955;0.5000;2;2;0;0;0;0;
EBT;UF;3163706;66.5000;17;4;11;0;2;0;
EBT;UF;3164704;48.3750;40;16;24;0;0;0;
EBT;UF;3165701;64.0000;2;0;0;0;2;0;
EBT;UF;3166907;8.0000;1;0;0;1;0;0;
EBT;UF;3167202;219.9375;58;7;41;7;3;0;
EBT;UF;3168606;323.7148;25;3;11;2;9;0;
EBT;UF;3168705;573.0625;35;6;7;5;17;0;
EBT;UF;3169307;138.2500;41;19;17;2;3;0;
EBT;UF;3169356;2.0000;1;0;1;0;0;0;
EBT;UF;3169406;2.2500;2;1;1;0;0;0;
EBT;UF;3169901;174.0000;4;0;0;1;2;1;
EBT;UF;3170107;257.6875;93;21;61;9;2;0;
EBT;UF;3170206;4399.6523;307;77;144;43;22;21;
EBT;UF;3170404;103.5000;34;1;30;2;1;0;
EBT;UF;3170701;2612.9375;76;8;35;13;7;13;
EBT;UF;3170800;192.0000;6;0;0;0;6;0;
EBT;UF;3171204;87.2148;36;5;26;4;1;0;
EBT;UF;3171303;74.2500;9;1;6;0;2;0;
EBT;UF;3172004;128.0000;4;0;0;0;4;0;
EBT;UF;3200102;2.0000;2;0;2;0;0;0;
EBT;UF;3200169;2.0000;1;0;1;0;0;0;
EBT;UF;3200201;34.0000;3;0;1;1;1;0;
EBT;UF;3200409;44.0000;2;0;0;1;1;0;
EBT;UF;3200508;1.0000;1;0;1;0;0;0;
EBT;UF;3200607;33.5000;7;1;4;1;1;0;
EBT;UF;3200706;1.0000;1;0;1;0;0;0;
EBT;UF;3200805;90.0000;6;0;0;3;3;0;
EBT;UF;3200904;16.0000;3;0;1;2;0;0;
EBT;UF;3201209;1403.5000;28;2;17;1;5;3;
EBT;UF;3201308;506.5000;62;7;38;12;2;3;
EBT;UF;3201506;571.4375;41;5;26;6;2;2;
EBT;UF;3201902;5.3750;8;5;3;0;0;0;
EBT;UF;3202009;1.0000;1;0;1;0;0;0;
EBT;UF;3202108;2.0000;1;0;1;0;0;0;
EBT;UF;3202306;6.0000;9;6;3;0;0;0;
EBT;UF;3202405;529.0000;16;2;6;3;1;4;
EBT;UF;3202504;172.1250;7;2;2;0;2;1;
EBT;UF;3202603;2.0000;1;0;1;0;0;0;
EBT;UF;3202702;2.0000;2;0;2;0;0;0;
EBT;UF;3202801;100.6875;5;4;0;0;0;1;
EBT;UF;3202900;36.0000;2;0;1;0;1;0;
EBT;UF;3203130;2.0000;1;0;1;0;0;0;
EBT;UF;3203163;1.1250;2;1;1;0;0;0;
EBT;UF;3203205;340.1250;31;7;13;7;2;2;
EBT;UF;3203320;2.6875;6;4;2;0;0;0;
EBT;UF;3203346;20.0000;2;0;0;2;0;0;
EBT;UF;3203502;10.0000;1;0;0;1;0;0;
EBT;UF;3203809;1.0000;1;0;1;0;0;0;
EBT;UF;3203908;2.0000;1;0;1;0;0;0;
EBT;UF;3204054;8.0000;3;0;2;1;0;0;
EBT;UF;3204104;96.0000;3;0;1;0;1;1;
EBT;UF;3204203;129.1250;4;2;1;0;0;1;
EBT;UF;3204302;2.0000;1;0;1;0;0;0;
EBT;UF;3204351;4.0000;2;0;2;0;0;0;
EBT;UF;3204401;30.0000;2;0;0;1;1;0;
EBT;UF;3204500;1.2500;2;1;1;0;0;0;
EBT;UF;3204559;2.5625;3;2;1;0;0;0;
EBT;UF;3204609;46.0000;4;0;2;1;1;0;
EBT;UF;3204658;1.0000;1;0;1;0;0;0;
EBT;UF;3204708;4.0000;2;0;2;0;0;0;
EBT;UF;3204906;795.5000;21;2;6;3;5;5;
EBT;UF;3205002;2059.0000;149;24;61;42;13;9;
EBT;UF;3205036;1.0000;1;0;1;0;0;0;
EBT;UF;3205069;10.1875;12;7;5;0;0;0;
EBT;UF;3205101;170.0625;15;1;8;4;1;1;
EBT;UF;3205200;2606.2500;88;10;32;30;7;9;
EBT;UF;3205309;49532.7930;181;20;30;55;23;53;
EBT;UF;3300100;1142.0000;19;4;8;4;2;1;
EBT;UF;3300209;27.0000;8;0;5;3;0;0;
EBT;UF;3300233;1.0000;1;0;1;0;0;0;
EBT;UF;3300258;2.0000;1;0;1;0;0;0;
EBT;UF;3300308;17.5000;8;4;3;1;0;0;
EBT;UF;3300407;37.2500;11;1;8;2;0;0;
EBT;UF;3300456;249.1250;34;5;24;2;1;2;
EBT;UF;3300704;34.5000;12;1;9;2;0;0;
EBT;UF;3300803;5.0000;3;0;3;0;0;0;
EBT;UF;3301009;784.1250;47;14;22;5;4;2;
EBT;UF;3301108;5.0000;3;0;3;0;0;0;
EBT;UF;3301306;2.5000;3;2;1;0;0;0;
EBT;UF;3301702;3625.5625;86;13;43;10;3;17;
EBT;UF;3301801;1.0000;1;0;1;0;0;0;
EBT;UF;3301900;2599.5000;14;1;9;3;0;1;
EBT;UF;3302007;56.5000;21;4;15;1;1;0;
EBT;UF;3302056;1.0000;1;0;1;0;0;0;
EBT;UF;3302106;1.0000;1;0;1;0;0;0;
EBT;UF;3302205;23.7500;14;2;12;0;0;0;
EBT;UF;3302254;226.0000;19;0;11;4;3;1;
EBT;UF;3302403;5687.8750;220;10;94;81;24;11;
EBT;UF;3302502;7.2500;5;1;4;0;0;0;
EBT;UF;3302601;10.0000;1;0;0;1;0;0;
EBT;UF;3302700;4.0000;3;0;3;0;0;0;
EBT;UF;3302809;1.0000;1;0;1;0;0;0;
EBT;UF;3302858;55.6250;11;2;8;0;0;1;
EBT;UF;3303005;1.0000;1;0;1;0;0;0;
EBT;UF;3303104;1.0000;1;0;1;0;0;0;
EBT;UF;3303203;26.5000;19;6;13;0;0;0;
EBT;UF;3303302;3658.6250;239;15;179;24;12;9;
EBT;UF;3303401;17.5000;8;1;6;1;0;0;
EBT;UF;3303500;405.5781;59;8;40;9;0;2;
EBT;UF;3303609;1.2500;2;1;1;0;0;0;
EBT;UF;3303807;27.2500;7;1;4;2;0;0;
EBT;UF;3303856;1.0000;1;0;1;0;0;0;
EBT;UF;3303906;732.4883;53;6;38;3;4;2;
EBT;UF;3304003;4.5000;4;1;3;0;0;0;
EBT;UF;3304102;1.0000;1;0;1;0;0;0;
EBT;UF;3304110;1199.8750;37;6;13;8;1;9;
EBT;UF;3304144;11.0000;6;0;6;0;0;0;
EBT;UF;3304151;1.0000;1;0;1;0;0;0;
EBT;UF;3304201;487.2500;37;1;21;9;4;2;
EBT;UF;3304300;4.7500;5;2;3;0;0;0;
EBT;UF;3304524;208.7500;42;6;22;12;2;0;
EBT;UF;3304557;346666.715;6337;351;3388;1636;354;608;
EBT;UF;3304706;1.0000;1;0;1;0;0;0;
EBT;UF;3304755;1.0000;1;0;1;0;0;0;
EBT;UF;3304904;483.8750;92;16;60;13;0;3;
EBT;UF;3305000;69.2500;13;1;10;0;2;0;
EBT;UF;3305109;182.0625;47;5;34;7;0;1;
EBT;UF;3305208;20.0000;12;2;10;0;0;0;
EBT;UF;3305505;1.5000;2;1;1;0;0;0;
EBT;UF;3305554;499.7500;6;2;0;0;1;3;
EBT;UF;3305802;552.3750;14;2;10;0;1;1;
EBT;UF;3306008;132.5000;19;1;9;7;2;0;
EBT;UF;3306107;5.0000;3;0;3;0;0;0;
EBT;UF;3306206;1.0000;1;0;1;0;0;0;
EBT;UF;3306305;648.0000;38;4;19;5;7;3;
EBT;UF;3500105;155.0000;1;0;0;0;0;1;
EBT;UF;3501004;0.2500;1;1;0;0;0;0;
EBT;UF;3501152;2.0000;1;0;1;0;0;0;
EBT;UF;3501608;3335.5000;124;20;75;7;2;20;
EBT;UF;3501707;310.0000;2;0;0;0;0;2;
EBT;UF;3502101;1805.0000;5;0;2;0;0;3;
EBT;UF;3502507;2.0000;1;0;1;0;0;0;
EBT;UF;3502804;330.5000;9;1;5;1;0;2;
EBT;UF;3503000;2.5000;2;1;1;0;0;0;
EBT;UF;3503208;3840.0000;85;10;38;10;4;23;
EBT;UF;3503307;27.6875;21;7;14;0;0;0;
EBT;UF;3503901;13.2500;10;3;7;0;0;0;
EBT;UF;3504008;634.6250;11;3;3;1;0;4;
EBT;UF;3504107;16.5000;11;3;8;0;0;0;
EBT;UF;3505302;4.0000;2;0;2;0;0;0;
EBT;UF;3505500;546.0000;8;0;1;3;0;4;
EBT;UF;3505708;36304.8906;435;40;158;73;43;121;
EBT;UF;3505906;1.2598;3;2;1;0;0;0;
EBT;UF;3506003;13251.4453;190;10;63;33;10;74;
EBT;UF;3506102;1802.1250;43;10;16;5;1;11;
EBT;UF;3506359;3.5000;6;5;1;0;0;0;
EBT;UF;3506508;155.0000;1;0;0;0;0;1;
EBT;UF;3507506;1327.0000;23;0;11;2;2;8;
EBT;UF;3507605;1515.5000;28;9;3;5;2;9;
EBT;UF;3507803;2.2500;2;1;1;0;0;0;
EBT;UF;3508207;2.5000;2;1;1;0;0;0;
EBT;UF;3508405;4.5000;4;1;3;0;0;0;
EBT;UF;3508504;129.2500;4;1;2;0;0;1;
EBT;UF;3508603;1342.0000;4;0;0;1;0;3;
EBT;UF;3509205;659.7539;52;12;24;11;2;3;
EBT;UF;3509254;155.2500;2;1;0;0;0;1;
EBT;UF;3509403;1.2500;2;1;1;0;0;0;
EBT;UF;3509502;39973.7539;504;50;219;68;24;143;
EBT;UF;3509700;13.6250;14;7;7;0;0;0;
EBT;UF;3510005;0.7500;2;2;0;0;0;0;
EBT;UF;3510500;342.0000;3;0;0;0;1;2;
EBT;UF;3511102;359.0000;9;0;3;4;0;2;
EBT;UF;3512803;6.0625;3;1;1;1;0;0;
EBT;UF;3513009;302.6250;40;9;24;4;1;2;
EBT;UF;3513504;1103.1250;28;3;12;4;2;7;
EBT;UF;3513702;1.5625;6;6;0;0;0;0;
EBT;UF;3513801;3733.4063;264;39;177;22;5;21;
EBT;UF;3515186;2.2500;2;1;1;0;0;0;
EBT;UF;3516200;2548.9473;59;17;23;1;2;16;
EBT;UF;3516705;7.2500;5;1;4;0;0;0;
EBT;UF;3517406;1.2646;4;3;1;0;0;0;
EBT;UF;3517703;13.7686;10;3;7;0;0;0;
EBT;UF;3518305;155.0000;1;0;0;0;0;1;
EBT;UF;3518404;37.0625;25;6;19;0;0;0;
EBT;UF;3518701;522.5000;72;15;47;6;2;2;
EBT;UF;3518800;1645.3125;376;80;262;22;4;8;
EBT;UF;3519071;7092.1250;64;5;17;4;7;31;
EBT;UF;3520103;0.5000;1;1;0;0;0;0;
EBT;UF;3520509;2294.3125;60;12;25;7;2;14;
EBT;UF;3521002;4.0000;2;0;2;0;0;0;
EBT;UF;3521309;0.7686;3;3;0;0;0;0;
EBT;UF;3522307;754.7500;8;2;0;0;1;5;
EBT;UF;3522505;8.0000;1;0;0;1;0;0;
EBT;UF;3522604;2.5625;4;3;1;0;0;0;
EBT;UF;3523107;197.7500;20;10;6;2;1;1;
EBT;UF;3523909;3252.6250;62;9;27;7;4;15;
EBT;UF;3524006;0.1250;1;1;0;0;0;0;
EBT;UF;3524105;5.3750;7;4;3;0;0;0;
EBT;UF;3524303;10.0000;1;0;0;1;0;0;
EBT;UF;3524402;247.1875;73;13;53;6;0;1;
EBT;UF;3524709;851.2500;15;4;4;0;2;5;
EBT;UF;3525003;173.0000;4;0;1;2;0;1;
EBT;UF;3525102;5.2500;7;3;4;0;0;0;
EBT;UF;3525300;2831.0000;61;0;33;9;2;17;
EBT;UF;3525904;8884.3125;201;28;109;19;8;37;
EBT;UF;3526803;1626.0000;17;0;4;0;3;10;
EBT;UF;3526902;2423.1250;72;11;40;5;1;15;
EBT;UF;3527108;2432.5000;37;9;6;6;1;15;
EBT;UF;3527306;348.5000;8;2;3;0;1;2;
EBT;UF;3527405;155.0000;1;0;0;0;0;1;
EBT;UF;3528007;2048.0000;2;0;0;0;0;2;
EBT;UF;3528403;12.7500;8;2;6;0;0;0;
EBT;UF;3528502;4.7500;4;2;2;0;0;0;
EBT;UF;3529005;3346.6250;98;14;42;16;6;20;
EBT;UF;3529302;163.0000;2;0;0;1;0;1;
EBT;UF;3529401;1826.5000;142;30;86;13;2;11;
EBT;UF;3529708;3.7500;4;2;2;0;0;0;
EBT;UF;3530300;312.0000;3;0;1;0;0;2;
EBT;UF;3530508;3.0000;4;3;1;0;0;0;
EBT;UF;3530607;6379.5000;214;51;136;11;5;11;
EBT;UF;3530706;56.7500;34;4;30;0;0;0;
EBT;UF;3530805;176.0000;12;0;11;0;0;1;
EBT;UF;3531100;5.8750;6;3;3;0;0;0;
EBT;UF;3531902;3.2500;5;3;2;0;0;0;
EBT;UF;3533403;9.0000;7;2;5;0;0;0;
EBT;UF;3534401;6487.0723;97;10;37;22;4;24;
EBT;UF;3534609;155.2500;2;1;0;0;0;1;
EBT;UF;3534708;1617.5000;27;1;7;6;2;11;
EBT;UF;3536505;2.0000;1;0;1;0;0;0;
EBT;UF;3536703;1.0000;1;0;1;0;0;0;
EBT;UF;3537404;3.3125;6;5;1;0;0;0;
EBT;UF;3537602;2.0000;1;0;1;0;0;0;
EBT;UF;3538006;1172.0000;18;2;10;4;0;2;
EBT;UF;3538709;4413.7344;93;19;49;8;1;16;
EBT;UF;3539301;10.8125;8;3;5;0;0;0;
EBT;UF;3539806;1246.2500;41;1;0;1;32;7;
EBT;UF;3541000;19.3750;18;6;12;0;0;0;
EBT;UF;3541406;2932.0625;69;7;35;5;4;18;
EBT;UF;3541505;16.0000;1;0;0;0;1;0;
EBT;UF;3542404;2.0000;1;0;1;0;0;0;
EBT;UF;3543303;11.2500;9;3;6;0;0;0;
EBT;UF;3543402;15267.9609;336;17;155;73;6;85;
EBT;UF;3543907;1382.8125;72;9;49;6;0;8;
EBT;UF;3544004;2.2500;4;3;1;0;0;0;
EBT;UF;3544103;7.2500;5;1;4;0;0;0;
EBT;UF;3544202;2.0000;1;0;1;0;0;0;
EBT;UF;3545209;642.0000;12;0;6;2;0;4;
EBT;UF;3545803;211.2500;28;1;25;1;0;1;
EBT;UF;3546306;2.0000;1;0;1;0;0;0;
EBT;UF;3546405;11.0000;3;2;0;1;0;0;
EBT;UF;3547304;7960.3750;43;2;16;9;3;13;
EBT;UF;3547809;15270.5547;365;80;193;37;3;52;
EBT;UF;3548500;10132.0898;273;21;139;58;10;45;
EBT;UF;3548708;13872.6875;525;129;261;42;29;64;
EBT;UF;3548807;6846.7773;117;19;70;12;3;13;
EBT;UF;3548906;3982.4375;45;3;15;14;0;13;
EBT;UF;3549409;4.1250;7;5;2;0;0;0;
EBT;UF;3549706;4.3125;4;2;2;0;0;0;
EBT;UF;3549805;5236.0000;78;0;13;33;3;29;
EBT;UF;3549904;8255.0469;289;53;162;44;3;27;
EBT;UF;3550100;2.2500;4;3;1;0;0;0;
EBT;UF;3550308;422744.269;9480;1000;4516;2101;396;1467;
EBT;UF;3550605;4.3750;7;5;2;0;0;0;
EBT;UF;3550704;8.0000;3;0;2;1;0;0;
EBT;UF;3551009;1907.8750;86;27;44;9;0;6;
EBT;UF;3551702;577.0000;6;0;1;1;0;4;
EBT;UF;3552205;13235.0000;256;18;112;35;17;74;
EBT;UF;3552403;64.0000;13;3;7;1;2;0;
EBT;UF;3552502;33.5000;25;8;17;0;0;0;
EBT;UF;3552809;6075.7500;28;2;11;6;1;8;
EBT;UF;3554102;1913.0625;110;25;58;12;2;13;
EBT;UF;3554508;9.0000;4;0;3;1;0;0;
EBT;UF;3555000;2.0000;1;0;1;0;0;0;
EBT;UF;3555406;0.5000;1;1;0;0;0;0;
EBT;UF;3556206;550.7500;31;7;16;4;1;3;
EBT;UF;3556404;0.5000;1;1;0;0;0;0;
EBT;UF;3556701;187.0000;2;0;0;0;1;1;
EBT;UF;3557006;643.2500;13;1;7;1;0;4;
EBT;UF;3557105;4.1250;4;2;2;0;0;0;
EBT;UF;3557303;0.2500;1;1;0;0;0;0;
EBT;UF;4100301;0.2500;1;1;0;0;0;0;
EBT;UF;4100400;13.2500;13;7;5;1;0;0;
EBT;UF;4100509;1.0000;1;0;1;0;0;0;
EBT;UF;4100608;1.0000;1;0;1;0;0;0;
EBT;UF;4100707;1.2500;2;1;1;0;0;0;
EBT;UF;4100806;1.2500;2;1;1;0;0;0;
EBT;UF;4100905;0.5000;2;2;0;0;0;0;
EBT;UF;4101002;0.5000;1;1;0;0;0;0;
EBT;UF;4101101;10.5000;7;1;6;0;0;0;
EBT;UF;4101408;101.3125;22;4;13;4;1;0;
EBT;UF;4101507;60.7500;11;3;2;6;0;0;
EBT;UF;4101606;1.0000;1;0;1;0;0;0;
EBT;UF;4101705;1.0000;1;0;1;0;0;0;
EBT;UF;4101804;258.4375;106;36;57;12;1;0;
EBT;UF;4101903;1.0000;1;0;1;0;0;0;
EBT;UF;4102000;1.0000;1;0;1;0;0;0;
EBT;UF;4102109;1.0000;1;0;1;0;0;0;
EBT;UF;4102307;12.5000;8;1;7;0;0;0;
EBT;UF;4102406;21.1875;7;5;0;2;0;0;
EBT;UF;4102505;1.0000;1;0;1;0;0;0;
EBT;UF;4102802;3.2500;3;1;2;0;0;0;
EBT;UF;4102901;1.0000;1;0;1;0;0;0;
EBT;UF;4103057;0.2500;1;1;0;0;0;0;
EBT;UF;4103206;0.2500;1;1;0;0;0;0;
EBT;UF;4103354;0.2500;1;1;0;0;0;0;
EBT;UF;4103503;0.2500;1;1;0;0;0;0;
EBT;UF;4103602;2.0000;1;0;1;0;0;0;
EBT;UF;4103701;45.6875;42;19;22;1;0;0;
EBT;UF;4103800;0.5000;2;2;0;0;0;0;
EBT;UF;4104006;2.2500;3;1;2;0;0;0;
EBT;UF;4104204;74.7500;22;3;12;7;0;0;
EBT;UF;4104253;4.2500;4;1;3;0;0;0;
EBT;UF;4104428;9.2500;3;1;1;1;0;0;
EBT;UF;4104501;1.2500;2;1;1;0;0;0;
EBT;UF;4104659;1.4375;4;3;1;0;0;0;
EBT;UF;4104709;2.0000;1;0;1;0;0;0;
EBT;UF;4104808;302.6875;120;43;61;14;2;0;
EBT;UF;4104907;12.5000;27;22;5;0;0;0;
EBT;UF;4105003;0.2500;1;1;0;0;0;0;
EBT;UF;4105102;1.0000;1;0;1;0;0;0;
EBT;UF;4105409;3.1250;3;1;2;0;0;0;
EBT;UF;4105508;82.1250;30;10;15;5;0;0;
EBT;UF;4105607;0.2500;1;1;0;0;0;0;
EBT;UF;4105706;1.0000;1;0;1;0;0;0;
EBT;UF;4105805;214.3125;38;16;18;2;1;1;
EBT;UF;4106001;0.2500;1;1;0;0;0;0;
EBT;UF;4106209;1.0000;1;0;1;0;0;0;
EBT;UF;4106308;1.2500;2;1;1;0;0;0;
EBT;UF;4106407;48.5625;6;3;0;2;1;0;
EBT;UF;4106506;1.5625;4;3;1;0;0;0;
EBT;UF;4106605;1.0000;1;0;1;0;0;0;
EBT;UF;4106704;0.2500;1;1;0;0;0;0;
EBT;UF;4106902;25650.5000;1558;271;770;340;118;59;
EBT;UF;4107009;1.0000;1;0;1;0;0;0;
EBT;UF;4107108;0.5000;2;2;0;0;0;0;
EBT;UF;4107207;14.2500;6;2;3;1;0;0;
EBT;UF;4107256;12.7500;3;2;0;1;0;0;
EBT;UF;4107306;0.5000;2;2;0;0;0;0;
EBT;UF;4107405;0.2500;1;1;0;0;0;0;
EBT;UF;4107538;1.0000;1;0;1;0;0;0;
EBT;UF;4107603;1.0000;1;0;1;0;0;0;
EBT;UF;4107652;318.9375;11;5;4;0;0;2;
EBT;UF;4107702;0.2500;1;1;0;0;0;0;
EBT;UF;4107736;2.0000;1;0;1;0;0;0;
EBT;UF;4107801;2.5000;3;2;1;0;0;0;
EBT;UF;4107900;0.2500;1;1;0;0;0;0;
EBT;UF;4108007;1.5000;3;2;1;0;0;0;
EBT;UF;4108106;0.2500;1;1;0;0;0;0;
EBT;UF;4108205;1.0000;1;0;1;0;0;0;
EBT;UF;4108304;330.6250;122;50;66;4;1;1;
EBT;UF;4108320;0.2500;1;1;0;0;0;0;
EBT;UF;4108403;24.0625;16;8;7;1;0;0;
EBT;UF;4108452;0.0625;1;1;0;0;0;0;
EBT;UF;4108502;2.0000;1;0;1;0;0;0;
EBT;UF;4108601;5.3125;8;5;3;0;0;0;
EBT;UF;4108700;1.0000;1;0;1;0;0;0;
EBT;UF;4108809;10.0000;8;2;6;0;0;0;
EBT;UF;4109302;1.0000;1;0;1;0;0;0;
EBT;UF;4109401;17.7500;13;5;7;1;0;0;
EBT;UF;4109500;2.5000;3;2;1;0;0;0;
EBT;UF;4109609;9.0000;5;0;5;0;0;0;
EBT;UF;4109708;1.0000;1;0;1;0;0;0;
EBT;UF;4109807;14.3750;22;14;8;0;0;0;
EBT;UF;4110201;0.2500;1;1;0;0;0;0;
EBT;UF;4110607;1.0000;1;0;1;0;0;0;
EBT;UF;4110706;12.6875;25;21;4;0;0;0;
EBT;UF;4110904;0.2500;1;1;0;0;0;0;
EBT;UF;4110953;1.0000;1;0;1;0;0;0;
EBT;UF;4111407;0.2500;1;1;0;0;0;0;
EBT;UF;4111506;1.2500;2;1;1;0;0;0;
EBT;UF;4111803;5.5000;6;4;2;0;0;0;
EBT;UF;4112009;1.0000;1;0;1;0;0;0;
EBT;UF;4112108;2.3750;4;3;1;0;0;0;
EBT;UF;4112504;1.0000;1;0;1;0;0;0;
EBT;UF;4112702;1.2500;2;1;1;0;0;0;
EBT;UF;4112801;1.0000;1;0;1;0;0;0;
EBT;UF;4113205;1.0625;2;1;1;0;0;0;
EBT;UF;4113304;1.7500;3;2;1;0;0;0;
EBT;UF;4113502;1.0000;1;0;1;0;0;0;
EBT;UF;4113601;14.0000;4;0;3;1;0;0;
EBT;UF;4113700;5976.7500;260;84;104;54;6;12;
EBT;UF;4113734;256.0000;1;0;0;0;0;1;
EBT;UF;4113809;1.0000;1;0;1;0;0;0;
EBT;UF;4114005;1.0000;1;0;1;0;0;0;
EBT;UF;4114104;2.2500;4;3;1;0;0;0;
EBT;UF;4114203;19.5000;8;4;3;1;0;0;
EBT;UF;4114302;0.2500;1;1;0;0;0;0;
EBT;UF;4114351;0.2500;1;1;0;0;0;0;
EBT;UF;4114401;1.0000;1;0;1;0;0;0;
EBT;UF;4114500;1.2500;2;1;1;0;0;0;
EBT;UF;4114609;0.5000;1;1;0;0;0;0;
EBT;UF;4114807;12.2500;8;3;4;1;0;0;
EBT;UF;4114906;1.0000;1;0;1;0;0;0;
EBT;UF;4115101;0.2500;1;1;0;0;0;0;
EBT;UF;4115200;2040.2500;238;69;117;48;1;3;
EBT;UF;4115309;0.2500;1;1;0;0;0;0;
EBT;UF;4115358;1.0000;1;0;1;0;0;0;
EBT;UF;4115606;3.2500;3;1;2;0;0;0;
EBT;UF;4115705;5.0000;3;0;3;0;0;0;
EBT;UF;4115804;0.5000;1;1;0;0;0;0;
EBT;UF;4116208;1.0000;1;0;1;0;0;0;
EBT;UF;4116703;1.0000;1;0;1;0;0;0;
EBT;UF;4116901;2.3750;5;4;1;0;0;0;
EBT;UF;4117008;0.2500;1;1;0;0;0;0;
EBT;UF;4117107;1.0000;1;0;1;0;0;0;
EBT;UF;4117206;0.2500;1;1;0;0;0;0;
EBT;UF;4117271;0.2500;1;1;0;0;0;0;
EBT;UF;4117503;5.3750;5;2;3;0;0;0;
EBT;UF;4117602;3.5000;3;1;2;0;0;0;
EBT;UF;4117701;1.0000;1;0;1;0;0;0;
EBT;UF;4117909;5.5625;6;3;3;0;0;0;
EBT;UF;4118204;360.0000;82;18;51;11;1;1;
EBT;UF;4118402;65.7500;35;18;16;0;1;0;
EBT;UF;4118451;0.2500;1;1;0;0;0;0;
EBT;UF;4118501;50.8750;24;7;15;2;0;0;
EBT;UF;4118600;0.2500;1;1;0;0;0;0;
EBT;UF;4118709;0.2500;1;1;0;0;0;0;
EBT;UF;4118907;1.0000;1;0;1;0;0;0;
EBT;UF;4119152;195.2500;38;3;24;8;3;0;
EBT;UF;4119202;0.2500;1;1;0;0;0;0;
EBT;UF;4119301;3.5625;5;3;2;0;0;0;
EBT;UF;4119400;2.0000;1;0;1;0;0;0;
EBT;UF;4119509;11.0625;9;3;6;0;0;0;
EBT;UF;4119608;1.0000;1;0;1;0;0;0;
EBT;UF;4119707;0.2500;1;1;0;0;0;0;
EBT;UF;4119806;1.0000;1;0;1;0;0;0;
EBT;UF;4119905;386.9375;115;45;53;15;1;1;
EBT;UF;4119954;27.0000;7;0;6;0;1;0;
EBT;UF;4120002;1.0000;1;0;1;0;0;0;
EBT;UF;4120101;0.5000;2;2;0;0;0;0;
EBT;UF;4120309;0.2500;1;1;0;0;0;0;
EBT;UF;4120606;3.2500;3;1;2;0;0;0;
EBT;UF;4120705;0.5000;2;2;0;0;0;0;
EBT;UF;4120804;411.2500;24;6;10;4;2;2;
EBT;UF;4120853;1.0000;1;0;1;0;0;0;
EBT;UF;4120903;1.0000;1;0;1;0;0;0;
EBT;UF;4121307;0.2500;1;1;0;0;0;0;
EBT;UF;4121406;1.2500;2;1;1;0;0;0;
EBT;UF;4121505;1.0000;1;0;1;0;0;0;
EBT;UF;4121604;0.2500;1;1;0;0;0;0;
EBT;UF;4121703;1.0000;1;0;1;0;0;0;
EBT;UF;4121901;1.0000;1;0;1;0;0;0;
EBT;UF;4122008;1.5000;2;1;1;0;0;0;
EBT;UF;4122206;1.7500;3;2;1;0;0;0;
EBT;UF;4122305;8.6250;16;12;4;0;0;0;
EBT;UF;4122404;57.5000;23;2;19;2;0;0;
EBT;UF;4122701;0.2500;1;1;0;0;0;0;
EBT;UF;4122800;0.2500;1;1;0;0;0;0;
EBT;UF;4123204;1.0000;1;0;1;0;0;0;
EBT;UF;4123501;1.0000;1;0;1;0;0;0;
EBT;UF;4123709;1.0000;1;0;1;0;0;0;
EBT;UF;4123808;1.0000;1;0;1;0;0;0;
EBT;UF;4123907;1.2500;2;1;1;0;0;0;
EBT;UF;4124053;1.0625;2;1;1;0;0;0;
EBT;UF;4124103;5.0625;4;1;3;0;0;0;
EBT;UF;4124301;0.2500;1;1;0;0;0;0;
EBT;UF;4124400;1.0000;1;0;1;0;0;0;
EBT;UF;4124509;1.7500;3;2;1;0;0;0;
EBT;UF;4124608;0.2500;1;1;0;0;0;0;
EBT;UF;4124707;1.2500;2;1;1;0;0;0;
EBT;UF;4124905;0.2500;1;1;0;0;0;0;
EBT;UF;4125001;2.0000;2;0;2;0;0;0;
EBT;UF;4125357;0.2500;1;1;0;0;0;0;
EBT;UF;4125456;0.2500;1;1;0;0;0;0;
EBT;UF;4125506;23121.1875;261;55;152;41;2;11;
EBT;UF;4125605;1.2500;2;1;1;0;0;0;
EBT;UF;4125704;2.0000;1;0;1;0;0;0;
EBT;UF;4126009;0.5000;2;2;0;0;0;0;
EBT;UF;4126207;0.2500;1;1;0;0;0;0;
EBT;UF;4126256;14.5000;15;8;7;0;0;0;
EBT;UF;4126306;1.0000;1;0;1;0;0;0;
EBT;UF;4126504;1.0000;1;0;1;0;0;0;
EBT;UF;4126603;1.0000;1;0;1;0;0;0;
EBT;UF;4126678;1.2500;2;1;1;0;0;0;
EBT;UF;4126801;1.0000;1;0;1;0;0;0;
EBT;UF;4126900;0.2500;1;1;0;0;0;0;
EBT;UF;4127007;1.5000;3;2;1;0;0;0;
EBT;UF;4127106;10.0000;5;0;5;0;0;0;
EBT;UF;4127403;1.0000;1;0;1;0;0;0;
EBT;UF;4127502;1.0000;1;0;1;0;0;0;
EBT;UF;4127700;54.6875;25;11;9;5;0;0;
EBT;UF;4127809;1.0000;1;0;1;0;0;0;
EBT;UF;4128104;158.8750;30;7;14;7;1;1;
EBT;UF;4128203;16.2500;9;1;8;0;0;0;
EBT;UF;4128401;1.0000;1;0;1;0;0;0;
EBT;UF;4128500;1.5000;2;1;1;0;0;0;
EBT;UF;4128708;2.5000;3;2;1;0;0;0;
EBT;UF;4128807;0.2500;1;1;0;0;0;0;
EBT;UF;4200101;1.3750;3;2;1;0;0;0;
EBT;UF;4201307;87.5625;23;3;11;9;0;0;
EBT;UF;4201703;0.2500;1;1;0;0;0;0;
EBT;UF;4202008;197.2500;29;1;13;14;0;1;
EBT;UF;4202073;1.0000;1;0;1;0;0;0;
EBT;UF;4202305;104.4375;43;23;14;4;2;0;
EBT;UF;4202404;2777.8125;210;47;87;59;10;7;
EBT;UF;4202602;5.3750;4;2;1;1;0;0;
EBT;UF;4202909;681.1250;56;8;21;20;2;5;
EBT;UF;4203006;136.8750;12;5;2;4;0;1;
EBT;UF;4203204;24.1250;18;8;9;1;0;0;
EBT;UF;4203600;2.0000;1;0;1;0;0;0;
EBT;UF;4203956;16.7500;6;2;3;1;0;0;
EBT;UF;4204202;565.3125;62;20;24;13;2;3;
EBT;UF;4204251;46.0000;7;3;2;1;1;0;
EBT;UF;4204301;623.5000;14;1;1;6;2;4;
EBT;UF;4204350;0.6875;4;4;0;0;0;0;
EBT;UF;4204509;3.6250;5;3;2;0;0;0;
EBT;UF;4204558;5.0000;3;2;0;1;0;0;
EBT;UF;4204608;358.7500;55;17;14;23;0;1;
EBT;UF;4204806;20.0000;2;0;0;2;0;0;
EBT;UF;4205191;10.0000;1;0;0;1;0;0;
EBT;UF;4205407;6776.9219;286;47;93;113;20;13;
EBT;UF;4205506;4.9375;10;8;2;0;0;0;
EBT;UF;4205704;17.1250;11;5;5;1;0;0;
EBT;UF;4205803;8.0000;2;0;0;2;0;0;
EBT;UF;4205902;99.3750;24;11;5;6;2;0;
EBT;UF;4206504;92.2500;27;6;16;4;1;0;
EBT;UF;4206702;3.1250;4;3;1;0;0;0;
EBT;UF;4207007;39.3125;11;4;4;3;0;0;
EBT;UF;4207106;1.2500;2;1;1;0;0;0;
EBT;UF;4207304;4.0000;2;0;2;0;0;0;
EBT;UF;4207502;254.5625;36;2;19;14;0;1;
EBT;UF;4208203;1558.3750;219;20;113;77;3;6;
EBT;UF;4208302;0.5000;1;1;0;0;0;0;
EBT;UF;4208807;1.2500;2;1;1;0;0;0;
EBT;UF;4208906;402.1875;53;9;29;12;2;1;
EBT;UF;4209003;124.5000;19;1;9;7;2;0;
EBT;UF;4209102;1817.8008;291;66;127;87;6;5;
EBT;UF;4209300;191.2500;45;12;15;18;0;0;
EBT;UF;4209706;1.2500;2;1;1;0;0;0;
EBT;UF;4210035;4.2500;4;1;3;0;0;0;
EBT;UF;4210100;12.9375;20;15;5;0;0;0;
EBT;UF;4210209;3.2500;3;1;2;0;0;0;
EBT;UF;4210605;3.5625;5;3;2;0;0;0;
EBT;UF;4211306;160.8125;40;6;19;13;2;0;
EBT;UF;4211454;1.0000;1;0;1;0;0;0;
EBT;UF;4211603;4.2500;5;1;4;0;0;0;
EBT;UF;4211702;4.2500;5;3;2;0;0;0;
EBT;UF;4211900;492.0625;64;15;31;15;2;1;
EBT;UF;4213005;0.3125;3;3;0;0;0;0;
EBT;UF;4213203;25.5000;5;2;1;1;1;0;
EBT;UF;4214706;2.2500;2;1;1;0;0;0;
EBT;UF;4214805;298.7500;59;14;21;23;1;0;
EBT;UF;4215000;26.0000;3;0;2;0;1;0;
EBT;UF;4215109;102.7500;4;2;1;0;0;1;
EBT;UF;4215455;1.0000;1;0;1;0;0;0;
EBT;UF;4215802;198.5625;84;34;39;10;1;0;
EBT;UF;4216107;3.2500;3;1;2;0;0;0;
EBT;UF;4216206;250.4375;25;7;6;8;3;1;
EBT;UF;4216255;1.0000;1;0;1;0;0;0;
EBT;UF;4216602;390.5000;74;13;31;27;3;0;
EBT;UF;4216909;41.7500;7;3;2;1;1;0;
EBT;UF;4217006;2.0000;1;0;1;0;0;0;
EBT;UF;4217402;35.5000;4;2;1;0;1;0;
EBT;UF;4217709;216.0000;4;0;0;1;0;3;
EBT;UF;4218202;126.5000;12;1;8;2;0;1;
EBT;UF;4218707;62.0625;13;1;6;6;0;0;
EBT;UF;4218806;14.0000;3;0;2;1;0;0;
EBT;UF;4219176;1.0000;1;0;1;0;0;0;
EBT;UF;4219309;36.7500;18;11;4;2;1;0;
EBT;UF;4219507;9.2500;12;6;6;0;0;0;
EBT;UF;4219705;34.6250;8;4;2;1;1;0;
EBT;UF;4300406;55.3125;31;20;2;9;0;0;
EBT;UF;4300604;144.0000;27;7;10;8;2;0;
EBT;UF;4301008;1.5000;2;1;1;0;0;0;
EBT;UF;4301206;1.0000;1;0;1;0;0;0;
EBT;UF;4301552;1.2500;2;1;1;0;0;0;
EBT;UF;4301602;490.3750;35;8;9;10;6;2;
EBT;UF;4302105;1136.9375;119;7;43;58;8;3;
EBT;UF;4302204;1.0000;1;0;1;0;0;0;
EBT;UF;4302352;2.0000;2;0;2;0;0;0;
EBT;UF;4302907;0.6250;2;2;0;0;0;0;
EBT;UF;4303004;18.9375;20;13;6;1;0;0;
EBT;UF;4303103;434.5000;56;6;15;29;6;0;
EBT;UF;4303509;267.0000;25;2;8;13;1;1;
EBT;UF;4303806;2.5000;4;2;2;0;0;0;
EBT;UF;4303905;848.6250;63;13;23;18;5;4;
EBT;UF;4304408;10.6875;14;10;3;1;0;0;
EBT;UF;4304507;1.0000;1;0;1;0;0;0;
EBT;UF;4304606;1062.6250;137;37;38;50;10;2;
EBT;UF;4304630;370.0625;10;3;1;4;1;1;
EBT;UF;4304663;4.2500;5;3;2;0;0;0;
EBT;UF;4304705;44.5625;27;15;8;4;0;0;
EBT;UF;4304804;68.1875;12;5;4;1;2;0;
EBT;UF;4305108;3707.3750;363;66;147;125;21;4;
EBT;UF;4305207;2.0000;2;0;2;0;0;0;
EBT;UF;4305439;1.0000;1;0;1;0;0;0;
EBT;UF;4305801;0.2500;1;1;0;0;0;0;
EBT;UF;4305975;2.0000;1;0;1;0;0;0;
EBT;UF;4306056;1.0000;1;0;1;0;0;0;
EBT;UF;4306106;1216.4375;41;20;14;4;1;2;
EBT;UF;4306205;2.5625;4;2;2;0;0;0;
EBT;UF;4306403;0.5000;2;2;0;0;0;0;
EBT;UF;4306601;6.0000;1;0;0;1;0;0;
EBT;UF;4306767;348.1250;32;4;14;9;3;2;
EBT;UF;4307005;673.3125;44;2;19;14;8;1;
EBT;UF;4307559;273.5000;5;1;1;0;1;2;
EBT;UF;4307609;47.7500;17;5;7;5;0;0;
EBT;UF;4307708;79.3125;32;15;9;8;0;0;
EBT;UF;4307807;26.7500;12;6;4;2;0;0;
EBT;UF;4307906;856.1133;62;2;22;30;7;1;
EBT;UF;4308102;3.0000;3;0;3;0;0;0;
EBT;UF;4308508;3.7500;6;3;3;0;0;0;
EBT;UF;4308607;206.2500;47;9;23;13;2;0;
EBT;UF;4308904;25.5000;9;4;2;3;0;0;
EBT;UF;4309001;2.6875;6;4;2;0;0;0;
EBT;UF;4309050;8.6250;3;2;0;1;0;0;
EBT;UF;4309100;59.7500;19;10;6;2;1;0;
EBT;UF;4309209;410.8125;104;36;25;40;3;0;
EBT;UF;4309308;89.6875;22;12;5;3;2;0;
EBT;UF;4309407;5.0000;6;3;3;0;0;0;
EBT;UF;4309605;5.8750;11;7;4;0;0;0;
EBT;UF;4310108;14.2500;13;9;1;3;0;0;
EBT;UF;4310207;144.1250;16;4;3;6;3;0;
EBT;UF;4310330;1.1250;3;2;1;0;0;0;
EBT;UF;4310801;4.8750;10;7;3;0;0;0;
EBT;UF;4311007;2.4375;5;3;2;0;0;0;
EBT;UF;4311205;2.2500;3;1;2;0;0;0;
EBT;UF;4311403;1072.3750;22;8;8;5;0;1;
EBT;UF;4311809;4.8125;10;7;3;0;0;0;
EBT;UF;4312401;40.0625;23;13;5;5;0;0;
EBT;UF;4312500;1.0000;1;0;1;0;0;0;
EBT;UF;4312906;6.2500;4;1;2;1;0;0;
EBT;UF;4313201;9.6875;8;6;1;1;0;0;
EBT;UF;4313300;8.3125;10;5;5;0;0;0;
EBT;UF;4313409;687.3750;114;17;40;48;9;0;
EBT;UF;4313508;42.8125;25;16;5;4;0;0;
EBT;UF;4313706;5.5625;8;5;3;0;0;0;
EBT;UF;4313904;47.0000;27;17;6;4;0;0;
EBT;UF;4314050;13.4375;17;11;6;0;0;0;
EBT;UF;4314100;974.3750;81;15;35;19;9;3;
EBT;UF;4314308;0.2500;1;1;0;0;0;0;
EBT;UF;4314407;2186.6875;77;21;29;18;5;4;
EBT;UF;4314506;4.0000;1;0;0;1;0;0;
EBT;UF;4314803;11.2500;7;4;2;1;0;0;
EBT;UF;4314902;41291.9883;844;84;221;358;117;64;
EBT;UF;4315206;2.0000;2;0;2;0;0;0;
EBT;UF;4315305;1.0000;1;0;1;0;0;0;
EBT;UF;4315503;1.0000;1;0;1;0;0;0;
EBT;UF;4315602;412.2500;75;29;20;21;3;2;
EBT;UF;4315701;2.8750;5;3;2;0;0;0;
EBT;UF;4315800;1.0000;1;0;1;0;0;0;
EBT;UF;4316006;1.0000;1;0;1;0;0;0;
EBT;UF;4316402;11.8750;10;6;3;1;0;0;
EBT;UF;4316501;0.3125;2;2;0;0;0;0;
EBT;UF;4316808;576.8125;37;12;3;15;5;2;
EBT;UF;4316907;1754.9375;114;53;33;23;1;4;
EBT;UF;4317103;68.3125;13;2;6;4;1;0;
EBT;UF;4317202;6.0000;5;0;5;0;0;0;
EBT;UF;4317400;14.4375;11;6;4;1;0;0;
EBT;UF;4317509;12.2500;3;1;0;2;0;0;
EBT;UF;4317608;11.2500;8;5;2;1;0;0;
EBT;UF;4317905;1.0000;1;0;1;0;0;0;
EBT;UF;4318002;2.0000;1;0;1;0;0;0;
EBT;UF;4318101;1.5000;3;2;1;0;0;0;
EBT;UF;4318200;1.7500;3;2;1;0;0;0;
EBT;UF;4318507;0.2500;1;1;0;0;0;0;
EBT;UF;4318705;1028.3125;75;23;24;21;5;2;
EBT;UF;4318804;2.4375;5;3;2;0;0;0;
EBT;UF;4319406;2.5000;4;2;2;0;0;0;
EBT;UF;4319505;21.0625;9;4;2;3;0;0;
EBT;UF;4319802;1.5000;3;2;1;0;0;0;
EBT;UF;4319901;86.0000;17;2;8;6;1;0;
EBT;UF;4320008;147.9375;40;15;12;12;1;0;
EBT;UF;4320107;37.5625;11;8;2;0;1;0;
EBT;UF;4320206;0.2500;1;1;0;0;0;0;
EBT;UF;4320404;4.0625;4;1;3;0;0;0;
EBT;UF;4320701;1.0000;1;0;1;0;0;0;
EBT;UF;4320800;2.0000;2;0;2;0;0;0;
EBT;UF;4320909;1.0000;1;0;1;0;0;0;
EBT;UF;4321204;17.5000;13;6;6;1;0;0;
EBT;UF;4321451;504.6875;18;11;2;1;1;3;
EBT;UF;4321501;40.4375;22;15;4;2;1;0;
EBT;UF;4321600;25.4375;20;13;4;3;0;0;
EBT;UF;4321709;2.7500;4;2;2;0;0;0;
EBT;UF;4321808;1.0000;1;0;1;0;0;0;
EBT;UF;4322004;34.0000;2;0;1;0;1;0;
EBT;UF;4322400;332.1250;27;6;9;7;4;1;
EBT;UF;4322509;261.6250;30;3;10;16;0;1;
EBT;UF;4322608;14.7500;11;6;4;1;0;0;
EBT;UF;4322806;1.0000;1;0;1;0;0;0;
EBT;UF;4323002;59.8750;20;10;6;3;1;0;
EBT;UF;4323408;1.2500;2;1;1;0;0;0;
EBT;UF;4323804;1.6250;7;6;1;0;0;0;
EBT;UF;5000203;86.0000;12;0;3;8;1;0;
EBT;UF;5002704;5221.9375;413;93;140;143;20;17;
EBT;UF;5002951;0.0625;1;1;0;0;0;0;
EBT;UF;5003207;53.0000;4;0;3;0;0;1;
EBT;UF;5003702;1047.7500;38;6;11;16;2;3;
EBT;UF;5003751;1.0000;1;0;1;0;0;0;
EBT;UF;5004502;1.2500;3;3;0;0;0;0;
EBT;UF;5005202;4.0000;2;0;2;0;0;0;
EBT;UF;5005400;98.0000;9;0;1;4;4;0;
EBT;UF;5006002;1.0000;1;0;1;0;0;0;
EBT;UF;5006309;4.0000;2;0;2;0;0;0;
EBT;UF;5007109;35.0000;7;0;1;6;0;0;
EBT;UF;5007208;2.0000;1;0;1;0;0;0;
EBT;UF;5007554;1.0000;1;0;1;0;0;0;
EBT;UF;5007695;0.5000;1;1;0;0;0;0;
EBT;UF;5007901;86.5000;6;1;1;1;3;0;
EBT;UF;5008305;235.0000;35;0;13;20;2;0;
EBT;UF;5100250;6.5000;4;1;3;0;0;0;
EBT;UF;5100805;1.0000;1;0;1;0;0;0;
EBT;UF;5102504;161.5000;51;13;28;9;1;0;
EBT;UF;5102678;1.0000;1;0;1;0;0;0;
EBT;UF;5103403;18723.4375;887;155;506;128;53;45;
EBT;UF;5103502;2.5000;2;1;1;0;0;0;
EBT;UF;5104104;0.5000;1;1;0;0;0;0;
EBT;UF;5105002;44.2500;7;1;3;2;1;0;
EBT;UF;5105150;2.0000;1;0;1;0;0;0;
EBT;UF;5105259;1124.1250;156;36;85;24;4;7;
EBT;UF;5105622;93.5000;18;3;13;0;2;0;
EBT;UF;5105903;0.5000;1;1;0;0;0;0;
EBT;UF;5106224;518.5000;85;17;44;16;7;1;
EBT;UF;5106752;293.3750;58;21;29;3;4;1;
EBT;UF;5107180;0.5000;1;1;0;0;0;0;
EBT;UF;5107198;0.5625;2;2;0;0;0;0;
EBT;UF;5107602;1851.6250;219;28;128;43;9;11;
EBT;UF;5107859;1.0000;1;0;1;0;0;0;
EBT;UF;5107909;7426.1250;218;21;141;32;9;15;
EBT;UF;5107925;878.9375;135;21;76;30;4;4;
EBT;UF;5107958;3.3750;5;4;1;0;0;0;
EBT;UF;5108402;735.0625;148;24;83;34;6;1;
EBT;UF;5200050;2.0000;1;0;1;0;0;0;
EBT;UF;5200258;7.7500;8;2;6;0;0;0;
EBT;UF;5200308;6.0000;9;6;3;0;0;0;
EBT;UF;5200605;0.2500;1;1;0;0;0;0;
EBT;UF;5201108;2167.8750;190;27;85;62;9;7;
EBT;UF;5201405;421.8750;189;38;129;22;0;0;
EBT;UF;5202601;0.2500;1;1;0;0;0;0;
EBT;UF;5204003;0.2500;1;1;0;0;0;0;
EBT;UF;5204508;25.0000;6;2;2;2;0;0;
EBT;UF;5204706;6.0000;6;3;3;0;0;0;
EBT;UF;5205109;217.3750;37;6;19;8;3;1;
EBT;UF;5205406;0.0625;1;1;0;0;0;0;
EBT;UF;5205513;0.7500;2;2;0;0;0;0;
EBT;UF;5205802;0.2500;1;1;0;0;0;0;
EBT;UF;5205901;1.0000;1;0;1;0;0;0;
EBT;UF;5206206;58.7500;7;2;2;2;1;0;
EBT;UF;5208004;2.0000;1;0;1;0;0;0;
EBT;UF;5208103;0.2500;1;1;0;0;0;0;
EBT;UF;5208608;0.0625;1;1;0;0;0;0;
EBT;UF;5208707;6879.1875;631;105;359;127;24;16;
EBT;UF;5209101;0.7500;2;2;0;0;0;0;
EBT;UF;5209804;0.2500;1;1;0;0;0;0;
EBT;UF;5209937;2.0000;1;0;1;0;0;0;
EBT;UF;5210000;8.0000;4;0;4;0;0;0;
EBT;UF;5210802;0.2500;1;1;0;0;0;0;
EBT;UF;5211503;87.8125;30;3;20;7;0;0;
EBT;UF;5211909;109.0000;5;0;3;1;0;1;
EBT;UF;5212303;0.2500;1;1;0;0;0;0;
EBT;UF;5212501;57.8750;36;15;18;3;0;0;
EBT;UF;5213509;0.2500;1;1;0;0;0;0;
EBT;UF;5213756;0.2500;1;1;0;0;0;0;
EBT;UF;5213806;7.1250;11;7;4;0;0;0;
EBT;UF;5213905;0.2500;1;1;0;0;0;0;
EBT;UF;5214002;0.2500;1;1;0;0;0;0;
EBT;UF;5214838;1.0000;1;0;1;0;0;0;
EBT;UF;5215231;8.0625;9;5;4;0;0;0;
EBT;UF;5215306;0.2500;1;1;0;0;0;0;
EBT;UF;5215504;0.2500;1;1;0;0;0;0;
EBT;UF;5216304;0.2500;1;1;0;0;0;0;
EBT;UF;5216809;1.0000;1;0;1;0;0;0;
EBT;UF;5217203;0.2500;1;1;0;0;0;0;
EBT;UF;5217401;1.0000;1;0;1;0;0;0;
EBT;UF;5218003;52.5000;5;1;1;1;2;0;
EBT;UF;5218508;0.2500;1;1;0;0;0;0;
EBT;UF;5218789;0.2500;1;1;0;0;0;0;
EBT;UF;5218805;269.0625;50;6;25;17;1;1;
EBT;UF;5219605;2.0000;1;0;1;0;0;0;
EBT;UF;5219753;7.0000;4;0;4;0;0;0;
EBT;UF;5219902;0.2500;1;1;0;0;0;0;
EBT;UF;5220108;0.5000;1;1;0;0;0;0;
EBT;UF;5220454;35.5000;15;1;13;1;0;0;
EBT;UF;5221403;91.3125;10;4;2;2;1;1;
EBT;UF;5221601;46.0625;12;8;1;2;1;0;
EBT;UF;5221700;0.2500;1;1;0;0;0;0;
EBT;UF;5221809;0.2500;1;1;0;0;0;0;
EBT;UF;5221858;28.3750;22;9;12;1;0;0;
EBT;UF;5300108;141661.938;2798;455;1232;673;186;252;
TLB;UF;3205002;2.0000;1;0;1;0;0;0;
TLB;UF;3304557;2.0000;1;0;1;0;0;0;
TLB;UF;3509502;2.0000;1;0;1;0;0;0;
09;1109;
