01;CLA;IPL4;201503;
EBT;UF;1100023;158.3750;45;5;35;3;2;0;
EBT;UF;1100049;336.6875;88;20;52;14;1;1;
EBT;UF;1100080;0.3750;2;2;0;0;0;0;
EBT;UF;1100098;0.5000;1;1;0;0;0;0;
EBT;UF;1100106;16.0000;6;0;4;2;0;0;
EBT;UF;1100114;109.0000;19;0;16;1;2;0;
EBT;UF;1100122;1111.6875;191;14;147;18;9;3;
EBT;UF;1100155;90.0000;8;0;4;1;3;0;
EBT;UF;1100189;139.3125;45;9;30;4;2;0;
EBT;UF;1100205;15055.2031;792;98;485;138;30;41;
EBT;UF;1100288;2.0000;1;0;1;0;0;0;
EBT;UF;1100296;1.0000;1;0;1;0;0;0;
EBT;UF;1100304;644.0000;141;19;98;17;6;1;
EBT;UF;1100346;1.0000;1;0;1;0;0;0;
EBT;UF;1100452;1.0000;1;0;1;0;0;0;
EBT;UF;1100924;2.0000;1;0;1;0;0;0;
EBT;UF;1101005;1.0000;1;0;1;0;0;0;
EBT;UF;1101468;0.5000;1;1;0;0;0;0;
EBT;UF;1101500;0.1250;1;1;0;0;0;0;
EBT;UF;1200054;2.0000;2;0;2;0;0;0;
EBT;UF;1200104;1.0000;1;0;1;0;0;0;
EBT;UF;1200138;19.0000;7;0;5;2;0;0;
EBT;UF;1200203;5.0000;3;0;3;0;0;0;
EBT;UF;1200252;0.6875;3;3;0;0;0;0;
EBT;UF;1200344;1.0000;1;0;1;0;0;0;
EBT;UF;1200401;7958.5391;392;46;234;78;14;20;
EBT;UF;1200450;4.0000;2;0;2;0;0;0;
EBT;UF;1301100;5.0000;4;0;4;0;0;0;
EBT;UF;1301704;117.3125;11;2;7;1;0;1;
EBT;UF;1301852;2.0000;1;0;1;0;0;0;
EBT;UF;1302603;12853.7500;1054;132;612;202;72;36;
EBT;UF;1303403;2.5000;3;2;1;0;0;0;
EBT;UF;1400100;799.0000;144;10;74;51;8;1;
EBT;UF;1500602;2.0000;1;0;1;0;0;0;
EBT;UF;1500800;8255.9297;167;11;87;53;7;9;
EBT;UF;1501303;24.0000;4;0;2;2;0;0;
EBT;UF;1501402;52596.5195;1013;43;420;344;106;100;
EBT;UF;1501501;46.3750;20;5;12;3;0;0;
EBT;UF;1501709;2.2500;2;1;1;0;0;0;
EBT;UF;1502202;131.0000;8;0;1;3;4;0;
EBT;UF;1502400;136.0000;34;3;23;6;2;0;
EBT;UF;1503606;6.0000;3;0;3;0;0;0;
EBT;UF;1503903;2.0000;1;0;1;0;0;0;
EBT;UF;1504208;489.9375;126;32;65;21;7;1;
EBT;UF;1504422;274.7031;78;14;43;18;3;0;
EBT;UF;1505304;1.0000;1;0;1;0;0;0;
EBT;UF;1505502;390.0000;21;0;14;2;2;3;
EBT;UF;1506203;1.2500;3;3;0;0;0;0;
EBT;UF;1506500;0.2500;1;1;0;0;0;0;
EBT;UF;1506807;205.7969;51;10;34;4;1;2;
EBT;UF;1507607;4.0000;2;0;2;0;0;0;
EBT;UF;1508209;0.2500;1;1;0;0;0;0;
EBT;UF;1600303;431.5781;115;12;76;23;3;1;
EBT;UF;1600600;19.6250;14;5;8;1;0;0;
EBT;UF;1700350;4.0000;3;0;3;0;0;0;
EBT;UF;1700707;17.7500;7;2;4;1;0;0;
EBT;UF;1702000;0.2500;1;1;0;0;0;0;
EBT;UF;1702109;456.3750;80;12;36;27;5;0;
EBT;UF;1705508;212.5000;9;1;6;0;0;2;
EBT;UF;1707009;5.0000;3;0;3;0;0;0;
EBT;UF;1709302;102.6875;11;4;4;2;0;1;
EBT;UF;1709500;234.3125;23;3;11;7;0;2;
EBT;UF;1713205;8.5625;8;3;5;0;0;0;
EBT;UF;1713304;4.7500;6;3;3;0;0;0;
EBT;UF;1714880;35.3125;7;2;3;1;1;0;
EBT;UF;1716109;168.7500;15;2;8;2;2;1;
EBT;UF;1716604;8.0000;4;0;4;0;0;0;
EBT;UF;1718204;336.7500;32;4;16;6;4;2;
EBT;UF;1718402;4.0000;1;0;0;1;0;0;
EBT;UF;1721000;2173.5000;242;44;114;61;17;6;
EBT;UF;1722081;4.0000;1;0;0;1;0;0;
EBT;UF;2100204;32.0000;1;0;0;0;1;0;
EBT;UF;2101202;98.0000;7;0;4;0;3;0;
EBT;UF;2101251;155.0000;1;0;0;0;0;1;
EBT;UF;2101400;134.0000;8;0;0;5;2;1;
EBT;UF;2101608;0.1250;1;1;0;0;0;0;
EBT;UF;2103000;1084.0000;25;0;5;8;6;6;
EBT;UF;2103307;155.0000;1;0;0;0;0;1;
EBT;UF;2103604;0.5000;1;1;0;0;0;0;
EBT;UF;2105302;429.2500;43;2;18;19;3;1;
EBT;UF;2105427;20.0000;3;0;1;2;0;0;
EBT;UF;2108603;4.0000;1;0;0;1;0;0;
EBT;UF;2109106;2.2500;4;3;1;0;0;0;
EBT;UF;2109908;43.0000;8;2;5;0;1;0;
EBT;UF;2110302;52.0000;6;0;1;5;0;0;
EBT;UF;2111201;43.6445;16;5;6;5;0;0;
EBT;UF;2111300;17124.4414;337;31;90;146;44;26;
EBT;UF;2112209;162.0000;6;0;0;2;3;1;
EBT;UF;2112902;0.3750;2;2;0;0;0;0;
EBT;UF;2114007;2.0000;1;0;1;0;0;0;
EBT;UF;2200400;32.0000;1;0;0;0;1;0;
EBT;UF;2201507;32.0000;1;0;0;0;1;0;
EBT;UF;2202000;32.0000;1;0;0;0;1;0;
EBT;UF;2202208;80.0000;4;0;0;2;2;0;
EBT;UF;2202406;64.0000;2;0;0;0;2;0;
EBT;UF;2202703;64.0000;2;0;0;0;2;0;
EBT;UF;2203701;106.0000;4;0;0;1;3;0;
EBT;UF;2203909;50.0000;4;0;1;2;1;0;
EBT;UF;2207702;144.0000;7;0;0;3;4;0;
EBT;UF;2208403;505.0000;13;0;1;2;9;1;
EBT;UF;2211001;18024.7383;308;5;67;113;110;13;
EBT;UF;2301000;130.2500;10;1;6;2;0;1;
EBT;UF;2301109;50.0000;5;0;0;4;1;0;
EBT;UF;2301901;40.6250;9;3;1;5;0;0;
EBT;UF;2302503;20.0000;2;0;0;2;0;0;
EBT;UF;2303709;36.2891;21;6;12;3;0;0;
EBT;UF;2303956;0.2500;1;1;0;0;0;0;
EBT;UF;2304103;8.2500;2;1;0;1;0;0;
EBT;UF;2304202;87.0000;6;0;2;2;2;0;
EBT;UF;2304285;230.0000;27;0;16;6;4;1;
EBT;UF;2304400;12912.2734;462;30;149;191;50;42;
EBT;UF;2305233;81.0625;11;1;5;3;2;0;
EBT;UF;2305407;100.0000;4;0;0;1;2;1;
EBT;UF;2305506;42.0000;3;0;0;2;1;0;
EBT;UF;2306256;0.5000;1;1;0;0;0;0;
EBT;UF;2306405;38.0000;5;0;0;5;0;0;
EBT;UF;2307007;1.0000;1;0;1;0;0;0;
EBT;UF;2307304;333.5000;27;1;11;12;1;2;
EBT;UF;2307601;110.0000;4;0;0;2;1;1;
EBT;UF;2307650;193.7500;40;2;19;18;1;0;
EBT;UF;2307700;20.0000;2;0;0;2;0;0;
EBT;UF;2308302;16.0000;1;0;0;0;1;0;
EBT;UF;2309201;10.0000;1;0;0;1;0;0;
EBT;UF;2309607;106.0000;3;0;0;0;2;1;
EBT;UF;2310704;1.0000;1;0;1;0;0;0;
EBT;UF;2311306;53.0000;5;0;1;3;1;0;
EBT;UF;2311801;72.4375;19;7;8;3;1;0;
EBT;UF;2312403;4.0000;2;0;2;0;0;0;
EBT;UF;2312908;392.3125;42;6;14;16;4;2;
EBT;UF;2313302;3.1875;4;2;2;0;0;0;
EBT;UF;2313401;722.0000;13;0;2;4;3;4;
EBT;UF;2400109;106.0000;5;0;0;3;1;1;
EBT;UF;2400802;10.5000;2;1;0;1;0;0;
EBT;UF;2403251;164.8750;45;6;24;15;0;0;
EBT;UF;2404507;1.0000;1;0;1;0;0;0;
EBT;UF;2406700;10.0000;1;0;0;1;0;0;
EBT;UF;2407104;48.0000;16;0;13;3;0;0;
EBT;UF;2407203;10.0000;1;0;0;1;0;0;
EBT;UF;2407401;4.0000;1;0;0;1;0;0;
EBT;UF;2408003;873.0625;57;6;29;11;7;4;
EBT;UF;2408102;5794.6406;163;20;37;63;20;23;
EBT;UF;2412005;239.5000;24;1;13;7;1;2;
EBT;UF;2501807;79.0000;11;0;7;3;1;0;
EBT;UF;2503209;543.2500;33;1;17;11;1;3;
EBT;UF;2504009;1413.7500;62;6;14;28;6;8;
EBT;UF;2506301;42.0000;2;0;0;1;1;0;
EBT;UF;2506905;48.0000;2;0;0;0;2;0;
EBT;UF;2507507;5993.2773;234;18;93;71;26;26;
EBT;UF;2510808;197.0000;3;0;0;1;1;1;
EBT;UF;2516201;2.0000;1;0;1;0;0;0;
EBT;UF;2600054;233.6250;36;7;25;2;1;1;
EBT;UF;2601102;18.0000;1;0;0;0;1;0;
EBT;UF;2601201;90.0000;7;0;1;2;4;0;
EBT;UF;2601706;90.5000;5;1;0;1;3;0;
EBT;UF;2601904;22.0000;1;0;0;0;1;0;
EBT;UF;2602902;1231.0000;89;6;57;18;2;6;
EBT;UF;2603454;19.5000;11;1;9;1;0;0;
EBT;UF;2604007;51.0000;5;0;1;3;1;0;
EBT;UF;2604106;1641.4727;61;7;28;19;4;3;
EBT;UF;2605103;24.7891;3;0;2;0;1;0;
EBT;UF;2606002;20.5000;3;1;0;2;0;0;
EBT;UF;2606408;145.2500;10;3;5;1;0;1;
EBT;UF;2606804;44.5000;17;1;11;5;0;0;
EBT;UF;2607208;600.2500;41;6;18;14;0;3;
EBT;UF;2607901;876.7813;165;17;88;51;8;1;
EBT;UF;2608909;6.0000;9;5;4;0;0;0;
EBT;UF;2609600;482.4648;56;7;28;14;5;2;
EBT;UF;2610707;468.1250;65;9;45;8;1;2;
EBT;UF;2610905;168.0000;3;0;0;0;2;1;
EBT;UF;2611101;72.5000;14;1;8;4;1;0;
EBT;UF;2611606;17654.0273;667;47;264;211;76;69;
EBT;UF;2612000;50.0000;1;0;0;0;0;1;
EBT;UF;2612208;22.0000;3;0;0;3;0;0;
EBT;UF;2613701;37.0000;6;0;4;1;1;0;
EBT;UF;2613909;161.6250;32;18;6;2;6;0;
EBT;UF;2700300;330.5625;43;2;22;17;1;1;
EBT;UF;2704302;4797.3750;322;39;107;134;22;20;
EBT;UF;2704708;2.0000;1;0;1;0;0;0;
EBT;UF;2706307;2.0000;1;0;1;0;0;0;
EBT;UF;2706703;12.0000;2;0;1;1;0;0;
EBT;UF;2707701;172.5000;13;1;11;0;0;1;
EBT;UF;2708600;2.0000;1;0;1;0;0;0;
EBT;UF;2800308;6936.3125;284;36;94;110;22;22;
EBT;UF;2800670;2.8750;5;3;2;0;0;0;
EBT;UF;2803203;1.0000;1;0;1;0;0;0;
EBT;UF;2804805;429.7500;57;6;32;16;1;2;
EBT;UF;2805703;30.0000;3;0;0;3;0;0;
EBT;UF;2806701;170.5625;13;3;5;3;1;1;
EBT;UF;2900702;129.0000;16;0;6;8;2;0;
EBT;UF;2901007;1.0000;1;0;1;0;0;0;
EBT;UF;2901106;1.0000;1;0;1;0;0;0;
EBT;UF;2903201;20.0000;6;0;4;2;0;0;
EBT;UF;2904605;58.0000;5;0;2;2;0;1;
EBT;UF;2904704;2.0000;1;0;1;0;0;0;
EBT;UF;2905602;130.0000;5;0;2;1;1;1;
EBT;UF;2905701;515.6250;86;5;50;27;2;2;
EBT;UF;2906501;744.0000;18;0;6;6;2;4;
EBT;UF;2906709;2.0000;1;0;1;0;0;0;
EBT;UF;2908408;1.0000;1;0;1;0;0;0;
EBT;UF;2908507;11.0000;2;0;1;1;0;0;
EBT;UF;2909802;58.0000;5;0;0;4;1;0;
EBT;UF;2910727;384.8125;28;3;14;8;1;2;
EBT;UF;2910800;3134.4531;158;22;63;51;8;14;
EBT;UF;2912103;4.0000;1;0;0;1;0;0;
EBT;UF;2913606;948.5000;81;1;23;47;7;3;
EBT;UF;2913705;1.0000;1;0;1;0;0;0;
EBT;UF;2914653;18.0000;3;0;1;2;0;0;
EBT;UF;2914802;1719.1250;76;9;30;26;3;8;
EBT;UF;2914901;72.0000;2;0;0;1;0;1;
EBT;UF;2915304;2.0000;1;0;1;0;0;0;
EBT;UF;2915601;36.0000;8;0;6;1;1;0;
EBT;UF;2915809;12.0000;2;0;1;1;0;0;
EBT;UF;2916302;2.0000;1;0;1;0;0;0;
EBT;UF;2916401;164.1875;9;2;2;2;2;1;
EBT;UF;2917102;2.0000;1;0;1;0;0;0;
EBT;UF;2917607;100.0000;1;0;0;0;0;1;
EBT;UF;2918001;209.0000;24;3;11;8;1;1;
EBT;UF;2918407;7.5156;4;0;4;0;0;0;
EBT;UF;2919207;834.5000;61;1;28;25;4;3;
EBT;UF;2919553;2.0000;1;0;1;0;0;0;
EBT;UF;2920601;18.0000;2;0;0;2;0;0;
EBT;UF;2921005;20.2500;3;1;0;2;0;0;
EBT;UF;2921302;10.0000;2;0;0;2;0;0;
EBT;UF;2922003;14.0000;2;0;0;2;0;0;
EBT;UF;2924009;84.1250;12;1;5;4;2;0;
EBT;UF;2925006;4.0000;2;0;2;0;0;0;
EBT;UF;2925105;20.0000;2;0;0;2;0;0;
EBT;UF;2925303;320.0000;22;0;11;6;3;2;
EBT;UF;2927002;0.5000;1;1;0;0;0;0;
EBT;UF;2927408;36548.8047;972;102;338;372;80;80;
EBT;UF;2928703;196.0000;7;0;1;3;2;1;
EBT;UF;2929206;4.0625;2;1;0;1;0;0;
EBT;UF;2929305;50.0000;1;0;0;0;0;1;
EBT;UF;2929354;4.0000;1;0;0;1;0;0;
EBT;UF;2930105;15.0000;4;0;3;1;0;0;
EBT;UF;2930709;204.5000;50;3;30;17;0;0;
EBT;UF;2931350;3348.3125;39;4;15;7;4;9;
EBT;UF;2932507;32.0000;1;0;0;0;1;0;
EBT;UF;2932903;6.2500;10;6;4;0;0;0;
EBT;UF;2933307;1111.0625;84;7;34;32;7;4;
EBT;UF;3100302;2.0000;1;0;1;0;0;0;
EBT;UF;3101508;259.0000;11;2;1;0;8;0;
EBT;UF;3101607;74.6250;35;8;24;3;0;0;
EBT;UF;3101904;2.0000;1;0;1;0;0;0;
EBT;UF;3103504;45.5547;23;2;18;3;0;0;
EBT;UF;3104007;78.9648;33;7;25;0;1;0;
EBT;UF;3104205;13.2500;8;1;7;0;0;0;
EBT;UF;3104601;32.0000;1;0;0;0;1;0;
EBT;UF;3104908;4.0000;2;0;2;0;0;0;
EBT;UF;3105608;216.8945;27;1;17;3;6;0;
EBT;UF;3106200;130840.021;2872;331;1628;551;211;151;
EBT;UF;3106309;74.0625;5;1;1;1;2;0;
EBT;UF;3106705;2213.1523;281;54;167;30;26;4;
EBT;UF;3107109;4.0000;2;0;2;0;0;0;
EBT;UF;3107406;6.0000;3;0;3;0;0;0;
EBT;UF;3107703;0.2500;1;1;0;0;0;0;
EBT;UF;3108404;2.0000;1;0;1;0;0;0;
EBT;UF;3108909;2.2500;2;1;1;0;0;0;
EBT;UF;3109303;2.0000;1;0;1;0;0;0;
EBT;UF;3109501;2.0000;1;0;1;0;0;0;
EBT;UF;3109709;2.0000;1;0;1;0;0;0;
EBT;UF;3110004;2.0000;1;0;1;0;0;0;
EBT;UF;3110301;2.0000;1;0;1;0;0;0;
EBT;UF;3110509;5.0000;3;0;3;0;0;0;
EBT;UF;3110608;3.0000;2;0;2;0;0;0;
EBT;UF;3110707;4.0000;2;0;2;0;0;0;
EBT;UF;3111606;2.0000;1;0;1;0;0;0;
EBT;UF;3112307;2.0000;1;0;1;0;0;0;
EBT;UF;3113206;64.0000;2;0;0;0;2;0;
EBT;UF;3113404;14.0000;3;0;2;1;0;0;
EBT;UF;3114303;2.0000;1;0;1;0;0;0;
EBT;UF;3114501;2.0000;1;0;1;0;0;0;
EBT;UF;3115300;559.0000;10;0;2;3;2;3;
EBT;UF;3115508;10.6250;8;3;5;0;0;0;
EBT;UF;3117876;24.0000;3;0;0;3;0;0;
EBT;UF;3118007;24.3125;12;4;7;1;0;0;
EBT;UF;3118304;92.8437;33;7;20;5;1;0;
EBT;UF;3118403;32.0000;1;0;0;0;1;0;
EBT;UF;3118601;3237.9062;460;67;262;85;37;9;
EBT;UF;3119401;92.5000;19;1;15;1;2;0;
EBT;UF;3120904;67.0000;30;0;28;2;0;0;
EBT;UF;3122306;1039.5781;87;9;59;11;3;5;
EBT;UF;3122454;0.2500;1;1;0;0;0;0;
EBT;UF;3123601;4.0000;2;0;2;0;0;0;
EBT;UF;3123908;2.0000;1;0;1;0;0;0;
EBT;UF;3124203;32.0000;1;0;0;0;1;0;
EBT;UF;3125101;21.0000;12;0;12;0;0;0;
EBT;UF;3126109;4.0000;2;0;2;0;0;0;
EBT;UF;3127008;4.0000;2;0;2;0;0;0;
EBT;UF;3127107;17.0000;9;0;9;0;0;0;
EBT;UF;3127701;1749.8086;99;11;57;12;13;6;
EBT;UF;3128709;8.0000;1;0;0;1;0;0;
EBT;UF;3129509;2.0000;1;0;1;0;0;0;
EBT;UF;3129806;212.9648;20;3;12;1;3;1;
EBT;UF;3130101;6.0000;3;0;3;0;0;0;
EBT;UF;3130309;5.0000;3;0;3;0;0;0;
EBT;UF;3131307;790.5273;87;15;49;8;13;2;
EBT;UF;3131703;418.4531;47;15;25;4;1;2;
EBT;UF;3131901;18.8750;10;4;5;1;0;0;
EBT;UF;3132206;6.0000;3;0;3;0;0;0;
EBT;UF;3132404;358.8320;69;17;37;8;7;0;
EBT;UF;3133006;9.0000;5;0;5;0;0;0;
EBT;UF;3133808;146.2500;29;3;17;8;1;0;
EBT;UF;3134103;0.2500;1;1;0;0;0;0;
EBT;UF;3134202;34.3945;20;2;18;0;0;0;
EBT;UF;3135209;2.0000;1;0;1;0;0;0;
EBT;UF;3135407;28.1250;7;1;4;2;0;0;
EBT;UF;3135506;2.0000;1;0;1;0;0;0;
EBT;UF;3136207;38.0000;32;13;18;1;0;0;
EBT;UF;3136306;62.0000;8;0;5;2;1;0;
EBT;UF;3136603;0.2500;1;1;0;0;0;0;
EBT;UF;3136702;4715.9570;194;13;100;40;24;17;
EBT;UF;3137205;88.0000;9;0;4;3;2;0;
EBT;UF;3137601;91.1797;32;10;18;3;1;0;
EBT;UF;3138203;440.0000;67;14;37;11;3;2;
EBT;UF;3138401;189.0000;3;0;1;0;1;1;
EBT;UF;3138609;200.0000;6;0;2;0;3;1;
EBT;UF;3138807;2.0000;1;0;1;0;0;0;
EBT;UF;3139003;32.0000;1;0;0;0;1;0;
EBT;UF;3139607;32.0000;1;0;0;0;1;0;
EBT;UF;3140001;64.0000;2;0;0;0;2;0;
EBT;UF;3140803;83.0000;11;0;5;5;1;0;
EBT;UF;3140902;0.2500;1;1;0;0;0;0;
EBT;UF;3141405;40.0000;5;0;4;0;1;0;
EBT;UF;3143302;3472.3984;138;13;65;17;34;9;
EBT;UF;3143906;412.0000;9;0;3;1;3;2;
EBT;UF;3144805;907.6719;99;6;58;20;13;2;
EBT;UF;3145208;2.0000;1;0;1;0;0;0;
EBT;UF;3145604;12.2500;7;1;5;1;0;0;
EBT;UF;3145901;5.0000;3;0;3;0;0;0;
EBT;UF;3146107;12.5625;8;2;6;0;0;0;
EBT;UF;3146305;4.0000;2;0;2;0;0;0;
EBT;UF;3147006;106.7500;26;2;19;3;2;0;
EBT;UF;3147105;177.0625;13;1;10;1;0;1;
EBT;UF;3147402;200.0000;2;0;0;0;0;2;
EBT;UF;3147600;2.0000;1;0;1;0;0;0;
EBT;UF;3147907;214.1445;41;9;24;5;2;1;
EBT;UF;3148004;39.8750;21;4;16;1;0;0;
EBT;UF;3148103;6.0000;3;0;3;0;0;0;
EBT;UF;3149101;2.0000;1;0;1;0;0;0;
EBT;UF;3149309;101.8398;33;8;20;3;2;0;
EBT;UF;3149903;219.0000;8;0;5;1;0;2;
EBT;UF;3151206;475.5000;20;1;2;3;14;0;
EBT;UF;3151404;4.0000;2;0;2;0;0;0;
EBT;UF;3151800;307.5859;98;15;66;13;4;0;
EBT;UF;3152105;22.0000;3;0;1;2;0;0;
EBT;UF;3152501;566.5781;122;23;68;23;7;1;
EBT;UF;3154200;32.0000;1;0;0;0;1;0;
EBT;UF;3154606;207.6523;62;17;34;8;3;0;
EBT;UF;3155504;2.0000;1;0;1;0;0;0;
EBT;UF;3156007;0.2500;1;1;0;0;0;0;
EBT;UF;3156502;0.2500;1;1;0;0;0;0;
EBT;UF;3156700;23.8125;15;3;12;0;0;0;
EBT;UF;3157807;216.0586;60;14;34;9;3;0;
EBT;UF;3160405;2.0000;1;0;1;0;0;0;
EBT;UF;3160702;124.5000;6;1;2;2;0;1;
EBT;UF;3162104;20.0000;6;0;5;1;0;0;
EBT;UF;3162401;2.0000;1;0;1;0;0;0;
EBT;UF;3162500;372.9375;48;14;24;2;7;1;
EBT;UF;3162559;2.0000;1;0;1;0;0;0;
EBT;UF;3162708;2.0000;1;0;1;0;0;0;
EBT;UF;3162955;2.4648;4;3;1;0;0;0;
EBT;UF;3163706;39.5000;19;4;14;0;1;0;
EBT;UF;3164704;59.3750;44;14;30;0;0;0;
EBT;UF;3165701;64.0000;2;0;0;0;2;0;
EBT;UF;3166907;8.0000;1;0;0;1;0;0;
EBT;UF;3167202;328.6484;91;12;62;13;4;0;
EBT;UF;3168606;385.1094;46;5;22;10;9;0;
EBT;UF;3168705;599.0625;38;4;11;5;18;0;
EBT;UF;3169307;165.8750;46;19;21;2;4;0;
EBT;UF;3169356;4.0000;2;0;2;0;0;0;
EBT;UF;3169406;2.2500;2;1;1;0;0;0;
EBT;UF;3169901;166.0000;6;0;0;4;1;1;
EBT;UF;3170107;2420.4687;127;28;81;13;2;3;
EBT;UF;3170206;5306.7812;431;86;219;74;27;25;
EBT;UF;3170404;176.0000;43;2;36;3;1;1;
EBT;UF;3170701;2392.0859;100;9;54;17;9;11;
EBT;UF;3170800;193.0000;7;0;1;0;6;0;
EBT;UF;3171006;2.0000;1;0;1;0;0;0;
EBT;UF;3171204;128.0000;48;6;34;6;2;0;
EBT;UF;3171303;56.2500;11;1;8;1;1;0;
EBT;UF;3171501;1.0000;1;0;1;0;0;0;
EBT;UF;3172004;128.0000;4;0;0;0;4;0;
EBT;UF;3200102;8.0000;4;0;3;1;0;0;
EBT;UF;3200136;2.0000;1;0;1;0;0;0;
EBT;UF;3200169;4.0000;2;0;2;0;0;0;
EBT;UF;3200201;44.0000;4;0;1;2;1;0;
EBT;UF;3200300;7.0625;5;1;4;0;0;0;
EBT;UF;3200409;144.0000;3;0;0;1;1;1;
EBT;UF;3200508;1.0000;1;0;1;0;0;0;
EBT;UF;3200607;52.2500;10;3;3;3;1;0;
EBT;UF;3200706;3.0000;2;0;2;0;0;0;
EBT;UF;3200805;80.0000;5;0;0;2;3;0;
EBT;UF;3200904;16.0000;3;0;1;2;0;0;
EBT;UF;3201159;4.0000;2;0;2;0;0;0;
EBT;UF;3201209;2621.8125;50;4;30;7;4;5;
EBT;UF;3201308;548.0000;74;10;44;15;2;3;
EBT;UF;3201506;1197.4375;45;5;29;6;2;3;
EBT;UF;3201902;6.6250;9;6;3;0;0;0;
EBT;UF;3202009;1.0000;1;0;1;0;0;0;
EBT;UF;3202108;2.0000;1;0;1;0;0;0;
EBT;UF;3202306;5.9375;8;5;3;0;0;0;
EBT;UF;3202405;535.5000;21;3;10;3;1;4;
EBT;UF;3202454;6.0000;4;0;4;0;0;0;
EBT;UF;3202504;175.1250;9;2;4;0;2;1;
EBT;UF;3202553;6.0000;3;0;3;0;0;0;
EBT;UF;3202603;2.0000;1;0;1;0;0;0;
EBT;UF;3202652;2.0000;1;0;1;0;0;0;
EBT;UF;3202702;6.1250;6;1;5;0;0;0;
EBT;UF;3202801;105.1875;9;5;3;0;0;1;
EBT;UF;3202900;38.0000;3;0;2;0;1;0;
EBT;UF;3203007;2.0000;1;0;1;0;0;0;
EBT;UF;3203106;6.0000;3;0;3;0;0;0;
EBT;UF;3203130;2.0000;1;0;1;0;0;0;
EBT;UF;3203163;3.1875;4;2;2;0;0;0;
EBT;UF;3203205;217.6250;29;6;16;4;2;1;
EBT;UF;3203304;10.0000;4;0;3;1;0;0;
EBT;UF;3203320;5.1875;9;5;4;0;0;0;
EBT;UF;3203346;20.0000;2;0;0;2;0;0;
EBT;UF;3203353;2.0000;1;0;1;0;0;0;
EBT;UF;3203502;10.0000;1;0;0;1;0;0;
EBT;UF;3203601;1.2500;2;1;1;0;0;0;
EBT;UF;3203809;3.0000;2;0;2;0;0;0;
EBT;UF;3203908;4.0000;2;0;2;0;0;0;
EBT;UF;3204054;22.0000;6;0;4;2;0;0;
EBT;UF;3204104;96.0000;3;0;1;0;1;1;
EBT;UF;3204203;129.6250;5;3;1;0;0;1;
EBT;UF;3204252;1.2500;2;1;1;0;0;0;
EBT;UF;3204302;8.0000;4;0;4;0;0;0;
EBT;UF;3204401;30.0000;2;0;0;1;1;0;
EBT;UF;3204500;1.2500;2;1;1;0;0;0;
EBT;UF;3204559;4.5625;4;2;2;0;0;0;
EBT;UF;3204609;49.0000;6;0;4;1;1;0;
EBT;UF;3204658;1.0000;1;0;1;0;0;0;
EBT;UF;3204708;4.0000;2;0;2;0;0;0;
EBT;UF;3204807;2.0000;1;0;1;0;0;0;
EBT;UF;3204906;789.7500;23;3;6;4;5;5;
EBT;UF;3205002;2493.7500;186;29;79;52;15;11;
EBT;UF;3205010;2.0000;1;0;1;0;0;0;
EBT;UF;3205036;5.0000;2;0;1;1;0;0;
EBT;UF;3205069;110.1875;13;7;5;0;0;1;
EBT;UF;3205101;219.0625;25;1;14;8;1;1;
EBT;UF;3205200;2519.8125;97;12;38;32;7;8;
EBT;UF;3205309;40153.5859;216;25;38;71;24;58;
EBT;UF;3300100;1163.5000;27;4;15;5;2;1;
EBT;UF;3300209;27.0000;9;2;4;3;0;0;
EBT;UF;3300233;2.7500;4;3;1;0;0;0;
EBT;UF;3300258;2.2500;2;1;1;0;0;0;
EBT;UF;3300308;12.7500;8;2;6;0;0;0;
EBT;UF;3300407;104.0000;23;3;13;5;2;0;
EBT;UF;3300456;282.1484;46;7;32;4;1;2;
EBT;UF;3300605;0.2500;1;1;0;0;0;0;
EBT;UF;3300704;51.0000;22;2;18;2;0;0;
EBT;UF;3300803;4.0000;2;0;2;0;0;0;
EBT;UF;3301009;7450.5898;85;20;41;9;4;11;
EBT;UF;3301108;5.5000;5;2;3;0;0;0;
EBT;UF;3301306;2.0000;1;0;1;0;0;0;
EBT;UF;3301702;4371.9844;154;19;85;20;7;23;
EBT;UF;3301850;2.0000;1;0;1;0;0;0;
EBT;UF;3301900;2723.7305;29;4;19;4;0;2;
EBT;UF;3302007;134.0000;31;3;22;3;3;0;
EBT;UF;3302205;38.9648;23;4;19;0;0;0;
EBT;UF;3302254;265.2500;26;1;15;5;4;1;
EBT;UF;3302270;2.5000;2;1;1;0;0;0;
EBT;UF;3302403;11576.0586;305;14;121;122;29;19;
EBT;UF;3302502;9.7500;7;2;5;0;0;0;
EBT;UF;3302601;10.5000;2;1;0;1;0;0;
EBT;UF;3302700;11.5000;7;1;6;0;0;0;
EBT;UF;3302858;74.0547;18;3;13;1;0;1;
EBT;UF;3303203;41.6797;30;7;23;0;0;0;
EBT;UF;3303302;4061.3008;348;27;256;36;19;10;
EBT;UF;3303401;27.5000;18;7;10;1;0;0;
EBT;UF;3303500;485.7500;90;10;61;17;0;2;
EBT;UF;3303609;3.2500;3;1;2;0;0;0;
EBT;UF;3303807;38.7500;9;2;4;3;0;0;
EBT;UF;3303906;895.2344;82;9;51;14;6;2;
EBT;UF;3304003;3.5000;3;1;2;0;0;0;
EBT;UF;3304110;1285.1250;45;7;14;13;1;10;
EBT;UF;3304144;26.7500;12;2;9;1;0;0;
EBT;UF;3304201;827.2500;67;4;36;14;9;4;
EBT;UF;3304300;11.2500;10;3;7;0;0;0;
EBT;UF;3304524;264.2500;50;7;24;17;2;0;
EBT;UF;3304557;631564.388;8330;464;4345;2234;513;774;
EBT;UF;3304706;1.0000;1;0;1;0;0;0;
EBT;UF;3304904;552.5195;125;23;81;18;0;3;
EBT;UF;3305000;82.2500;17;3;11;1;2;0;
EBT;UF;3305109;196.0625;58;8;42;7;0;1;
EBT;UF;3305208;26.7500;17;4;13;0;0;0;
EBT;UF;3305505;3.5000;3;1;2;0;0;0;
EBT;UF;3305554;506.0000;12;5;3;0;1;3;
EBT;UF;3305802;10093.3750;23;2;11;1;1;8;
EBT;UF;3306008;237.5000;26;1;14;9;1;1;
EBT;UF;3306107;5.0000;4;2;2;0;0;0;
EBT;UF;3306305;889.7500;50;6;24;8;7;5;
EBT;UF;3500105;155.0000;1;0;0;0;0;1;
EBT;UF;3500709;6.0000;1;0;0;1;0;0;
EBT;UF;3501004;0.2500;1;1;0;0;0;0;
EBT;UF;3501152;52.0000;2;0;1;0;0;1;
EBT;UF;3501608;3597.6797;158;21;93;18;5;21;
EBT;UF;3501707;310.0000;2;0;0;0;0;2;
EBT;UF;3502101;1819.0000;8;0;4;1;0;3;
EBT;UF;3502507;4.7148;4;1;3;0;0;0;
EBT;UF;3502804;541.7148;20;3;8;6;0;3;
EBT;UF;3503000;2.5000;2;1;1;0;0;0;
EBT;UF;3503208;4147.7500;101;14;44;13;5;25;
EBT;UF;3503307;50.1875;33;8;25;0;0;0;
EBT;UF;3503901;118.7500;15;4;10;0;0;1;
EBT;UF;3504008;984.6250;17;3;3;5;0;6;
EBT;UF;3504107;28.9648;14;3;10;1;0;0;
EBT;UF;3505302;6.0000;3;0;3;0;0;0;
EBT;UF;3505500;671.5156;14;0;4;5;0;5;
EBT;UF;3505708;43896.6328;634;51;225;153;67;138;
EBT;UF;3505906;1.2598;3;2;1;0;0;0;
EBT;UF;3506003;13519.2344;250;12;89;62;13;74;
EBT;UF;3506102;2053.3750;52;10;20;7;3;12;
EBT;UF;3506359;7.0000;9;6;3;0;0;0;
EBT;UF;3506508;235.0000;2;0;0;0;0;2;
EBT;UF;3507001;299.0000;9;0;3;4;0;2;
EBT;UF;3507506;1710.7891;47;0;27;8;2;10;
EBT;UF;3507605;1555.0625;33;10;6;5;3;9;
EBT;UF;3507803;2.2500;2;1;1;0;0;0;
EBT;UF;3508207;2.5000;2;1;1;0;0;0;
EBT;UF;3508405;16.5000;6;1;4;1;0;0;
EBT;UF;3508504;135.2500;7;1;5;0;0;1;
EBT;UF;3508603;1375.2500;7;1;1;0;2;3;
EBT;UF;3509007;1.0000;1;0;1;0;0;0;
EBT;UF;3509205;1493.6094;86;13;35;28;5;5;
EBT;UF;3509254;155.2500;2;1;0;0;0;1;
EBT;UF;3509403;1.2500;2;1;1;0;0;0;
EBT;UF;3509502;76814.5351;792;63;369;147;45;168;
EBT;UF;3509700;27.3750;15;6;8;1;0;0;
EBT;UF;3510005;0.7500;2;2;0;0;0;0;
EBT;UF;3510500;209.0000;5;0;1;2;1;1;
EBT;UF;3510609;1.4648;1;0;1;0;0;0;
EBT;UF;3511102;613.4648;23;0;9;10;1;3;
EBT;UF;3512803;8.0625;4;1;2;1;0;0;
EBT;UF;3513009;349.2070;47;11;25;7;2;2;
EBT;UF;3513504;953.1250;29;3;13;5;2;6;
EBT;UF;3513702;1.5625;6;6;0;0;0;0;
EBT;UF;3513801;4097.9297;312;42;196;47;4;23;
EBT;UF;3515186;4.2500;3;1;2;0;0;0;
EBT;UF;3516200;3122.0918;89;12;54;3;2;18;
EBT;UF;3516705;7.2500;5;1;4;0;0;0;
EBT;UF;3517406;1.2646;4;3;1;0;0;0;
EBT;UF;3517703;13.7686;10;3;7;0;0;0;
EBT;UF;3518305;155.0000;1;0;0;0;0;1;
EBT;UF;3518404;75.5625;45;5;40;0;0;0;
EBT;UF;3518701;1684.3789;95;15;61;12;3;4;
EBT;UF;3518800;2607.5469;526;89;348;69;9;11;
EBT;UF;3519071;13908.8750;78;4;19;7;10;38;
EBT;UF;3520103;0.5000;1;1;0;0;0;0;
EBT;UF;3520509;2584.5625;84;15;39;11;3;16;
EBT;UF;3521002;4.0000;2;0;2;0;0;0;
EBT;UF;3521309;4.7686;5;3;2;0;0;0;
EBT;UF;3522208;10.0000;1;0;0;1;0;0;
EBT;UF;3522307;610.0000;9;3;0;1;1;4;
EBT;UF;3522505;15.0000;4;0;2;2;0;0;
EBT;UF;3522604;1.5625;4;3;1;0;0;0;
EBT;UF;3523107;218.2500;25;11;7;5;1;1;
EBT;UF;3523909;3901.2031;95;8;42;18;8;19;
EBT;UF;3524006;0.1250;1;1;0;0;0;0;
EBT;UF;3524105;3.8750;5;3;2;0;0;0;
EBT;UF;3524303;229.2500;9;1;0;6;1;1;
EBT;UF;3524402;546.1172;118;15;86;15;0;2;
EBT;UF;3524709;963.5000;19;5;5;1;2;6;
EBT;UF;3525003;196.7500;13;2;6;4;0;1;
EBT;UF;3525102;3.7500;5;2;3;0;0;0;
EBT;UF;3525300;2708.0000;63;0;34;10;3;16;
EBT;UF;3525904;10818.4062;304;42;147;55;19;41;
EBT;UF;3526803;1648.0000;25;0;10;3;2;10;
EBT;UF;3526902;2514.4844;102;10;66;10;1;15;
EBT;UF;3527108;2473.0156;43;9;10;7;2;15;
EBT;UF;3527207;10.0000;5;0;5;0;0;0;
EBT;UF;3527306;424.2148;17;3;8;2;1;3;
EBT;UF;3528007;2048.0000;2;0;0;0;0;2;
EBT;UF;3528403;12.7500;8;2;6;0;0;0;
EBT;UF;3528502;4.7500;4;2;2;0;0;0;
EBT;UF;3529005;3677.6250;116;14;49;23;8;22;
EBT;UF;3529302;318.0000;3;0;0;1;0;2;
EBT;UF;3529401;2193.7773;156;27;94;21;2;12;
EBT;UF;3529708;3.7500;4;2;2;0;0;0;
EBT;UF;3530300;322.0000;4;0;1;1;0;2;
EBT;UF;3530508;4.0000;5;3;2;0;0;0;
EBT;UF;3530607;6156.6523;253;49;154;22;14;14;
EBT;UF;3530706;73.5000;40;6;33;1;0;0;
EBT;UF;3530805;355.0000;21;0;18;1;0;2;
EBT;UF;3531100;9.8750;8;3;5;0;0;0;
EBT;UF;3531902;3.2500;5;3;2;0;0;0;
EBT;UF;3532009;1.0000;1;0;1;0;0;0;
EBT;UF;3533403;19.0000;13;2;11;0;0;0;
EBT;UF;3534401;6984.2519;171;14;72;47;13;25;
EBT;UF;3534609;155.2500;2;1;0;0;0;1;
EBT;UF;3534708;1633.5000;31;1;9;8;2;11;
EBT;UF;3535507;10.0000;1;0;0;1;0;0;
EBT;UF;3536505;6.3125;5;2;3;0;0;0;
EBT;UF;3536703;35.0000;2;0;1;0;1;0;
EBT;UF;3537404;3.3125;6;5;1;0;0;0;
EBT;UF;3537602;2.0000;1;0;1;0;0;0;
EBT;UF;3538006;5287.1250;34;4;20;4;0;6;
EBT;UF;3538709;4568.6289;127;18;71;17;4;17;
EBT;UF;3539301;16.8125;11;3;8;0;0;0;
EBT;UF;3539806;1164.3555;44;0;3;3;32;6;
EBT;UF;3541000;42.4297;32;10;21;1;0;0;
EBT;UF;3541307;0.2500;1;1;0;0;0;0;
EBT;UF;3541406;3237.5781;99;7;48;18;7;19;
EBT;UF;3541505;16.0000;1;0;0;0;1;0;
EBT;UF;3542206;10.0000;1;0;0;1;0;0;
EBT;UF;3542404;2.0000;1;0;1;0;0;0;
EBT;UF;3543303;28.7500;14;4;9;1;0;0;
EBT;UF;3543402;16838.1484;457;28;210;117;13;89;
EBT;UF;3543907;2010.6367;105;12;67;12;2;12;
EBT;UF;3544004;157.2500;5;3;1;0;0;1;
EBT;UF;3544103;7.2500;5;1;4;0;0;0;
EBT;UF;3544202;2.0000;1;0;1;0;0;0;
EBT;UF;3545209;649.4648;14;0;7;3;0;4;
EBT;UF;3545803;297.1445;51;2;38;10;0;1;
EBT;UF;3546306;2.0000;1;0;1;0;0;0;
EBT;UF;3546405;21.0000;4;2;0;2;0;0;
EBT;UF;3547304;7973.1875;50;4;20;10;3;13;
EBT;UF;3547809;16455.7031;435;79;227;59;10;60;
EBT;UF;3548500;15236.1680;374;29;191;89;16;49;
EBT;UF;3548708;14718.9102;683;173;326;75;41;68;
EBT;UF;3548807;7575.4023;184;31;93;34;11;15;
EBT;UF;3548906;3740.8398;61;2;29;19;0;11;
EBT;UF;3549409;6.1250;8;5;3;0;0;0;
EBT;UF;3549706;10.3125;7;2;5;0;0;0;
EBT;UF;3549805;5518.0000;98;0;22;40;6;30;
EBT;UF;3549904;9104.5703;398;55;229;72;12;30;
EBT;UF;3550100;2.2500;4;3;1;0;0;0;
EBT;UF;3550308;488220.035;11952;1080;5435;3146;630;1661;
EBT;UF;3550605;6.3750;8;5;3;0;0;0;
EBT;UF;3550704;18.0000;4;0;2;2;0;0;
EBT;UF;3551009;3190.3398;101;25;55;13;0;8;
EBT;UF;3551702;497.0000;11;0;6;2;0;3;
EBT;UF;3552205;15233.2578;426;38;214;73;20;81;
EBT;UF;3552403;70.5000;16;2;11;1;2;0;
EBT;UF;3552502;110.1250;40;11;28;0;0;1;
EBT;UF;3552809;6423.7500;34;2;13;7;2;10;
EBT;UF;3554102;2598.6797;162;29;92;19;7;15;
EBT;UF;3554508;9.0000;4;0;3;1;0;0;
EBT;UF;3555000;2.0000;1;0;1;0;0;0;
EBT;UF;3555406;0.5000;1;1;0;0;0;0;
EBT;UF;3556206;704.7148;42;9;22;5;1;5;
EBT;UF;3556404;0.5000;1;1;0;0;0;0;
EBT;UF;3556503;0.2500;1;1;0;0;0;0;
EBT;UF;3556701;190.0000;4;0;2;0;1;1;
EBT;UF;3557006;1024.7500;49;8;30;5;0;6;
EBT;UF;3557105;26.1250;7;2;3;2;0;0;
EBT;UF;3557303;0.2500;1;1;0;0;0;0;
EBT;UF;4100202;0.2500;1;1;0;0;0;0;
EBT;UF;4100301;0.2500;1;1;0;0;0;0;
EBT;UF;4100400;26.2500;16;7;7;2;0;0;
EBT;UF;4100509;1.0000;1;0;1;0;0;0;
EBT;UF;4100608;1.0000;1;0;1;0;0;0;
EBT;UF;4100707;1.2500;2;1;1;0;0;0;
EBT;UF;4100806;1.2500;2;1;1;0;0;0;
EBT;UF;4100905;0.5000;2;2;0;0;0;0;
EBT;UF;4101002;0.5000;1;1;0;0;0;0;
EBT;UF;4101101;10.5000;7;1;6;0;0;0;
EBT;UF;4101408;145.1250;30;2;20;7;1;0;
EBT;UF;4101507;2111.5000;14;2;4;6;0;2;
EBT;UF;4101606;1.0000;1;0;1;0;0;0;
EBT;UF;4101705;1.0000;1;0;1;0;0;0;
EBT;UF;4101804;714.6875;118;35;62;14;5;2;
EBT;UF;4101903;1.0000;1;0;1;0;0;0;
EBT;UF;4102000;1.0000;1;0;1;0;0;0;
EBT;UF;4102109;1.0000;1;0;1;0;0;0;
EBT;UF;4102307;14.5000;9;1;8;0;0;0;
EBT;UF;4102406;23.1875;8;5;1;2;0;0;
EBT;UF;4102505;1.0000;1;0;1;0;0;0;
EBT;UF;4102802;5.2500;4;1;3;0;0;0;
EBT;UF;4102901;1.0000;1;0;1;0;0;0;
EBT;UF;4103057;0.2500;1;1;0;0;0;0;
EBT;UF;4103206;0.2500;1;1;0;0;0;0;
EBT;UF;4103354;0.2500;1;1;0;0;0;0;
EBT;UF;4103503;0.2500;1;1;0;0;0;0;
EBT;UF;4103602;2.0000;1;0;1;0;0;0;
EBT;UF;4103701;59.4375;48;18;28;2;0;0;
EBT;UF;4103800;0.5000;2;2;0;0;0;0;
EBT;UF;4104006;2.2500;3;1;2;0;0;0;
EBT;UF;4104105;0.2500;1;1;0;0;0;0;
EBT;UF;4104204;140.7500;27;3;15;8;0;1;
EBT;UF;4104253;4.2500;4;1;3;0;0;0;
EBT;UF;4104303;12.0000;7;0;7;0;0;0;
EBT;UF;4104428;9.2500;3;1;1;1;0;0;
EBT;UF;4104501;1.2500;2;1;1;0;0;0;
EBT;UF;4104659;1.4375;4;3;1;0;0;0;
EBT;UF;4104709;2.0000;1;0;1;0;0;0;
EBT;UF;4104808;2487.5625;148;41;78;24;3;2;
EBT;UF;4104907;21.4375;30;21;8;1;0;0;
EBT;UF;4105003;0.2500;1;1;0;0;0;0;
EBT;UF;4105102;1.0000;1;0;1;0;0;0;
EBT;UF;4105409;3.1250;3;1;2;0;0;0;
EBT;UF;4105508;81.6250;35;11;20;4;0;0;
EBT;UF;4105607;0.2500;1;1;0;0;0;0;
EBT;UF;4105706;1.0000;1;0;1;0;0;0;
EBT;UF;4105805;234.0625;49;17;27;3;1;1;
EBT;UF;4106001;0.2500;1;1;0;0;0;0;
EBT;UF;4106209;1.0000;1;0;1;0;0;0;
EBT;UF;4106308;1.0000;1;0;1;0;0;0;
EBT;UF;4106407;52.2500;7;1;3;2;1;0;
EBT;UF;4106506;1.5625;4;3;1;0;0;0;
EBT;UF;4106605;1.0000;1;0;1;0;0;0;
EBT;UF;4106704;0.2500;1;1;0;0;0;0;
EBT;UF;4106902;43873.8477;1834;317;872;409;138;98;
EBT;UF;4107009;2.0000;2;0;2;0;0;0;
EBT;UF;4107108;0.5000;2;2;0;0;0;0;
EBT;UF;4107207;6.2500;6;2;4;0;0;0;
EBT;UF;4107256;12.7500;3;2;0;1;0;0;
EBT;UF;4107306;0.5000;2;2;0;0;0;0;
EBT;UF;4107405;0.2500;1;1;0;0;0;0;
EBT;UF;4107538;1.0000;1;0;1;0;0;0;
EBT;UF;4107603;1.0000;1;0;1;0;0;0;
EBT;UF;4107652;351.4375;15;6;5;1;1;2;
EBT;UF;4107702;0.2500;1;1;0;0;0;0;
EBT;UF;4107736;6.0000;2;0;1;1;0;0;
EBT;UF;4107801;2.5000;3;2;1;0;0;0;
EBT;UF;4107900;2.2500;2;1;1;0;0;0;
EBT;UF;4108007;1.5000;3;2;1;0;0;0;
EBT;UF;4108106;0.2500;1;1;0;0;0;0;
EBT;UF;4108205;1.2500;2;1;1;0;0;0;
EBT;UF;4108304;380.5000;144;54;80;8;1;1;
EBT;UF;4108320;0.2500;1;1;0;0;0;0;
EBT;UF;4108403;56.5625;20;7;12;0;1;0;
EBT;UF;4108452;0.0625;1;1;0;0;0;0;
EBT;UF;4108502;2.0000;1;0;1;0;0;0;
EBT;UF;4108551;0.2500;1;1;0;0;0;0;
EBT;UF;4108601;6.3125;9;5;4;0;0;0;
EBT;UF;4108700;1.0000;1;0;1;0;0;0;
EBT;UF;4108809;18.5000;11;1;10;0;0;0;
EBT;UF;4109302;1.0000;1;0;1;0;0;0;
EBT;UF;4109401;48.0000;24;6;15;3;0;0;
EBT;UF;4109500;2.5000;3;2;1;0;0;0;
EBT;UF;4109609;9.0000;5;0;5;0;0;0;
EBT;UF;4109708;1.0000;1;0;1;0;0;0;
EBT;UF;4109807;15.8750;23;13;10;0;0;0;
EBT;UF;4110201;0.2500;1;1;0;0;0;0;
EBT;UF;4110607;1.0000;1;0;1;0;0;0;
EBT;UF;4110706;10.8125;25;22;3;0;0;0;
EBT;UF;4110904;0.2500;1;1;0;0;0;0;
EBT;UF;4110953;1.0000;1;0;1;0;0;0;
EBT;UF;4111407;0.2500;1;1;0;0;0;0;
EBT;UF;4111506;3.2500;3;1;2;0;0;0;
EBT;UF;4111803;11.0000;10;5;5;0;0;0;
EBT;UF;4112009;17.2500;3;1;1;0;1;0;
EBT;UF;4112108;2.3750;4;3;1;0;0;0;
EBT;UF;4112504;1.0000;1;0;1;0;0;0;
EBT;UF;4112702;1.2500;2;1;1;0;0;0;
EBT;UF;4112801;1.0000;1;0;1;0;0;0;
EBT;UF;4113205;1.0625;2;1;1;0;0;0;
EBT;UF;4113304;2.7500;4;2;2;0;0;0;
EBT;UF;4113502;1.0000;1;0;1;0;0;0;
EBT;UF;4113601;14.0000;4;0;3;1;0;0;
EBT;UF;4113700;8746.7852;319;83;132;70;17;17;
EBT;UF;4113734;0.2500;1;1;0;0;0;0;
EBT;UF;4113809;1.0000;1;0;1;0;0;0;
EBT;UF;4114005;1.0000;1;0;1;0;0;0;
EBT;UF;4114104;6.2500;6;3;3;0;0;0;
EBT;UF;4114203;43.5000;11;4;5;1;1;0;
EBT;UF;4114302;0.2500;1;1;0;0;0;0;
EBT;UF;4114351;0.2500;1;1;0;0;0;0;
EBT;UF;4114401;2.2500;3;1;2;0;0;0;
EBT;UF;4114500;1.2500;2;1;1;0;0;0;
EBT;UF;4114609;0.5000;1;1;0;0;0;0;
EBT;UF;4114807;11.7500;7;2;4;1;0;0;
EBT;UF;4114906;1.0000;1;0;1;0;0;0;
EBT;UF;4115101;0.2500;1;1;0;0;0;0;
EBT;UF;4115200;2521.4609;304;73;152;70;4;5;
EBT;UF;4115309;0.2500;1;1;0;0;0;0;
EBT;UF;4115358;1.0000;1;0;1;0;0;0;
EBT;UF;4115606;3.2500;3;1;2;0;0;0;
EBT;UF;4115705;5.0000;3;0;3;0;0;0;
EBT;UF;4115804;1.2500;2;1;1;0;0;0;
EBT;UF;4116208;1.0000;1;0;1;0;0;0;
EBT;UF;4116703;1.0000;1;0;1;0;0;0;
EBT;UF;4116901;2.3750;5;4;1;0;0;0;
EBT;UF;4117008;0.2500;1;1;0;0;0;0;
EBT;UF;4117107;1.0000;1;0;1;0;0;0;
EBT;UF;4117206;0.2500;1;1;0;0;0;0;
EBT;UF;4117271;0.2500;1;1;0;0;0;0;
EBT;UF;4117503;9.3750;7;2;5;0;0;0;
EBT;UF;4117602;4.5000;4;1;3;0;0;0;
EBT;UF;4117701;1.0000;1;0;1;0;0;0;
EBT;UF;4117909;7.2500;5;1;4;0;0;0;
EBT;UF;4118204;447.2500;107;19;70;16;1;1;
EBT;UF;4118402;86.6875;46;18;27;0;1;0;
EBT;UF;4118451;1.2500;2;1;1;0;0;0;
EBT;UF;4118501;72.5625;32;8;22;1;1;0;
EBT;UF;4118600;0.2500;1;1;0;0;0;0;
EBT;UF;4118709;0.2500;1;1;0;0;0;0;
EBT;UF;4118907;1.0000;1;0;1;0;0;0;
EBT;UF;4119152;275.2500;59;3;39;13;4;0;
EBT;UF;4119202;0.2500;1;1;0;0;0;0;
EBT;UF;4119301;3.5625;5;3;2;0;0;0;
EBT;UF;4119400;2.0000;1;0;1;0;0;0;
EBT;UF;4119509;12.5625;11;4;7;0;0;0;
EBT;UF;4119608;1.0000;1;0;1;0;0;0;
EBT;UF;4119707;0.2500;1;1;0;0;0;0;
EBT;UF;4119806;1.0000;1;0;1;0;0;0;
EBT;UF;4119905;520.1250;139;42;73;19;4;1;
EBT;UF;4119954;26.7500;9;2;6;0;1;0;
EBT;UF;4120002;1.0000;1;0;1;0;0;0;
EBT;UF;4120101;0.5000;2;2;0;0;0;0;
EBT;UF;4120309;0.2500;1;1;0;0;0;0;
EBT;UF;4120606;3.2500;3;1;2;0;0;0;
EBT;UF;4120705;0.5000;2;2;0;0;0;0;
EBT;UF;4120804;413.2500;25;6;11;4;2;2;
EBT;UF;4120853;1.0000;1;0;1;0;0;0;
EBT;UF;4120903;1.0000;1;0;1;0;0;0;
EBT;UF;4121307;0.2500;1;1;0;0;0;0;
EBT;UF;4121406;1.2500;2;1;1;0;0;0;
EBT;UF;4121505;1.0000;1;0;1;0;0;0;
EBT;UF;4121604;0.2500;1;1;0;0;0;0;
EBT;UF;4121703;1.0000;1;0;1;0;0;0;
EBT;UF;4121901;1.0000;1;0;1;0;0;0;
EBT;UF;4122008;1.0000;1;0;1;0;0;0;
EBT;UF;4122206;1.7500;3;2;1;0;0;0;
EBT;UF;4122305;28.2500;18;10;5;3;0;0;
EBT;UF;4122404;57.5000;23;2;19;2;0;0;
EBT;UF;4122701;0.2500;1;1;0;0;0;0;
EBT;UF;4122800;0.2500;1;1;0;0;0;0;
EBT;UF;4123204;1.0000;1;0;1;0;0;0;
EBT;UF;4123402;1.0000;1;0;1;0;0;0;
EBT;UF;4123501;2.0000;2;0;2;0;0;0;
EBT;UF;4123709;1.0000;1;0;1;0;0;0;
EBT;UF;4123808;1.0000;1;0;1;0;0;0;
EBT;UF;4123907;1.2500;2;1;1;0;0;0;
EBT;UF;4124020;1.0000;1;0;1;0;0;0;
EBT;UF;4124053;1.0625;2;1;1;0;0;0;
EBT;UF;4124103;7.0625;5;1;4;0;0;0;
EBT;UF;4124301;0.2500;1;1;0;0;0;0;
EBT;UF;4124400;1.0000;1;0;1;0;0;0;
EBT;UF;4124509;2.2500;3;1;2;0;0;0;
EBT;UF;4124608;0.2500;1;1;0;0;0;0;
EBT;UF;4124707;1.2500;2;1;1;0;0;0;
EBT;UF;4124905;0.2500;1;1;0;0;0;0;
EBT;UF;4125001;2.0000;2;0;2;0;0;0;
EBT;UF;4125357;0.2500;1;1;0;0;0;0;
EBT;UF;4125456;0.2500;1;1;0;0;0;0;
EBT;UF;4125506;23402.3672;307;62;179;47;7;12;
EBT;UF;4125605;1.5000;2;1;1;0;0;0;
EBT;UF;4125704;19.0000;4;2;1;0;1;0;
EBT;UF;4126009;0.5000;2;2;0;0;0;0;
EBT;UF;4126207;0.2500;1;1;0;0;0;0;
EBT;UF;4126256;18.2500;21;11;10;0;0;0;
EBT;UF;4126306;1.0000;1;0;1;0;0;0;
EBT;UF;4126504;3.0000;2;0;2;0;0;0;
EBT;UF;4126603;1.0000;1;0;1;0;0;0;
EBT;UF;4126678;1.2500;2;1;1;0;0;0;
EBT;UF;4126801;1.0000;1;0;1;0;0;0;
EBT;UF;4126900;0.2500;1;1;0;0;0;0;
EBT;UF;4127007;1.5000;3;2;1;0;0;0;
EBT;UF;4127106;27.5000;8;1;6;0;1;0;
EBT;UF;4127403;1.0000;1;0;1;0;0;0;
EBT;UF;4127502;1.0000;1;0;1;0;0;0;
EBT;UF;4127700;192.6250;33;10;14;8;0;1;
EBT;UF;4127809;1.2500;2;1;1;0;0;0;
EBT;UF;4128104;200.1250;40;6;20;12;1;1;
EBT;UF;4128203;17.0000;9;0;9;0;0;0;
EBT;UF;4128401;1.0000;1;0;1;0;0;0;
EBT;UF;4128500;2.0000;2;0;2;0;0;0;
EBT;UF;4128708;2.5000;3;2;1;0;0;0;
EBT;UF;4128807;0.2500;1;1;0;0;0;0;
EBT;UF;4200101;3.3750;4;2;2;0;0;0;
EBT;UF;4201307;205.5625;33;3;15;12;3;0;
EBT;UF;4201703;0.2500;1;1;0;0;0;0;
EBT;UF;4202008;272.2500;41;3;19;17;1;1;
EBT;UF;4202073;1.0000;1;0;1;0;0;0;
EBT;UF;4202305;130.4375;55;25;23;5;2;0;
EBT;UF;4202404;3375.4375;271;51;119;72;18;11;
EBT;UF;4202602;5.3750;4;2;1;1;0;0;
EBT;UF;4202909;780.1250;71;8;32;23;3;5;
EBT;UF;4203006;163.8750;17;5;6;4;1;1;
EBT;UF;4203204;33.1250;22;8;12;2;0;0;
EBT;UF;4203600;2.0000;1;0;1;0;0;0;
EBT;UF;4203956;20.7500;7;2;3;2;0;0;
EBT;UF;4204202;643.8125;85;23;40;15;4;3;
EBT;UF;4204251;87.0000;13;3;7;1;2;0;
EBT;UF;4204301;633.5000;16;1;2;7;2;4;
EBT;UF;4204350;0.6875;4;4;0;0;0;0;
EBT;UF;4204509;5.6250;6;3;3;0;0;0;
EBT;UF;4204558;17.1250;6;3;1;2;0;0;
EBT;UF;4204608;407.6875;66;16;25;22;2;1;
EBT;UF;4204806;30.0000;3;0;0;3;0;0;
EBT;UF;4205191;10.0000;1;0;0;1;0;0;
EBT;UF;4205407;8827.4648;382;54;129;138;34;27;
EBT;UF;4205506;9.0000;15;9;6;0;0;0;
EBT;UF;4205704;20.6250;14;6;7;1;0;0;
EBT;UF;4205803;9.0000;3;0;1;2;0;0;
EBT;UF;4205902;106.8750;30;12;10;6;2;0;
EBT;UF;4206504;204.7500;31;7;17;5;1;1;
EBT;UF;4206702;4.6250;6;4;2;0;0;0;
EBT;UF;4207007;42.3125;13;4;6;3;0;0;
EBT;UF;4207106;1.2500;2;1;1;0;0;0;
EBT;UF;4207304;4.0000;2;0;2;0;0;0;
EBT;UF;4207502;276.5625;40;2;21;16;0;1;
EBT;UF;4208203;2236.9141;301;24;156;101;13;7;
EBT;UF;4208807;1.2500;2;1;1;0;0;0;
EBT;UF;4208906;530.0664;78;11;45;18;3;1;
EBT;UF;4209003;197.5000;24;1;12;7;4;0;
EBT;UF;4209102;2795.0508;415;76;192;123;16;8;
EBT;UF;4209300;219.2500;53;14;19;20;0;0;
EBT;UF;4209409;1.0000;1;0;1;0;0;0;
EBT;UF;4209706;1.2500;2;1;1;0;0;0;
EBT;UF;4210035;5.2500;5;1;4;0;0;0;
EBT;UF;4210100;18.9375;23;15;8;0;0;0;
EBT;UF;4210209;3.2500;3;1;2;0;0;0;
EBT;UF;4210605;15.5625;7;3;3;1;0;0;
EBT;UF;4211306;293.8125;58;6;25;23;4;0;
EBT;UF;4211454;1.0000;1;0;1;0;0;0;
EBT;UF;4211603;8.2500;7;1;6;0;0;0;
EBT;UF;4211702;2.2500;4;3;1;0;0;0;
EBT;UF;4211900;650.0625;91;15;48;23;4;1;
EBT;UF;4213005;0.3125;3;3;0;0;0;0;
EBT;UF;4213203;43.5000;9;2;3;3;1;0;
EBT;UF;4214706;2.2500;2;1;1;0;0;0;
EBT;UF;4214805;356.2500;71;15;30;24;2;0;
EBT;UF;4215000;42.0000;5;0;3;0;2;0;
EBT;UF;4215109;104.7500;5;2;2;0;0;1;
EBT;UF;4215455;1.0000;1;0;1;0;0;0;
EBT;UF;4215802;315.0781;101;34;49;16;2;0;
EBT;UF;4215901;0.5000;1;1;0;0;0;0;
EBT;UF;4216107;3.5000;4;2;2;0;0;0;
EBT;UF;4216206;384.4375;36;7;9;14;4;2;
EBT;UF;4216255;1.0000;1;0;1;0;0;0;
EBT;UF;4216602;686.7500;103;14;40;43;5;1;
EBT;UF;4216909;47.7500;9;3;3;2;1;0;
EBT;UF;4217006;4.5000;3;1;2;0;0;0;
EBT;UF;4217402;229.5000;9;2;3;1;1;2;
EBT;UF;4217709;618.0000;7;0;1;1;0;5;
EBT;UF;4218202;156.5000;19;1;12;5;0;1;
EBT;UF;4218707;289.5000;18;1;8;7;1;1;
EBT;UF;4218806;14.0000;3;0;2;1;0;0;
EBT;UF;4219309;49.2500;26;12;11;2;1;0;
EBT;UF;4219507;35.7500;18;7;10;0;1;0;
EBT;UF;4219705;172.6250;13;4;5;1;2;1;
EBT;UF;4300406;67.8125;38;23;5;10;0;0;
EBT;UF;4300604;149.0000;34;11;12;9;2;0;
EBT;UF;4301008;14.0000;6;2;3;1;0;0;
EBT;UF;4301206;1.0000;1;0;1;0;0;0;
EBT;UF;4301552;1.2500;2;1;1;0;0;0;
EBT;UF;4301602;685.1250;43;9;10;15;6;3;
EBT;UF;4302105;1226.7500;141;10;56;62;10;3;
EBT;UF;4302204;1.0000;1;0;1;0;0;0;
EBT;UF;4302352;6.5000;4;1;2;1;0;0;
EBT;UF;4302709;2.2500;3;1;2;0;0;0;
EBT;UF;4302808;1.0000;1;0;1;0;0;0;
EBT;UF;4302907;0.6250;2;2;0;0;0;0;
EBT;UF;4303004;24.9375;24;13;10;1;0;0;
EBT;UF;4303103;511.0000;76;8;25;37;6;0;
EBT;UF;4303509;325.5000;30;5;10;11;3;1;
EBT;UF;4303806;2.5000;4;2;2;0;0;0;
EBT;UF;4303905;1150.0000;81;17;31;22;5;6;
EBT;UF;4304408;45.2500;18;10;5;2;1;0;
EBT;UF;4304507;4.5000;4;1;3;0;0;0;
EBT;UF;4304606;1370.3750;171;42;56;57;11;5;
EBT;UF;4304630;10612.5625;13;4;2;4;1;2;
EBT;UF;4304663;5.2500;6;3;3;0;0;0;
EBT;UF;4304705;58.5625;30;15;9;6;0;0;
EBT;UF;4304804;112.1875;14;5;4;2;3;0;
EBT;UF;4304903;3.7500;6;3;3;0;0;0;
EBT;UF;4305108;4324.0625;480;76;210;165;22;7;
EBT;UF;4305207;2.0000;2;0;2;0;0;0;
EBT;UF;4305439;1.0000;1;0;1;0;0;0;
EBT;UF;4305801;0.2500;1;1;0;0;0;0;
EBT;UF;4305975;2.0000;1;0;1;0;0;0;
EBT;UF;4306056;1.0000;1;0;1;0;0;0;
EBT;UF;4306106;1237.4375;51;22;21;5;1;2;
EBT;UF;4306205;2.5625;4;2;2;0;0;0;
EBT;UF;4306403;0.5000;2;2;0;0;0;0;
EBT;UF;4306601;6.0000;1;0;0;1;0;0;
EBT;UF;4306767;590.0000;40;2;14;17;4;3;
EBT;UF;4307005;10929.8125;54;3;22;20;7;2;
EBT;UF;4307559;118.5000;4;1;1;0;1;1;
EBT;UF;4307609;43.7500;17;5;7;5;0;0;
EBT;UF;4307708;96.3750;47;21;18;8;0;0;
EBT;UF;4307807;26.7500;12;6;4;2;0;0;
EBT;UF;4307906;955.6133;70;3;23;33;10;1;
EBT;UF;4308102;3.0000;3;0;3;0;0;0;
EBT;UF;4308508;4.7500;7;3;4;0;0;0;
EBT;UF;4308607;231.6875;55;10;28;15;2;0;
EBT;UF;4308904;17.5000;8;4;2;2;0;0;
EBT;UF;4309001;2.6875;6;4;2;0;0;0;
EBT;UF;4309050;8.6250;3;2;0;1;0;0;
EBT;UF;4309100;91.2500;28;11;12;4;1;0;
EBT;UF;4309209;444.2500;123;37;42;41;3;0;
EBT;UF;4309308;194.6875;32;14;8;6;4;0;
EBT;UF;4309407;5.0000;6;3;3;0;0;0;
EBT;UF;4309605;5.8750;11;7;4;0;0;0;
EBT;UF;4310108;18.7500;18;10;5;3;0;0;
EBT;UF;4310207;92.0625;15;3;4;7;1;0;
EBT;UF;4310330;2.1250;5;4;1;0;0;0;
EBT;UF;4310603;2.0000;1;0;1;0;0;0;
EBT;UF;4310801;15.1250;12;8;3;1;0;0;
EBT;UF;4311007;8.9375;8;4;3;1;0;0;
EBT;UF;4311205;2.7500;4;2;2;0;0;0;
EBT;UF;4311403;1109.0625;31;8;15;7;0;1;
EBT;UF;4311809;85.0625;15;8;4;1;2;0;
EBT;UF;4312401;43.5625;26;16;5;5;0;0;
EBT;UF;4312500;1.0000;1;0;1;0;0;0;
EBT;UF;4312658;10.0000;1;0;0;1;0;0;
EBT;UF;4312906;6.2500;4;1;2;1;0;0;
EBT;UF;4313060;2.5000;2;1;1;0;0;0;
EBT;UF;4313201;57.6875;13;6;1;5;1;0;
EBT;UF;4313300;22.5625;15;6;8;1;0;0;
EBT;UF;4313409;738.6250;143;23;58;54;8;0;
EBT;UF;4313508;48.8750;26;14;8;4;0;0;
EBT;UF;4313656;0.5000;1;1;0;0;0;0;
EBT;UF;4313706;7.5625;10;5;5;0;0;0;
EBT;UF;4313904;78.8125;31;17;10;3;1;0;
EBT;UF;4314050;15.4375;20;13;7;0;0;0;
EBT;UF;4314100;1111.6250;106;19;43;30;11;3;
EBT;UF;4314308;0.2500;1;1;0;0;0;0;
EBT;UF;4314407;2297.9375;91;20;39;21;6;5;
EBT;UF;4314506;4.0000;1;0;0;1;0;0;
EBT;UF;4314803;11.2500;7;4;2;1;0;0;
EBT;UF;4314902;47669.7695;1106;110;317;460;132;87;
EBT;UF;4315206;2.0000;2;0;2;0;0;0;
EBT;UF;4315305;1.0000;1;0;1;0;0;0;
EBT;UF;4315503;0.5000;1;1;0;0;0;0;
EBT;UF;4315602;765.2500;101;31;31;29;5;5;
EBT;UF;4315701;3.3750;6;4;2;0;0;0;
EBT;UF;4315800;2.0000;2;0;2;0;0;0;
EBT;UF;4316402;169.2500;12;6;4;1;0;1;
EBT;UF;4316501;0.3125;2;2;0;0;0;0;
EBT;UF;4316808;2724.0625;52;10;12;21;3;6;
EBT;UF;4316907;1812.6250;131;56;44;25;2;4;
EBT;UF;4317103;128.5625;16;3;6;5;1;1;
EBT;UF;4317202;5.0000;4;0;4;0;0;0;
EBT;UF;4317301;2.0000;1;0;1;0;0;0;
EBT;UF;4317400;14.4375;11;6;4;1;0;0;
EBT;UF;4317509;440.0000;9;0;2;5;0;2;
EBT;UF;4317608;13.7500;10;6;3;1;0;0;
EBT;UF;4317905;1.5000;2;1;1;0;0;0;
EBT;UF;4318002;2.0000;1;0;1;0;0;0;
EBT;UF;4318101;1.5000;3;2;1;0;0;0;
EBT;UF;4318200;1.7500;3;2;1;0;0;0;
EBT;UF;4318309;4.5000;4;1;3;0;0;0;
EBT;UF;4318507;0.2500;1;1;0;0;0;0;
EBT;UF;4318705;1266.5625;103;29;32;35;4;3;
EBT;UF;4318804;102.4375;6;3;2;0;0;1;
EBT;UF;4319406;3.0000;5;3;2;0;0;0;
EBT;UF;4319505;23.5625;11;5;3;3;0;0;
EBT;UF;4319802;1.5000;3;2;1;0;0;0;
EBT;UF;4319901;108.0000;19;0;10;8;1;0;
EBT;UF;4320008;147.4375;45;18;14;12;1;0;
EBT;UF;4320107;128.3750;11;6;2;1;1;1;
EBT;UF;4320206;0.2500;1;1;0;0;0;0;
EBT;UF;4320404;4.5625;5;2;3;0;0;0;
EBT;UF;4320701;1.0000;1;0;1;0;0;0;
EBT;UF;4320800;2.0000;2;0;2;0;0;0;
EBT;UF;4320909;1.0000;1;0;1;0;0;0;
EBT;UF;4321204;223.5000;20;8;9;1;0;2;
EBT;UF;4321451;826.9375;22;12;3;1;2;4;
EBT;UF;4321501;21.8750;23;17;4;2;0;0;
EBT;UF;4321600;32.4375;23;16;4;3;0;0;
EBT;UF;4321709;2.7500;4;2;2;0;0;0;
EBT;UF;4321808;1.0000;1;0;1;0;0;0;
EBT;UF;4322004;34.0000;2;0;1;0;1;0;
EBT;UF;4322400;10629.1250;35;6;12;11;3;3;
EBT;UF;4322509;282.5859;37;3;16;17;0;1;
EBT;UF;4322608;63.7500;19;6;7;6;0;0;
EBT;UF;4322806;1.0000;1;0;1;0;0;0;
EBT;UF;4323002;102.3750;24;11;7;3;3;0;
EBT;UF;4323408;1.2500;2;1;1;0;0;0;
EBT;UF;4323804;3.3750;11;10;1;0;0;0;
EBT;UF;5000203;86.0000;12;0;3;8;1;0;
EBT;UF;5001003;1.0000;1;0;1;0;0;0;
EBT;UF;5002407;1.0000;1;0;1;0;0;0;
EBT;UF;5002704;6958.0625;549;101;210;179;33;26;
EBT;UF;5002902;0.5000;1;1;0;0;0;0;
EBT;UF;5002951;2.0625;2;1;1;0;0;0;
EBT;UF;5003207;37.0000;14;0;10;4;0;0;
EBT;UF;5003306;2.0000;1;0;1;0;0;0;
EBT;UF;5003702;1150.3125;58;8;22;22;2;4;
EBT;UF;5003751;1.0000;1;0;1;0;0;0;
EBT;UF;5004502;5.2500;5;3;2;0;0;0;
EBT;UF;5005202;4.0000;2;0;2;0;0;0;
EBT;UF;5005400;224.5000;12;1;3;4;2;2;
EBT;UF;5005608;2.0000;1;0;1;0;0;0;
EBT;UF;5005707;4.0000;2;0;2;0;0;0;
EBT;UF;5006002;2.5000;3;1;2;0;0;0;
EBT;UF;5006309;6.0000;3;0;3;0;0;0;
EBT;UF;5006606;8.0000;5;0;5;0;0;0;
EBT;UF;5007109;47.0000;7;0;1;5;1;0;
EBT;UF;5007208;3.0000;2;0;2;0;0;0;
EBT;UF;5007695;1.0000;2;2;0;0;0;0;
EBT;UF;5007703;1.0000;1;0;1;0;0;0;
EBT;UF;5007901;268.5000;14;1;5;2;5;1;
EBT;UF;5008008;2.0000;1;0;1;0;0;0;
EBT;UF;5008305;542.0000;60;0;24;30;5;1;
EBT;UF;5100201;7.0000;4;0;4;0;0;0;
EBT;UF;5100250;12.5000;7;1;6;0;0;0;
EBT;UF;5100300;0.5000;1;1;0;0;0;0;
EBT;UF;5100805;1.0000;1;0;1;0;0;0;
EBT;UF;5101803;8.0000;6;2;4;0;0;0;
EBT;UF;5102504;178.0000;60;12;37;10;1;0;
EBT;UF;5102678;1.0000;1;0;1;0;0;0;
EBT;UF;5103056;1.0000;1;0;1;0;0;0;
EBT;UF;5103403;29155.3125;1024;146;550;187;91;50;
EBT;UF;5103502;5.5000;4;1;3;0;0;0;
EBT;UF;5104104;0.5000;1;1;0;0;0;0;
EBT;UF;5105002;92.2500;10;1;3;3;3;0;
EBT;UF;5105150;2.0000;1;0;1;0;0;0;
EBT;UF;5105259;2087.6250;190;40;90;38;11;11;
EBT;UF;5105622;111.5000;21;3;14;2;2;0;
EBT;UF;5105903;0.5000;1;1;0;0;0;0;
EBT;UF;5106224;783.6875;116;17;65;24;7;3;
EBT;UF;5106752;369.3750;58;21;26;5;4;2;
EBT;UF;5107040;4.5625;4;2;2;0;0;0;
EBT;UF;5107065;0.5000;1;1;0;0;0;0;
EBT;UF;5107180;0.5000;1;1;0;0;0;0;
EBT;UF;5107198;0.5625;2;2;0;0;0;0;
EBT;UF;5107602;2130.5000;262;25;156;56;14;11;
EBT;UF;5107800;1.0000;1;0;1;0;0;0;
EBT;UF;5107859;1.2500;2;1;1;0;0;0;
EBT;UF;5107909;7689.6250;255;22;162;47;7;17;
EBT;UF;5107925;1260.2500;169;21;91;45;4;8;
EBT;UF;5107958;4.8750;7;5;2;0;0;0;
EBT;UF;5108402;940.1875;175;25;85;58;6;1;
EBT;UF;5108600;0.2500;1;1;0;0;0;0;
EBT;UF;5200050;2.0000;1;0;1;0;0;0;
EBT;UF;5200258;33.7500;20;4;13;3;0;0;
EBT;UF;5200308;9.0000;11;6;5;0;0;0;
EBT;UF;5200605;0.2500;1;1;0;0;0;0;
EBT;UF;5200803;1.2500;2;1;1;0;0;0;
EBT;UF;5201108;2545.1250;257;27;91;119;13;7;
EBT;UF;5201405;543.5625;218;42;141;35;0;0;
EBT;UF;5202502;1.0000;1;0;1;0;0;0;
EBT;UF;5202601;0.2500;1;1;0;0;0;0;
EBT;UF;5203203;1.0000;1;0;1;0;0;0;
EBT;UF;5204003;0.2500;1;1;0;0;0;0;
EBT;UF;5204508;27.0000;7;2;3;2;0;0;
EBT;UF;5204706;6.0000;6;3;3;0;0;0;
EBT;UF;5204805;0.2500;1;1;0;0;0;0;
EBT;UF;5205109;369.8750;46;5;23;10;6;2;
EBT;UF;5205406;2.0625;2;1;1;0;0;0;
EBT;UF;5205455;0.2500;1;1;0;0;0;0;
EBT;UF;5205497;4.5000;3;1;2;0;0;0;
EBT;UF;5205513;0.7500;2;2;0;0;0;0;
EBT;UF;5205802;0.2500;1;1;0;0;0;0;
EBT;UF;5205901;1.0000;1;0;1;0;0;0;
EBT;UF;5206206;152.8125;19;3;6;7;3;0;
EBT;UF;5206800;0.2500;1;1;0;0;0;0;
EBT;UF;5207808;0.2500;1;1;0;0;0;0;
EBT;UF;5208004;7.0000;4;0;4;0;0;0;
EBT;UF;5208103;0.2500;1;1;0;0;0;0;
EBT;UF;5208608;0.0625;1;1;0;0;0;0;
EBT;UF;5208707;9908.1875;887;116;535;167;39;30;
EBT;UF;5208806;6.0000;2;0;1;1;0;0;
EBT;UF;5209101;0.7500;2;2;0;0;0;0;
EBT;UF;5209705;2.0000;1;0;1;0;0;0;
EBT;UF;5209804;0.2500;1;1;0;0;0;0;
EBT;UF;5209937;2.0000;1;0;1;0;0;0;
EBT;UF;5210000;8.0000;4;0;4;0;0;0;
EBT;UF;5210802;0.2500;1;1;0;0;0;0;
EBT;UF;5210901;1.0000;1;0;1;0;0;0;
EBT;UF;5211206;0.5000;1;1;0;0;0;0;
EBT;UF;5211503;128.7500;36;2;26;6;2;0;
EBT;UF;5211909;131.5000;17;1;14;1;0;1;
EBT;UF;5212105;0.2500;1;1;0;0;0;0;
EBT;UF;5212303;0.2500;1;1;0;0;0;0;
EBT;UF;5212501;101.3984;52;16;28;8;0;0;
EBT;UF;5213004;0.2500;1;1;0;0;0;0;
EBT;UF;5213103;0.5000;1;1;0;0;0;0;
EBT;UF;5213509;0.2500;1;1;0;0;0;0;
EBT;UF;5213756;0.2500;1;1;0;0;0;0;
EBT;UF;5213806;13.6250;15;8;7;0;0;0;
EBT;UF;5213905;0.2500;1;1;0;0;0;0;
EBT;UF;5214002;0.2500;1;1;0;0;0;0;
EBT;UF;5214408;1.0000;1;0;1;0;0;0;
EBT;UF;5214838;1.0000;1;0;1;0;0;0;
EBT;UF;5215231;11.5625;12;6;6;0;0;0;
EBT;UF;5215306;1.2500;2;1;1;0;0;0;
EBT;UF;5215504;0.2500;1;1;0;0;0;0;
EBT;UF;5216304;0.2500;1;1;0;0;0;0;
EBT;UF;5216809;1.0000;1;0;1;0;0;0;
EBT;UF;5217203;0.2500;1;1;0;0;0;0;
EBT;UF;5217401;1.0000;1;0;1;0;0;0;
EBT;UF;5217609;3.5000;3;1;2;0;0;0;
EBT;UF;5218003;92.5000;7;1;1;1;4;0;
EBT;UF;5218789;0.2500;1;1;0;0;0;0;
EBT;UF;5218805;509.9375;93;11;49;27;5;1;
EBT;UF;5219100;0.2500;1;1;0;0;0;0;
EBT;UF;5219605;2.0000;1;0;1;0;0;0;
EBT;UF;5219753;9.0000;5;0;5;0;0;0;
EBT;UF;5219902;0.2500;1;1;0;0;0;0;
EBT;UF;5220108;0.5000;1;1;0;0;0;0;
EBT;UF;5220454;40.0000;18;2;15;1;0;0;
EBT;UF;5221403;124.3125;20;6;7;5;1;1;
EBT;UF;5221601;12.5625;11;7;2;2;0;0;
EBT;UF;5221700;0.2500;1;1;0;0;0;0;
EBT;UF;5221809;0.2500;1;1;0;0;0;0;
EBT;UF;5221858;61.3750;35;12;18;5;0;0;
EBT;UF;5300108;292923.178;3751;511;1533;1084;283;340;
TLB;UF;3106200;0.2500;1;1;0;0;0;0;
09;1196;
