01;CLA;IPL4;201306;
EBT;UF;1100023;233.0625;35;3;25;2;5;0;
EBT;UF;1100049;354.0625;77;15;47;12;2;1;
EBT;UF;1100106;4.0000;2;0;2;0;0;0;
EBT;UF;1100114;16.0000;8;0;8;0;0;0;
EBT;UF;1100122;835.1875;105;13;73;10;6;3;
EBT;UF;1100155;40.0000;7;0;5;1;1;0;
EBT;UF;1100189;129.8125;44;8;30;5;1;0;
EBT;UF;1100205;9270.7500;482;81;320;46;13;22;
EBT;UF;1100296;1.0000;1;0;1;0;0;0;
EBT;UF;1100304;494.1875;101;14;75;6;5;1;
EBT;UF;1100924;2.0000;1;0;1;0;0;0;
EBT;UF;1200138;3.0000;2;0;2;0;0;0;
EBT;UF;1200252;0.5625;4;4;0;0;0;0;
EBT;UF;1200401;4491.6875;242;39;157;30;6;10;
EBT;UF;1200450;4.0000;2;0;2;0;0;0;
EBT;UF;1301100;1.0000;1;0;1;0;0;0;
EBT;UF;1301704;0.2500;1;1;0;0;0;0;
EBT;UF;1302603;7248.0000;606;82;419;55;31;19;
EBT;UF;1303403;2.2500;2;1;1;0;0;0;
EBT;UF;1400100;275.5000;64;4;40;17;3;0;
EBT;UF;1500800;7689.0000;110;6;70;23;5;6;
EBT;UF;1501303;22.0000;3;0;1;2;0;0;
EBT;UF;1501402;30043.6016;590;22;282;173;48;65;
EBT;UF;1501501;13.2500;9;4;4;1;0;0;
EBT;UF;1502202;136.0000;9;0;1;4;4;0;
EBT;UF;1502400;123.0000;31;3;21;5;2;0;
EBT;UF;1503606;6.0000;3;0;3;0;0;0;
EBT;UF;1504208;195.1250;71;23;39;6;3;0;
EBT;UF;1504422;144.1875;45;7;27;10;1;0;
EBT;UF;1505304;1.0000;1;0;1;0;0;0;
EBT;UF;1505502;288.0000;19;0;13;2;2;2;
EBT;UF;1506807;131.9375;23;9;9;3;0;2;
EBT;UF;1600303;196.0000;53;7;38;5;3;0;
EBT;UF;1700350;4.0000;3;0;3;0;0;0;
EBT;UF;1700707;41.2500;14;1;11;2;0;0;
EBT;UF;1702109;335.6250;64;13;29;19;3;0;
EBT;UF;1705508;208.0000;6;0;4;0;0;2;
EBT;UF;1709302;42.6875;8;4;2;1;1;0;
EBT;UF;1709500;177.3750;19;4;7;7;0;1;
EBT;UF;1713205;8.5625;8;3;5;0;0;0;
EBT;UF;1713304;4.2500;4;1;3;0;0;0;
EBT;UF;1714880;5.3125;5;2;3;0;0;0;
EBT;UF;1716109;19.0000;6;2;2;2;0;0;
EBT;UF;1718204;81.7500;17;4;8;3;2;0;
EBT;UF;1718402;4.0000;1;0;0;1;0;0;
EBT;UF;1721000;1352.3750;165;43;83;32;5;2;
EBT;UF;1722081;4.0000;1;0;0;1;0;0;
EBT;UF;2100055;0.2500;1;1;0;0;0;0;
EBT;UF;2100204;32.0000;1;0;0;0;1;0;
EBT;UF;2101202;90.0000;3;0;0;0;3;0;
EBT;UF;2101608;0.3750;2;2;0;0;0;0;
EBT;UF;2101707;2.0000;1;0;1;0;0;0;
EBT;UF;2103000;468.0000;11;0;5;2;1;3;
EBT;UF;2103307;155.0000;1;0;0;0;0;1;
EBT;UF;2103604;0.5000;1;1;0;0;0;0;
EBT;UF;2105302;227.2500;8;2;3;0;2;1;
EBT;UF;2105427;10.0000;2;0;1;1;0;0;
EBT;UF;2109106;1.7500;3;2;1;0;0;0;
EBT;UF;2109908;33.0000;3;2;0;0;1;0;
EBT;UF;2110302;52.0000;6;0;1;5;0;0;
EBT;UF;2111201;10.5000;4;1;1;2;0;0;
EBT;UF;2111300;2083.7500;118;16;28;53;17;4;
EBT;UF;2112209;32.0000;1;0;0;0;1;0;
EBT;UF;2112902;0.3750;2;2;0;0;0;0;
EBT;UF;2202208;64.0000;2;0;0;0;2;0;
EBT;UF;2202406;64.0000;2;0;0;0;2;0;
EBT;UF;2202703;32.0000;1;0;0;0;1;0;
EBT;UF;2203701;10.0000;1;0;0;1;0;0;
EBT;UF;2207702;72.0000;4;0;0;2;2;0;
EBT;UF;2208403;16.0000;1;0;0;0;1;0;
EBT;UF;2211001;3045.0625;187;4;51;72;56;4;
EBT;UF;2300309;6.0000;1;0;0;1;0;0;
EBT;UF;2301000;15.0000;4;0;3;1;0;0;
EBT;UF;2301109;32.0000;3;0;0;2;1;0;
EBT;UF;2301901;28.6250;7;3;0;4;0;0;
EBT;UF;2302503;20.0000;2;0;0;2;0;0;
EBT;UF;2303709;7.7500;6;2;4;0;0;0;
EBT;UF;2303808;12.0000;2;0;1;1;0;0;
EBT;UF;2304103;0.2500;1;1;0;0;0;0;
EBT;UF;2304202;35.0000;2;0;1;0;1;0;
EBT;UF;2304285;179.5000;20;1;10;6;2;1;
EBT;UF;2304400;7104.3125;173;13;53;54;27;26;
EBT;UF;2305233;56.0625;6;1;2;2;1;0;
EBT;UF;2305407;20.0000;1;0;0;0;1;0;
EBT;UF;2305506;32.0000;2;0;0;1;1;0;
EBT;UF;2306256;0.5000;1;1;0;0;0;0;
EBT;UF;2306405;54.0000;3;0;0;2;1;0;
EBT;UF;2307007;1.0000;1;0;1;0;0;0;
EBT;UF;2307304;63.0000;8;0;4;3;1;0;
EBT;UF;2307601;70.0000;4;0;0;2;2;0;
EBT;UF;2307650;46.2500;15;1;10;4;0;0;
EBT;UF;2308104;8.0000;1;0;0;1;0;0;
EBT;UF;2308302;16.0000;1;0;0;0;1;0;
EBT;UF;2309607;90.0000;2;0;0;0;1;1;
EBT;UF;2310704;1.0000;1;0;1;0;0;0;
EBT;UF;2311306;49.0000;4;0;1;1;2;0;
EBT;UF;2311801;14.3750;11;4;7;0;0;0;
EBT;UF;2312403;1.0000;1;0;1;0;0;0;
EBT;UF;2312908;310.3750;22;5;4;8;3;2;
EBT;UF;2313302;0.6875;3;3;0;0;0;0;
EBT;UF;2313401;292.0000;7;0;1;2;2;2;
EBT;UF;2400109;172.0000;7;0;0;3;3;1;
EBT;UF;2400802;20.5000;3;1;0;2;0;0;
EBT;UF;2403251;121.2500;29;3;16;10;0;0;
EBT;UF;2406700;10.0000;1;0;0;1;0;0;
EBT;UF;2407104;27.0000;10;0;9;1;0;0;
EBT;UF;2407401;26.0000;2;0;0;1;1;0;
EBT;UF;2408003;599.5625;34;5;17;5;4;3;
EBT;UF;2408102;3830.5000;100;13;19;42;11;15;
EBT;UF;2409332;4.0000;1;0;0;1;0;0;
EBT;UF;2412005;4.0000;2;0;2;0;0;0;
EBT;UF;2501807;25.0000;3;0;1;2;0;0;
EBT;UF;2503209;198.2500;20;1;11;6;1;1;
EBT;UF;2504009;887.0000;41;3;9;21;4;4;
EBT;UF;2506301;42.0000;2;0;0;1;1;0;
EBT;UF;2506905;48.0000;2;0;0;0;2;0;
EBT;UF;2507507;3994.5625;128;5;45;46;22;10;
EBT;UF;2510808;197.0000;3;0;0;1;1;1;
EBT;UF;2516201;2.0000;1;0;1;0;0;0;
EBT;UF;2600054;179.8750;17;4;11;1;0;1;
EBT;UF;2601102;18.0000;1;0;0;0;1;0;
EBT;UF;2601201;48.0000;3;0;0;1;2;0;
EBT;UF;2601706;120.0000;4;0;0;0;4;0;
EBT;UF;2601904;22.0000;1;0;0;0;1;0;
EBT;UF;2602902;414.2500;25;4;15;2;2;2;
EBT;UF;2603454;1.0000;1;0;1;0;0;0;
EBT;UF;2604007;1.0000;1;0;1;0;0;0;
EBT;UF;2604106;167.6250;26;4;13;6;3;0;
EBT;UF;2605103;22.0000;1;0;0;0;1;0;
EBT;UF;2606002;20.0000;2;0;0;2;0;0;
EBT;UF;2606408;127.8750;5;3;1;0;0;1;
EBT;UF;2606804;1.0000;1;0;1;0;0;0;
EBT;UF;2607208;29.7500;10;2;4;4;0;0;
EBT;UF;2607901;365.2500;43;5;19;15;3;1;
EBT;UF;2608909;1.0000;3;3;0;0;0;0;
EBT;UF;2609600;296.2500;31;4;16;7;3;1;
EBT;UF;2610707;274.3750;43;5;31;5;1;1;
EBT;UF;2610905;68.0000;2;0;0;0;2;0;
EBT;UF;2611606;13012.4375;327;17;126;88;48;48;
EBT;UF;2612208;10.0000;1;0;0;1;0;0;
EBT;UF;2613701;20.0000;1;0;0;0;1;0;
EBT;UF;2613909;56.3750;21;15;3;1;2;0;
EBT;UF;2700300;245.0625;24;1;11;11;0;1;
EBT;UF;2704302;2491.3750;190;28;57;85;11;9;
EBT;UF;2704708;2.0000;1;0;1;0;0;0;
EBT;UF;2706307;2.0000;1;0;1;0;0;0;
EBT;UF;2707701;165.5000;8;1;6;0;0;1;
EBT;UF;2800308;4169.6875;221;32;85;76;11;17;
EBT;UF;2800670;1.5000;4;3;1;0;0;0;
EBT;UF;2802106;10.0000;1;0;0;1;0;0;
EBT;UF;2804805;527.1250;50;6;26;14;1;3;
EBT;UF;2806701;72.5625;13;3;6;3;1;0;
EBT;UF;2900702;96.0000;10;0;3;5;2;0;
EBT;UF;2903201;7.0000;3;0;2;1;0;0;
EBT;UF;2904605;47.0000;4;0;2;1;0;1;
EBT;UF;2904704;2.0000;1;0;1;0;0;0;
EBT;UF;2905602;130.0000;5;0;2;1;1;1;
EBT;UF;2905701;328.8750;56;3;35;15;2;1;
EBT;UF;2906501;732.0000;16;0;6;4;2;4;
EBT;UF;2906709;2.0000;1;0;1;0;0;0;
EBT;UF;2909802;38.0000;3;0;0;2;1;0;
EBT;UF;2910727;334.8125;21;3;12;3;1;2;
EBT;UF;2910800;2721.6875;115;13;49;33;8;12;
EBT;UF;2911709;2.0000;1;0;1;0;0;0;
EBT;UF;2912103;4.0000;1;0;0;1;0;0;
EBT;UF;2913606;450.0000;40;0;19;15;4;2;
EBT;UF;2914653;12.0000;2;0;1;1;0;0;
EBT;UF;2914802;1125.8750;47;8;24;10;2;3;
EBT;UF;2914901;72.0000;2;0;0;1;0;1;
EBT;UF;2915304;2.0000;1;0;1;0;0;0;
EBT;UF;2915601;6.0000;3;0;3;0;0;0;
EBT;UF;2915809;12.0000;2;0;1;1;0;0;
EBT;UF;2916302;2.0000;1;0;1;0;0;0;
EBT;UF;2916401;152.1875;7;2;1;1;2;1;
EBT;UF;2917102;2.0000;1;0;1;0;0;0;
EBT;UF;2917508;100.0000;1;0;0;0;0;1;
EBT;UF;2918001;151.7500;17;3;9;4;0;1;
EBT;UF;2918407;4.0000;2;0;2;0;0;0;
EBT;UF;2919207;676.0000;41;0;21;15;2;3;
EBT;UF;2920601;18.0000;2;0;0;2;0;0;
EBT;UF;2921005;20.2500;3;1;0;2;0;0;
EBT;UF;2921302;10.0000;2;0;0;2;0;0;
EBT;UF;2924009;57.1250;9;1;4;3;1;0;
EBT;UF;2925006;4.0000;2;0;2;0;0;0;
EBT;UF;2925105;10.0000;1;0;0;1;0;0;
EBT;UF;2925303;376.0000;17;0;8;2;5;2;
EBT;UF;2927408;30075.2383;671;93;245;229;46;58;
EBT;UF;2928703;166.0000;4;0;1;0;2;1;
EBT;UF;2929206;0.0625;1;1;0;0;0;0;
EBT;UF;2930105;14.5000;4;1;2;1;0;0;
EBT;UF;2930709;114.0000;29;2;17;10;0;0;
EBT;UF;2931350;2024.0625;24;4;10;1;4;5;
EBT;UF;2932507;32.0000;1;0;0;0;1;0;
EBT;UF;2932903;2.0000;6;6;0;0;0;0;
EBT;UF;2933307;829.3125;45;5;20;13;3;4;
EBT;UF;3100302;2.0000;1;0;1;0;0;0;
EBT;UF;3101508;256.0000;8;0;0;0;8;0;
EBT;UF;3101607;30.8125;26;10;15;1;0;0;
EBT;UF;3101904;2.0000;1;0;1;0;0;0;
EBT;UF;3103504;23.6250;13;2;10;1;0;0;
EBT;UF;3104007;29.2500;24;9;15;0;0;0;
EBT;UF;3104205;13.0000;7;0;7;0;0;0;
EBT;UF;3104908;4.0000;2;0;2;0;0;0;
EBT;UF;3105608;229.5000;16;1;6;2;7;0;
EBT;UF;3106200;61633.8711;1705;257;988;197;152;111;
EBT;UF;3106309;42.0625;4;1;1;1;1;0;
EBT;UF;3106705;1966.1992;201;46;113;14;24;4;
EBT;UF;3107109;2.0000;1;0;1;0;0;0;
EBT;UF;3107406;1.0000;1;0;1;0;0;0;
EBT;UF;3108404;2.0000;1;0;1;0;0;0;
EBT;UF;3108909;2.2500;2;1;1;0;0;0;
EBT;UF;3109303;2.0000;1;0;1;0;0;0;
EBT;UF;3109501;2.0000;1;0;1;0;0;0;
EBT;UF;3109709;2.0000;1;0;1;0;0;0;
EBT;UF;3110004;2.0000;1;0;1;0;0;0;
EBT;UF;3110301;2.0000;1;0;1;0;0;0;
EBT;UF;3110509;5.0000;3;0;3;0;0;0;
EBT;UF;3110608;3.0000;2;0;2;0;0;0;
EBT;UF;3110707;4.0000;2;0;2;0;0;0;
EBT;UF;3111606;2.0000;1;0;1;0;0;0;
EBT;UF;3113206;64.0000;2;0;0;0;2;0;
EBT;UF;3113404;24.0000;4;0;2;2;0;0;
EBT;UF;3114303;2.0000;1;0;1;0;0;0;
EBT;UF;3114501;2.0000;1;0;1;0;0;0;
EBT;UF;3115300;402.0000;8;0;1;3;2;2;
EBT;UF;3115508;10.1250;6;1;5;0;0;0;
EBT;UF;3117876;10.0000;1;0;0;1;0;0;
EBT;UF;3118007;19.3125;9;4;4;1;0;0;
EBT;UF;3118304;45.3750;13;5;7;0;1;0;
EBT;UF;3118601;2657.6250;289;46;159;40;36;8;
EBT;UF;3119401;36.0000;4;0;3;0;1;0;
EBT;UF;3120904;32.0000;16;0;16;0;0;0;
EBT;UF;3122306;902.8750;39;6;22;4;2;5;
EBT;UF;3123601;4.0000;2;0;2;0;0;0;
EBT;UF;3123908;2.0000;1;0;1;0;0;0;
EBT;UF;3125101;16.5000;10;1;9;0;0;0;
EBT;UF;3126109;4.0000;2;0;2;0;0;0;
EBT;UF;3127008;4.0000;2;0;2;0;0;0;
EBT;UF;3127701;1510.0000;52;5;27;5;10;5;
EBT;UF;3128709;8.0000;1;0;0;1;0;0;
EBT;UF;3129509;2.0000;1;0;1;0;0;0;
EBT;UF;3129806;44.5000;8;1;6;0;1;0;
EBT;UF;3130101;2.0000;1;0;1;0;0;0;
EBT;UF;3130309;2.0000;1;0;1;0;0;0;
EBT;UF;3131307;545.8750;59;12;29;5;12;1;
EBT;UF;3131703;395.4375;37;14;17;3;1;2;
EBT;UF;3131901;5.5625;6;2;4;0;0;0;
EBT;UF;3132206;6.0000;3;0;3;0;0;0;
EBT;UF;3132404;400.1250;62;20;30;4;7;1;
EBT;UF;3133006;6.0000;3;0;3;0;0;0;
EBT;UF;3133808;105.7500;19;2;11;5;1;0;
EBT;UF;3134202;21.5000;12;1;11;0;0;0;
EBT;UF;3135209;2.0000;1;0;1;0;0;0;
EBT;UF;3135407;16.1250;5;1;3;1;0;0;
EBT;UF;3135506;2.0000;1;0;1;0;0;0;
EBT;UF;3136207;24.7500;22;9;13;0;0;0;
EBT;UF;3136306;8.0000;4;0;4;0;0;0;
EBT;UF;3136702;4661.3125;112;9;44;21;20;18;
EBT;UF;3137205;66.0000;7;0;3;3;1;0;
EBT;UF;3137601;61.5000;18;6;10;1;1;0;
EBT;UF;3138203;308.5000;49;15;25;6;1;2;
EBT;UF;3138401;189.0000;3;0;1;0;1;1;
EBT;UF;3138609;98.0000;4;0;1;0;3;0;
EBT;UF;3138807;2.0000;1;0;1;0;0;0;
EBT;UF;3139003;32.0000;1;0;0;0;1;0;
EBT;UF;3140001;64.0000;2;0;0;0;2;0;
EBT;UF;3140803;94.0000;9;0;4;3;2;0;
EBT;UF;3141405;38.0000;4;0;3;0;1;0;
EBT;UF;3143302;2296.4375;96;8;36;10;34;8;
EBT;UF;3143906;342.0000;4;0;0;1;1;2;
EBT;UF;3144805;735.5625;63;5;35;12;9;2;
EBT;UF;3145208;2.0000;1;0;1;0;0;0;
EBT;UF;3145604;10.2500;5;1;3;1;0;0;
EBT;UF;3145901;4.0000;2;0;2;0;0;0;
EBT;UF;3146107;6.5625;5;2;3;0;0;0;
EBT;UF;3146305;4.0000;2;0;2;0;0;0;
EBT;UF;3147006;31.2500;8;1;6;0;1;0;
EBT;UF;3147105;19.0625;10;1;8;1;0;0;
EBT;UF;3147402;200.0000;2;0;0;0;0;2;
EBT;UF;3147600;2.0000;1;0;1;0;0;0;
EBT;UF;3147907;159.2500;23;8;10;3;1;1;
EBT;UF;3148004;12.1250;8;2;6;0;0;0;
EBT;UF;3148103;2.0000;1;0;1;0;0;0;
EBT;UF;3149101;2.0000;1;0;1;0;0;0;
EBT;UF;3149309;70.6250;24;8;13;2;1;0;
EBT;UF;3149903;265.0000;6;0;3;1;0;2;
EBT;UF;3151206;452.0000;15;0;0;1;14;0;
EBT;UF;3151404;4.0000;2;0;2;0;0;0;
EBT;UF;3151800;114.9375;50;9;36;4;1;0;
EBT;UF;3152105;20.0000;2;0;0;2;0;0;
EBT;UF;3152501;168.0625;62;21;29;10;2;0;
EBT;UF;3154200;32.0000;1;0;0;0;1;0;
EBT;UF;3154606;119.1875;43;15;25;1;2;0;
EBT;UF;3155504;2.0000;1;0;1;0;0;0;
EBT;UF;3156700;13.7500;9;2;7;0;0;0;
EBT;UF;3157807;173.6250;44;15;22;4;3;0;
EBT;UF;3160405;2.0000;1;0;1;0;0;0;
EBT;UF;3160702;14.0000;3;0;2;1;0;0;
EBT;UF;3162104;18.0000;5;0;4;1;0;0;
EBT;UF;3162401;2.0000;1;0;1;0;0;0;
EBT;UF;3162500;399.9375;49;17;21;2;8;1;
EBT;UF;3162708;2.0000;1;0;1;0;0;0;
EBT;UF;3162955;0.2500;1;1;0;0;0;0;
EBT;UF;3163706;66.5000;17;4;11;0;2;0;
EBT;UF;3164704;46.3750;39;16;23;0;0;0;
EBT;UF;3165701;64.0000;2;0;0;0;2;0;
EBT;UF;3166907;8.0000;1;0;0;1;0;0;
EBT;UF;3167202;187.9375;44;4;32;5;3;0;
EBT;UF;3168606;317.2500;22;3;9;1;9;0;
EBT;UF;3168705;458.0625;30;4;8;5;13;0;
EBT;UF;3169307;138.7500;42;20;17;2;3;0;
EBT;UF;3169356;2.0000;1;0;1;0;0;0;
EBT;UF;3169406;2.2500;2;1;1;0;0;0;
EBT;UF;3169901;174.0000;4;0;0;1;2;1;
EBT;UF;3170107;212.8125;81;22;51;6;2;0;
EBT;UF;3170206;4131.9023;260;74;121;26;19;20;
EBT;UF;3170404;65.5000;31;1;29;1;0;0;
EBT;UF;3170701;2339.9375;63;8;32;6;6;11;
EBT;UF;3170800;192.0000;6;0;0;0;6;0;
EBT;UF;3171204;75.2500;30;4;22;3;1;0;
EBT;UF;3171303;71.0000;6;0;4;0;2;0;
EBT;UF;3172004;160.0000;5;0;0;0;5;0;
EBT;UF;3200169;2.0000;1;0;1;0;0;0;
EBT;UF;3200201;14.0000;2;0;1;1;0;0;
EBT;UF;3200409;44.0000;2;0;0;1;1;0;
EBT;UF;3200508;1.0000;1;0;1;0;0;0;
EBT;UF;3200607;7.0000;4;0;4;0;0;0;
EBT;UF;3200706;1.0000;1;0;1;0;0;0;
EBT;UF;3200805;90.0000;6;0;0;3;3;0;
EBT;UF;3200904;6.0000;2;0;1;1;0;0;
EBT;UF;3201209;373.5000;23;2;13;1;5;2;
EBT;UF;3201308;506.2500;56;6;33;12;2;3;
EBT;UF;3201506;529.4375;37;5;25;4;1;2;
EBT;UF;3201902;4.3125;6;4;2;0;0;0;
EBT;UF;3202108;2.0000;1;0;1;0;0;0;
EBT;UF;3202306;5.4375;8;6;2;0;0;0;
EBT;UF;3202405;405.0000;10;2;3;1;1;3;
EBT;UF;3202504;174.1250;8;2;3;0;2;1;
EBT;UF;3202553;2.0000;1;0;1;0;0;0;
EBT;UF;3202603;2.0000;1;0;1;0;0;0;
EBT;UF;3202702;1.0000;1;0;1;0;0;0;
EBT;UF;3202801;100.7500;6;5;0;0;0;1;
EBT;UF;3202900;36.0000;2;0;1;0;1;0;
EBT;UF;3203163;1.0000;1;0;1;0;0;0;
EBT;UF;3203205;328.1250;29;7;12;6;2;2;
EBT;UF;3203304;2.0000;1;0;1;0;0;0;
EBT;UF;3203320;1.6250;4;3;1;0;0;0;
EBT;UF;3203346;20.0000;2;0;0;2;0;0;
EBT;UF;3203353;2.0000;1;0;1;0;0;0;
EBT;UF;3203502;10.0000;1;0;0;1;0;0;
EBT;UF;3203700;8.0000;4;0;4;0;0;0;
EBT;UF;3203809;2.0000;1;0;1;0;0;0;
EBT;UF;3203908;2.0000;1;0;1;0;0;0;
EBT;UF;3204054;6.0000;2;0;1;1;0;0;
EBT;UF;3204104;96.0000;3;0;1;0;1;1;
EBT;UF;3204203;128.1250;3;2;0;0;0;1;
EBT;UF;3204302;2.0000;1;0;1;0;0;0;
EBT;UF;3204351;4.0000;2;0;2;0;0;0;
EBT;UF;3204401;30.0000;2;0;0;1;1;0;
EBT;UF;3204559;2.0625;2;1;1;0;0;0;
EBT;UF;3204609;36.0000;3;0;2;0;1;0;
EBT;UF;3204708;4.0000;2;0;2;0;0;0;
EBT;UF;3204906;683.5000;17;2;4;2;5;4;
EBT;UF;3205002;2065.0000;141;21;57;40;13;10;
EBT;UF;3205069;9.1875;11;7;4;0;0;0;
EBT;UF;3205101;146.0625;14;1;9;3;0;1;
EBT;UF;3205200;2516.0000;77;9;30;23;6;9;
EBT;UF;3205309;49679.5625;180;20;30;52;24;54;
EBT;UF;3300100;116.7500;16;3;7;4;2;0;
EBT;UF;3300209;16.0000;6;0;4;2;0;0;
EBT;UF;3300258;2.0000;1;0;1;0;0;0;
EBT;UF;3300308;15.0000;6;3;2;1;0;0;
EBT;UF;3300407;36.2500;10;1;7;2;0;0;
EBT;UF;3300456;40.1250;21;5;15;1;0;0;
EBT;UF;3300704;31.5000;10;1;7;2;0;0;
EBT;UF;3300803;4.0000;2;0;2;0;0;0;
EBT;UF;3301009;451.3750;36;14;14;3;4;1;
EBT;UF;3301108;2.0000;1;0;1;0;0;0;
EBT;UF;3301306;2.5000;3;2;1;0;0;0;
EBT;UF;3301702;3252.0625;73;12;38;7;2;14;
EBT;UF;3301900;2594.5000;11;1;6;3;0;1;
EBT;UF;3302007;22.5000;11;4;6;1;0;0;
EBT;UF;3302205;18.5000;10;1;9;0;0;0;
EBT;UF;3302254;225.0000;18;0;10;4;3;1;
EBT;UF;3302403;5160.3750;195;9;81;74;22;9;
EBT;UF;3302502;4.0000;2;0;2;0;0;0;
EBT;UF;3302700;2.0000;1;0;1;0;0;0;
EBT;UF;3302858;49.6250;8;2;5;0;0;1;
EBT;UF;3303203;14.0000;12;5;7;0;0;0;
EBT;UF;3303302;3412.6250;208;15;158;17;10;8;
EBT;UF;3303401;14.5000;5;1;3;1;0;0;
EBT;UF;3303500;259.0781;45;7;31;6;0;1;
EBT;UF;3303609;1.0000;1;0;1;0;0;0;
EBT;UF;3303807;10.2500;2;1;0;1;0;0;
EBT;UF;3303906;723.9883;49;7;33;3;4;2;
EBT;UF;3304003;1.5000;2;1;1;0;0;0;
EBT;UF;3304110;1040.8750;34;6;11;8;1;8;
EBT;UF;3304144;8.0000;4;0;4;0;0;0;
EBT;UF;3304201;472.2500;33;1;18;8;4;2;
EBT;UF;3304300;3.5000;3;1;2;0;0;0;
EBT;UF;3304524;189.7500;39;6;20;12;1;0;
EBT;UF;3304557;322647.687;5268;288;2948;1197;313;522;
EBT;UF;3304706;1.0000;1;0;1;0;0;0;
EBT;UF;3304904;281.6250;77;15;52;9;0;1;
EBT;UF;3305000;34.2500;11;1;9;0;1;0;
EBT;UF;3305109;125.0625;42;5;30;7;0;0;
EBT;UF;3305208;5.5000;5;3;2;0;0;0;
EBT;UF;3305505;0.5000;1;1;0;0;0;0;
EBT;UF;3305554;499.2500;5;1;0;0;1;3;
EBT;UF;3305802;50.3750;12;2;9;0;1;0;
EBT;UF;3306008;132.5000;19;1;9;7;2;0;
EBT;UF;3306107;4.0000;2;0;2;0;0;0;
EBT;UF;3306305;643.0000;33;2;16;5;7;3;
EBT;UF;3500105;155.0000;1;0;0;0;0;1;
EBT;UF;3501004;0.2500;1;1;0;0;0;0;
EBT;UF;3501152;2.0000;1;0;1;0;0;0;
EBT;UF;3501608;3159.5000;117;20;70;6;2;19;
EBT;UF;3501707;310.0000;2;0;0;0;0;2;
EBT;UF;3502101;624.0000;2;0;1;0;0;1;
EBT;UF;3502804;173.5000;7;1;4;1;0;1;
EBT;UF;3503000;2.5000;2;1;1;0;0;0;
EBT;UF;3503208;3824.0000;78;10;32;9;4;23;
EBT;UF;3503307;15.0625;12;4;8;0;0;0;
EBT;UF;3504008;477.3750;8;2;2;1;0;3;
EBT;UF;3504107;20.5000;13;3;10;0;0;0;
EBT;UF;3505302;4.0000;2;0;2;0;0;0;
EBT;UF;3505500;320.0000;3;0;0;1;0;2;
EBT;UF;3505708;35628.7188;382;32;137;60;35;118;
EBT;UF;3505906;1.5098;4;3;1;0;0;0;
EBT;UF;3506003;12943.5000;167;7;55;26;6;73;
EBT;UF;3506102;1621.6250;36;9;13;3;1;10;
EBT;UF;3506359;3.5000;6;5;1;0;0;0;
EBT;UF;3506508;155.0000;1;0;0;0;0;1;
EBT;UF;3507506;1297.0000;21;0;11;1;1;8;
EBT;UF;3507605;1504.0000;25;8;2;4;2;9;
EBT;UF;3507803;2.2500;2;1;1;0;0;0;
EBT;UF;3508207;2.5000;2;1;1;0;0;0;
EBT;UF;3508405;4.5000;4;1;3;0;0;0;
EBT;UF;3508504;129.2500;4;1;2;0;0;1;
EBT;UF;3508603;1342.0000;4;0;0;1;0;3;
EBT;UF;3509205;545.2148;36;7;22;4;0;3;
EBT;UF;3509254;155.2500;2;1;0;0;0;1;
EBT;UF;3509403;1.2500;2;1;1;0;0;0;
EBT;UF;3509502;36587.8242;398;44;163;41;19;131;
EBT;UF;3509700;9.6250;12;7;5;0;0;0;
EBT;UF;3510005;0.7500;2;2;0;0;0;0;
EBT;UF;3510500;342.0000;3;0;0;0;1;2;
EBT;UF;3511102;339.0000;7;0;3;2;0;2;
EBT;UF;3512803;2.0625;2;1;1;0;0;0;
EBT;UF;3513009;298.3750;41;8;27;3;1;2;
EBT;UF;3513405;0.5000;1;1;0;0;0;0;
EBT;UF;3513504;1097.1250;25;3;9;4;2;7;
EBT;UF;3513702;1.5625;6;6;0;0;0;0;
EBT;UF;3513801;3185.0938;216;30;150;16;2;18;
EBT;UF;3515186;2.2500;2;1;1;0;0;0;
EBT;UF;3516200;2269.5098;43;16;10;1;2;14;
EBT;UF;3516705;7.2500;5;1;4;0;0;0;
EBT;UF;3517406;1.2646;4;3;1;0;0;0;
EBT;UF;3517703;3.7686;5;3;2;0;0;0;
EBT;UF;3518305;155.0000;1;0;0;0;0;1;
EBT;UF;3518404;14.5625;10;2;8;0;0;0;
EBT;UF;3518701;456.0000;58;14;37;4;1;2;
EBT;UF;3518800;1261.9375;305;64;219;13;3;6;
EBT;UF;3519071;6446.1250;55;5;15;3;5;27;
EBT;UF;3520103;0.5000;1;1;0;0;0;0;
EBT;UF;3520509;2139.5625;44;8;15;7;1;13;
EBT;UF;3521002;4.0000;2;0;2;0;0;0;
EBT;UF;3521309;0.2686;2;2;0;0;0;0;
EBT;UF;3522307;754.5000;7;1;0;0;1;5;
EBT;UF;3522505;8.0000;1;0;0;1;0;0;
EBT;UF;3522604;2.5625;4;3;1;0;0;0;
EBT;UF;3523107;190.5000;15;7;5;1;1;1;
EBT;UF;3523909;2332.0000;51;7;21;5;3;15;
EBT;UF;3524006;0.1250;1;1;0;0;0;0;
EBT;UF;3524105;5.7500;9;6;3;0;0;0;
EBT;UF;3524402;236.5625;64;9;49;5;0;1;
EBT;UF;3524709;469.2500;9;4;2;0;0;3;
EBT;UF;3525003;157.0000;2;0;1;0;0;1;
EBT;UF;3525102;5.2500;7;3;4;0;0;0;
EBT;UF;3525300;2630.2500;55;1;32;4;2;16;
EBT;UF;3525904;6830.2500;147;20;78;13;3;33;
EBT;UF;3526803;1294.0000;13;0;3;0;2;8;
EBT;UF;3526902;2436.5625;54;9;25;4;1;15;
EBT;UF;3527108;2551.5000;36;9;5;6;0;16;
EBT;UF;3527306;345.0000;4;0;1;0;1;2;
EBT;UF;3527405;155.0000;1;0;0;0;0;1;
EBT;UF;3528007;2048.0000;2;0;0;0;0;2;
EBT;UF;3528403;10.7500;7;2;5;0;0;0;
EBT;UF;3528502;3.2500;4;3;1;0;0;0;
EBT;UF;3529005;3131.1250;88;13;39;13;4;19;
EBT;UF;3529302;163.0000;2;0;0;1;0;1;
EBT;UF;3529401;1791.7500;129;28;78;10;2;11;
EBT;UF;3529708;3.7500;4;2;2;0;0;0;
EBT;UF;3530300;465.0000;3;0;0;0;0;3;
EBT;UF;3530508;3.0000;4;3;1;0;0;0;
EBT;UF;3530607;3015.6250;176;45;112;8;4;7;
EBT;UF;3530706;50.7500;31;4;27;0;0;0;
EBT;UF;3530805;170.2500;10;1;8;0;0;1;
EBT;UF;3531100;5.3750;5;2;3;0;0;0;
EBT;UF;3531902;3.2500;5;3;2;0;0;0;
EBT;UF;3533403;6.0000;5;2;3;0;0;0;
EBT;UF;3534401;4998.0723;72;7;27;13;4;21;
EBT;UF;3534609;155.0000;1;0;0;0;0;1;
EBT;UF;3534708;1607.5000;26;1;7;5;2;11;
EBT;UF;3536703;1.0000;1;0;1;0;0;0;
EBT;UF;3537404;3.3125;6;5;1;0;0;0;
EBT;UF;3538006;140.0000;14;2;8;3;0;1;
EBT;UF;3538709;2285.7344;72;19;35;4;0;14;
EBT;UF;3539301;10.8125;8;3;5;0;0;0;
EBT;UF;3539806;1146.2500;40;1;0;1;32;6;
EBT;UF;3540705;10.0000;1;0;0;1;0;0;
EBT;UF;3541000;16.5000;16;6;10;0;0;0;
EBT;UF;3541406;2929.5625;67;8;31;6;4;18;
EBT;UF;3541505;16.0000;1;0;0;0;1;0;
EBT;UF;3543303;12.7500;9;2;7;0;0;0;
EBT;UF;3543402;13586.0703;278;11;122;61;5;79;
EBT;UF;3543907;1320.8125;54;9;36;1;0;8;
EBT;UF;3544004;2.2500;4;3;1;0;0;0;
EBT;UF;3544103;7.0000;4;0;4;0;0;0;
EBT;UF;3544202;2.0000;1;0;1;0;0;0;
EBT;UF;3545209;481.0000;9;0;5;1;0;3;
EBT;UF;3545803;41.2500;19;1;17;1;0;0;
EBT;UF;3546405;11.0000;3;2;0;1;0;0;
EBT;UF;3547304;7928.1250;33;1;10;6;3;13;
EBT;UF;3547809;14878.5625;292;68;150;21;2;51;
EBT;UF;3548500;9568.3750;227;20;112;47;5;43;
EBT;UF;3548708;12541.3750;461;105;235;36;26;59;
EBT;UF;3548807;6805.3125;100;17;58;9;3;13;
EBT;UF;3548906;3787.4375;36;3;10;11;0;12;
EBT;UF;3549409;4.1250;7;5;2;0;0;0;
EBT;UF;3549706;4.3125;4;2;2;0;0;0;
EBT;UF;3549805;4176.0000;62;0;12;22;2;26;
EBT;UF;3549904;7632.4219;243;46;134;37;3;23;
EBT;UF;3550100;2.2500;4;3;1;0;0;0;
EBT;UF;3550308;375142.098;7345;868;3844;1000;294;1339;
EBT;UF;3551009;1905.8125;82;24;43;9;0;6;
EBT;UF;3551702;577.0000;6;0;1;1;0;4;
EBT;UF;3552205;12074.7500;185;10;73;20;15;67;
EBT;UF;3552403;14.0000;10;3;7;0;0;0;
EBT;UF;3552502;27.7500;22;9;13;0;0;0;
EBT;UF;3552809;6065.5000;26;1;11;5;1;8;
EBT;UF;3554102;1682.4375;85;19;45;9;0;12;
EBT;UF;3554508;9.0000;4;0;3;1;0;0;
EBT;UF;3555000;2.0000;1;0;1;0;0;0;
EBT;UF;3555406;0.5000;1;1;0;0;0;0;
EBT;UF;3556206;520.0000;23;5;13;1;1;3;
EBT;UF;3556701;342.0000;3;0;0;0;1;2;
EBT;UF;3557006;482.0000;8;0;4;1;0;3;
EBT;UF;3557105;2.1250;3;2;1;0;0;0;
EBT;UF;3557303;0.2500;1;1;0;0;0;0;
EBT;UF;4100400;9.7500;9;5;3;1;0;0;
EBT;UF;4100509;1.0000;1;0;1;0;0;0;
EBT;UF;4100608;1.0000;1;0;1;0;0;0;
EBT;UF;4100707;1.0000;1;0;1;0;0;0;
EBT;UF;4100806;1.0000;1;0;1;0;0;0;
EBT;UF;4100905;0.2500;1;1;0;0;0;0;
EBT;UF;4101101;11.7500;9;2;7;0;0;0;
EBT;UF;4101408;101.3125;22;4;13;4;1;0;
EBT;UF;4101507;52.5000;9;2;2;5;0;0;
EBT;UF;4101606;1.0000;1;0;1;0;0;0;
EBT;UF;4101705;1.0000;1;0;1;0;0;0;
EBT;UF;4101804;234.1875;101;33;58;9;1;0;
EBT;UF;4101903;1.0000;1;0;1;0;0;0;
EBT;UF;4102000;1.0000;1;0;1;0;0;0;
EBT;UF;4102109;1.0000;1;0;1;0;0;0;
EBT;UF;4102307;9.5000;6;1;5;0;0;0;
EBT;UF;4102406;1.1875;5;5;0;0;0;0;
EBT;UF;4102505;1.0000;1;0;1;0;0;0;
EBT;UF;4102802;1.2500;2;1;1;0;0;0;
EBT;UF;4102901;1.0000;1;0;1;0;0;0;
EBT;UF;4103206;0.2500;1;1;0;0;0;0;
EBT;UF;4103354;0.2500;1;1;0;0;0;0;
EBT;UF;4103602;2.0000;1;0;1;0;0;0;
EBT;UF;4103701;47.9375;41;17;23;1;0;0;
EBT;UF;4103800;0.2500;1;1;0;0;0;0;
EBT;UF;4104006;2.2500;3;1;2;0;0;0;
EBT;UF;4104204;77.2500;22;1;15;6;0;0;
EBT;UF;4104253;4.2500;4;1;3;0;0;0;
EBT;UF;4104428;9.2500;3;1;1;1;0;0;
EBT;UF;4104501;1.2500;2;1;1;0;0;0;
EBT;UF;4104659;1.3125;3;2;1;0;0;0;
EBT;UF;4104709;2.0000;1;0;1;0;0;0;
EBT;UF;4104808;269.1875;108;36;59;12;1;0;
EBT;UF;4104907;9.2500;24;21;3;0;0;0;
EBT;UF;4105102;1.0000;1;0;1;0;0;0;
EBT;UF;4105409;13.1250;4;1;2;1;0;0;
EBT;UF;4105508;81.8750;29;9;15;5;0;0;
EBT;UF;4105706;1.0000;1;0;1;0;0;0;
EBT;UF;4105805;200.5625;35;17;15;1;1;1;
EBT;UF;4106001;0.2500;1;1;0;0;0;0;
EBT;UF;4106209;1.0000;1;0;1;0;0;0;
EBT;UF;4106308;1.0000;1;0;1;0;0;0;
EBT;UF;4106407;14.7500;7;5;0;2;0;0;
EBT;UF;4106506;1.3125;3;2;1;0;0;0;
EBT;UF;4106605;1.0000;1;0;1;0;0;0;
EBT;UF;4106902;23614.8750;1374;257;694;272;103;48;
EBT;UF;4107009;1.0000;1;0;1;0;0;0;
EBT;UF;4107108;0.2500;1;1;0;0;0;0;
EBT;UF;4107207;64.2500;7;2;3;1;0;1;
EBT;UF;4107256;12.0000;1;0;0;1;0;0;
EBT;UF;4107306;0.2500;1;1;0;0;0;0;
EBT;UF;4107538;1.0000;1;0;1;0;0;0;
EBT;UF;4107603;1.0000;1;0;1;0;0;0;
EBT;UF;4107652;318.6875;10;4;4;0;0;2;
EBT;UF;4107736;2.0000;1;0;1;0;0;0;
EBT;UF;4107801;0.2500;1;1;0;0;0;0;
EBT;UF;4108007;1.2500;2;1;1;0;0;0;
EBT;UF;4108205;1.0000;1;0;1;0;0;0;
EBT;UF;4108304;313.3125;110;50;55;2;2;1;
EBT;UF;4108320;0.2500;1;1;0;0;0;0;
EBT;UF;4108403;24.0625;16;8;7;1;0;0;
EBT;UF;4108601;5.5625;8;5;3;0;0;0;
EBT;UF;4108700;1.0000;1;0;1;0;0;0;
EBT;UF;4108809;6.0000;6;2;4;0;0;0;
EBT;UF;4109302;1.0000;1;0;1;0;0;0;
EBT;UF;4109401;15.8750;13;6;6;1;0;0;
EBT;UF;4109500;2.0000;1;0;1;0;0;0;
EBT;UF;4109609;9.0000;5;0;5;0;0;0;
EBT;UF;4109708;1.0000;1;0;1;0;0;0;
EBT;UF;4109807;11.8750;20;13;7;0;0;0;
EBT;UF;4110607;1.0000;1;0;1;0;0;0;
EBT;UF;4110706;12.7500;26;22;4;0;0;0;
EBT;UF;4110953;1.0000;1;0;1;0;0;0;
EBT;UF;4111506;1.2500;2;1;1;0;0;0;
EBT;UF;4111803;0.5000;1;1;0;0;0;0;
EBT;UF;4112009;1.0000;1;0;1;0;0;0;
EBT;UF;4112108;2.3750;4;3;1;0;0;0;
EBT;UF;4112504;1.0000;1;0;1;0;0;0;
EBT;UF;4112702;1.2500;2;1;1;0;0;0;
EBT;UF;4112801;1.0000;1;0;1;0;0;0;
EBT;UF;4113205;1.0625;2;1;1;0;0;0;
EBT;UF;4113304;1.7500;3;2;1;0;0;0;
EBT;UF;4113502;1.0000;1;0;1;0;0;0;
EBT;UF;4113601;14.0000;4;0;3;1;0;0;
EBT;UF;4113700;2401.1250;210;73;84;43;3;7;
EBT;UF;4113809;1.0000;1;0;1;0;0;0;
EBT;UF;4114005;1.0000;1;0;1;0;0;0;
EBT;UF;4114104;2.2500;4;3;1;0;0;0;
EBT;UF;4114203;19.5000;8;4;3;1;0;0;
EBT;UF;4114302;0.2500;1;1;0;0;0;0;
EBT;UF;4114351;0.2500;1;1;0;0;0;0;
EBT;UF;4114401;1.0000;1;0;1;0;0;0;
EBT;UF;4114500;1.0000;1;0;1;0;0;0;
EBT;UF;4114609;0.5000;1;1;0;0;0;0;
EBT;UF;4114807;6.2500;6;3;3;0;0;0;
EBT;UF;4114906;1.0000;1;0;1;0;0;0;
EBT;UF;4115200;1927.6250;209;64;104;38;0;3;
EBT;UF;4115358;1.0000;1;0;1;0;0;0;
EBT;UF;4115606;3.2500;3;1;2;0;0;0;
EBT;UF;4115705;5.0000;3;0;3;0;0;0;
EBT;UF;4115804;0.5000;1;1;0;0;0;0;
EBT;UF;4116208;1.0000;1;0;1;0;0;0;
EBT;UF;4116703;1.0000;1;0;1;0;0;0;
EBT;UF;4116901;2.3750;5;4;1;0;0;0;
EBT;UF;4117107;2.0000;2;0;2;0;0;0;
EBT;UF;4117271;0.2500;1;1;0;0;0;0;
EBT;UF;4117503;5.3750;5;2;3;0;0;0;
EBT;UF;4117602;3.5000;3;1;2;0;0;0;
EBT;UF;4117701;1.0000;1;0;1;0;0;0;
EBT;UF;4117909;5.5625;6;3;3;0;0;0;
EBT;UF;4118105;1.0000;1;0;1;0;0;0;
EBT;UF;4118204;298.2500;72;17;47;7;0;1;
EBT;UF;4118402;27.5000;30;17;13;0;0;0;
EBT;UF;4118451;0.2500;1;1;0;0;0;0;
EBT;UF;4118501;36.1250;19;5;13;1;0;0;
EBT;UF;4118907;1.0000;1;0;1;0;0;0;
EBT;UF;4119152;188.2500;35;3;22;7;3;0;
EBT;UF;4119301;3.5625;5;3;2;0;0;0;
EBT;UF;4119400;2.0000;1;0;1;0;0;0;
EBT;UF;4119509;10.8125;8;2;6;0;0;0;
EBT;UF;4119608;1.0000;1;0;1;0;0;0;
EBT;UF;4119806;1.0000;1;0;1;0;0;0;
EBT;UF;4119905;390.6250;103;40;45;16;1;1;
EBT;UF;4119954;41.0000;7;0;5;0;2;0;
EBT;UF;4120002;1.0000;1;0;1;0;0;0;
EBT;UF;4120101;0.2500;1;1;0;0;0;0;
EBT;UF;4120606;3.2500;3;1;2;0;0;0;
EBT;UF;4120705;0.2500;1;1;0;0;0;0;
EBT;UF;4120804;376.7500;19;5;8;3;1;2;
EBT;UF;4120853;1.0000;1;0;1;0;0;0;
EBT;UF;4120903;1.0000;1;0;1;0;0;0;
EBT;UF;4121406;1.2500;2;1;1;0;0;0;
EBT;UF;4121505;1.0000;1;0;1;0;0;0;
EBT;UF;4121604;0.2500;1;1;0;0;0;0;
EBT;UF;4121703;1.0000;1;0;1;0;0;0;
EBT;UF;4121901;1.0000;1;0;1;0;0;0;
EBT;UF;4122008;0.5000;1;1;0;0;0;0;
EBT;UF;4122206;1.7500;3;2;1;0;0;0;
EBT;UF;4122305;8.6250;16;12;4;0;0;0;
EBT;UF;4122404;55.5000;22;2;18;2;0;0;
EBT;UF;4122800;0.2500;1;1;0;0;0;0;
EBT;UF;4123204;1.0000;1;0;1;0;0;0;
EBT;UF;4123501;1.0000;1;0;1;0;0;0;
EBT;UF;4123709;1.0000;1;0;1;0;0;0;
EBT;UF;4123808;1.0000;1;0;1;0;0;0;
EBT;UF;4123907;1.2500;2;1;1;0;0;0;
EBT;UF;4124053;1.0625;2;1;1;0;0;0;
EBT;UF;4124103;5.0625;4;1;3;0;0;0;
EBT;UF;4124400;1.0000;1;0;1;0;0;0;
EBT;UF;4124509;1.5000;2;1;1;0;0;0;
EBT;UF;4124707;1.0000;1;0;1;0;0;0;
EBT;UF;4125001;2.0000;2;0;2;0;0;0;
EBT;UF;4125456;0.2500;1;1;0;0;0;0;
EBT;UF;4125506;22754.0000;234;55;132;35;2;10;
EBT;UF;4125605;1.0000;1;0;1;0;0;0;
EBT;UF;4125704;2.0000;1;0;1;0;0;0;
EBT;UF;4126009;0.2500;1;1;0;0;0;0;
EBT;UF;4126256;12.5000;14;8;6;0;0;0;
EBT;UF;4126306;1.0000;1;0;1;0;0;0;
EBT;UF;4126504;1.0000;1;0;1;0;0;0;
EBT;UF;4126603;1.0000;1;0;1;0;0;0;
EBT;UF;4126678;1.0000;1;0;1;0;0;0;
EBT;UF;4126801;1.0000;1;0;1;0;0;0;
EBT;UF;4127106;10.0000;5;0;5;0;0;0;
EBT;UF;4127403;1.0000;1;0;1;0;0;0;
EBT;UF;4127502;1.0000;1;0;1;0;0;0;
EBT;UF;4127700;44.4375;22;10;8;4;0;0;
EBT;UF;4127809;1.0000;1;0;1;0;0;0;
EBT;UF;4128005;1.0000;1;0;1;0;0;0;
EBT;UF;4128104;100.3750;23;5;11;6;1;0;
EBT;UF;4128203;16.2500;9;1;8;0;0;0;
EBT;UF;4128401;1.0000;1;0;1;0;0;0;
EBT;UF;4128500;1.5000;2;1;1;0;0;0;
EBT;UF;4128708;2.5000;3;2;1;0;0;0;
EBT;UF;4128807;0.2500;1;1;0;0;0;0;
EBT;UF;4200101;1.3750;3;2;1;0;0;0;
EBT;UF;4201307;71.3125;19;2;10;7;0;0;
EBT;UF;4201703;0.2500;1;1;0;0;0;0;
EBT;UF;4202008;191.2500;27;1;12;13;0;1;
EBT;UF;4202305;95.9375;38;22;10;4;2;0;
EBT;UF;4202404;2606.1875;176;41;75;45;8;7;
EBT;UF;4202602;5.3750;4;2;1;1;0;0;
EBT;UF;4202909;565.1250;52;8;19;19;2;4;
EBT;UF;4203006;132.8750;11;5;2;3;0;1;
EBT;UF;4203204;22.1250;17;8;8;1;0;0;
EBT;UF;4203956;16.7500;6;2;3;1;0;0;
EBT;UF;4204202;537.3125;56;20;19;13;1;3;
EBT;UF;4204251;46.0000;7;3;2;1;1;0;
EBT;UF;4204301;623.5000;14;1;1;6;2;4;
EBT;UF;4204350;0.6875;4;4;0;0;0;0;
EBT;UF;4204509;3.6250;5;3;2;0;0;0;
EBT;UF;4204558;4.0000;1;0;0;1;0;0;
EBT;UF;4204608;353.7500;52;17;11;23;0;1;
EBT;UF;4204806;20.5000;3;1;0;2;0;0;
EBT;UF;4205191;10.0000;1;0;0;1;0;0;
EBT;UF;4205407;6552.2266;260;45;84;102;17;12;
EBT;UF;4205506;2.9375;9;8;1;0;0;0;
EBT;UF;4205704;17.1250;11;5;5;1;0;0;
EBT;UF;4205803;8.0000;2;0;0;2;0;0;
EBT;UF;4205902;97.3750;23;11;4;6;2;0;
EBT;UF;4206504;64.1875;18;5;9;4;0;0;
EBT;UF;4206702;3.1250;4;3;1;0;0;0;
EBT;UF;4207007;39.3125;11;4;4;3;0;0;
EBT;UF;4207106;1.2500;2;1;1;0;0;0;
EBT;UF;4207304;2.0000;1;0;1;0;0;0;
EBT;UF;4207502;233.5625;33;2;18;12;0;1;
EBT;UF;4208203;1289.6250;196;18;107;63;3;5;
EBT;UF;4208807;1.2500;2;1;1;0;0;0;
EBT;UF;4208906;373.0625;45;8;24;10;2;1;
EBT;UF;4209003;124.5000;19;1;9;7;2;0;
EBT;UF;4209102;1555.8008;268;66;117;75;6;4;
EBT;UF;4209300;180.7500;43;11;15;17;0;0;
EBT;UF;4209706;1.2500;2;1;1;0;0;0;
EBT;UF;4210035;4.2500;4;1;3;0;0;0;
EBT;UF;4210100;12.9375;20;15;5;0;0;0;
EBT;UF;4210209;3.2500;3;1;2;0;0;0;
EBT;UF;4210605;3.5625;5;3;2;0;0;0;
EBT;UF;4211306;111.8125;36;6;17;13;0;0;
EBT;UF;4211603;3.2500;4;1;3;0;0;0;
EBT;UF;4211702;4.2500;5;3;2;0;0;0;
EBT;UF;4211900;473.5625;56;16;24;13;2;1;
EBT;UF;4213005;0.3125;3;3;0;0;0;0;
EBT;UF;4213203;25.5000;5;2;1;1;1;0;
EBT;UF;4214706;2.2500;2;1;1;0;0;0;
EBT;UF;4214805;297.2500;57;13;21;22;1;0;
EBT;UF;4215000;26.0000;3;0;2;0;1;0;
EBT;UF;4215109;102.7500;4;2;1;0;0;1;
EBT;UF;4215802;197.0625;83;33;39;10;1;0;
EBT;UF;4216107;3.2500;3;1;2;0;0;0;
EBT;UF;4216206;144.4375;22;7;5;7;3;0;
EBT;UF;4216602;358.7500;66;9;30;24;3;0;
EBT;UF;4216909;41.7500;7;3;2;1;1;0;
EBT;UF;4217006;2.0000;1;0;1;0;0;0;
EBT;UF;4217402;37.5000;5;2;2;0;1;0;
EBT;UF;4217709;216.0000;4;0;0;1;0;3;
EBT;UF;4218202;124.5000;11;1;7;2;0;1;
EBT;UF;4218707;62.0625;13;1;6;6;0;0;
EBT;UF;4218806;14.0000;3;0;2;1;0;0;
EBT;UF;4219309;44.7500;17;11;2;3;1;0;
EBT;UF;4219507;8.2500;13;8;5;0;0;0;
EBT;UF;4219705;42.6250;9;4;2;2;1;0;
EBT;UF;4300406;51.3125;29;20;0;9;0;0;
EBT;UF;4300604;138.7500;22;6;6;8;2;0;
EBT;UF;4301552;1.2500;2;1;1;0;0;0;
EBT;UF;4301602;467.8750;31;7;8;8;6;2;
EBT;UF;4302105;1078.0000;108;8;32;57;10;1;
EBT;UF;4302352;2.0000;2;0;2;0;0;0;
EBT;UF;4302907;0.6250;2;2;0;0;0;0;
EBT;UF;4303004;15.9375;18;13;4;1;0;0;
EBT;UF;4303103;377.0000;44;5;11;22;6;0;
EBT;UF;4303509;246.0000;21;2;6;11;1;1;
EBT;UF;4303806;1.5000;3;2;1;0;0;0;
EBT;UF;4303905;834.1250;55;12;20;13;6;4;
EBT;UF;4304408;9.4375;12;9;2;1;0;0;
EBT;UF;4304606;1019.8750;127;35;34;46;10;2;
EBT;UF;4304630;370.0625;10;3;1;4;1;1;
EBT;UF;4304705;31.7500;20;12;5;3;0;0;
EBT;UF;4304804;21.1875;9;5;3;0;1;0;
EBT;UF;4305108;3319.8750;305;58;124;99;21;3;
EBT;UF;4305975;2.0000;1;0;1;0;0;0;
EBT;UF;4306106;187.9375;36;19;11;4;1;1;
EBT;UF;4306205;0.5625;2;2;0;0;0;0;
EBT;UF;4306601;6.0000;1;0;0;1;0;0;
EBT;UF;4306767;331.6250;27;3;11;8;3;2;
EBT;UF;4307005;670.3125;39;2;16;11;9;1;
EBT;UF;4307559;273.5000;5;1;1;0;1;2;
EBT;UF;4307609;40.0000;13;5;4;4;0;0;
EBT;UF;4307708;66.5625;26;14;5;7;0;0;
EBT;UF;4307807;11.2500;7;5;1;1;0;0;
EBT;UF;4307906;836.1133;58;2;20;28;7;1;
EBT;UF;4308102;1.0000;1;0;1;0;0;0;
EBT;UF;4308508;2.5000;4;2;2;0;0;0;
EBT;UF;4308607;201.1875;42;9;18;13;2;0;
EBT;UF;4308904;10.5000;6;4;1;1;0;0;
EBT;UF;4309001;0.6875;4;4;0;0;0;0;
EBT;UF;4309050;0.6250;2;2;0;0;0;0;
EBT;UF;4309100;56.5000;16;9;4;2;1;0;
EBT;UF;4309209;381.3750;91;34;17;37;3;0;
EBT;UF;4309308;75.1875;20;11;4;4;1;0;
EBT;UF;4309407;2.0000;4;3;1;0;0;0;
EBT;UF;4309605;3.6250;8;6;2;0;0;0;
EBT;UF;4310009;20.0000;1;0;0;0;1;0;
EBT;UF;4310108;13.2500;12;9;0;3;0;0;
EBT;UF;4310207;131.1250;13;4;1;5;3;0;
EBT;UF;4310330;0.1250;2;2;0;0;0;0;
EBT;UF;4310801;1.1250;5;5;0;0;0;0;
EBT;UF;4311007;0.9375;4;4;0;0;0;0;
EBT;UF;4311403;1065.3750;18;8;4;5;0;1;
EBT;UF;4311809;3.3125;9;8;1;0;0;0;
EBT;UF;4312401;26.0625;20;13;3;4;0;0;
EBT;UF;4312906;6.2500;4;1;2;1;0;0;
EBT;UF;4313201;8.6875;7;6;0;1;0;0;
EBT;UF;4313409;699.4375;106;18;32;46;10;0;
EBT;UF;4313508;40.8750;24;17;3;4;0;0;
EBT;UF;4313706;2.5625;6;5;1;0;0;0;
EBT;UF;4313904;8.5000;21;18;3;0;0;0;
EBT;UF;4314050;13.4375;17;11;6;0;0;0;
EBT;UF;4314100;919.6250;68;13;29;14;9;3;
EBT;UF;4314308;0.2500;1;1;0;0;0;0;
EBT;UF;4314407;2149.0000;60;18;17;16;5;4;
EBT;UF;4314506;4.0000;1;0;0;1;0;0;
EBT;UF;4314803;11.2500;7;4;2;1;0;0;
EBT;UF;4314902;39337.4883;701;78;154;303;108;58;
EBT;UF;4315602;372.2500;64;29;12;18;3;2;
EBT;UF;4315701;1.8750;4;3;1;0;0;0;
EBT;UF;4316402;10.8750;9;6;2;1;0;0;
EBT;UF;4316501;0.3125;2;2;0;0;0;0;
EBT;UF;4316808;561.5625;33;11;3;12;5;2;
EBT;UF;4316907;1723.8750;101;52;23;21;1;4;
EBT;UF;4317103;60.3125;11;2;6;2;1;0;
EBT;UF;4317202;1.0000;1;0;1;0;0;0;
EBT;UF;4317400;12.4375;9;6;2;1;0;0;
EBT;UF;4317509;8.7500;3;2;0;1;0;0;
EBT;UF;4317608;10.0000;6;4;1;1;0;0;
EBT;UF;4318101;1.5000;3;2;1;0;0;0;
EBT;UF;4318705;408.6875;64;20;22;15;6;1;
EBT;UF;4319406;1.5000;3;2;1;0;0;0;
EBT;UF;4319505;6.0625;6;4;1;1;0;0;
EBT;UF;4319802;1.5000;3;2;1;0;0;0;
EBT;UF;4319901;71.5000;10;1;4;4;1;0;
EBT;UF;4320008;126.7500;32;13;8;10;1;0;
EBT;UF;4320107;2.5625;9;8;1;0;0;0;
EBT;UF;4320404;3.0625;3;1;2;0;0;0;
EBT;UF;4321204;15.2500;10;5;4;1;0;0;
EBT;UF;4321451;499.6875;16;11;1;0;1;3;
EBT;UF;4321501;17.5625;20;16;2;2;0;0;
EBT;UF;4321600;19.4375;16;11;3;2;0;0;
EBT;UF;4321709;1.7500;3;2;1;0;0;0;
EBT;UF;4322004;34.0000;2;0;1;0;1;0;
EBT;UF;4322400;319.1250;24;6;6;8;3;1;
EBT;UF;4322509;247.3750;21;2;6;11;1;1;
EBT;UF;4322608;10.0000;2;0;1;1;0;0;
EBT;UF;4323002;59.6250;19;9;6;3;1;0;
EBT;UF;4323408;1.2500;2;1;1;0;0;0;
EBT;UF;4323804;0.6250;6;6;0;0;0;0;
EBT;UF;5000203;52.0000;9;0;1;8;0;0;
EBT;UF;5002704;4297.6875;322;85;103;109;14;11;
EBT;UF;5002951;0.0625;1;1;0;0;0;0;
EBT;UF;5003702;1057.6875;36;5;11;15;2;3;
EBT;UF;5004502;1.2500;3;3;0;0;0;0;
EBT;UF;5005400;40.0000;4;0;0;2;2;0;
EBT;UF;5006309;4.0000;2;0;2;0;0;0;
EBT;UF;5007109;36.0000;5;0;0;5;0;0;
EBT;UF;5007554;1.0000;1;0;1;0;0;0;
EBT;UF;5007901;34.0000;1;0;0;0;1;0;
EBT;UF;5008305;240.0000;30;0;8;20;2;0;
EBT;UF;5100250;2.5000;2;1;1;0;0;0;
EBT;UF;5102504;130.6875;46;15;23;7;1;0;
EBT;UF;5103403;14649.4375;805;155;457;108;49;36;
EBT;UF;5104104;0.5000;1;1;0;0;0;0;
EBT;UF;5105002;30.2500;9;1;6;2;0;0;
EBT;UF;5105259;911.6250;142;35;78;21;3;5;
EBT;UF;5105622;93.5000;18;3;13;0;2;0;
EBT;UF;5105903;0.5000;1;1;0;0;0;0;
EBT;UF;5106224;444.2500;83;16;46;15;5;1;
EBT;UF;5106752;291.1250;57;21;28;3;4;1;
EBT;UF;5107198;0.5625;2;2;0;0;0;0;
EBT;UF;5107602;1720.6250;190;27;108;36;8;11;
EBT;UF;5107909;6924.1250;165;18;103;26;6;12;
EBT;UF;5107925;826.2500;118;19;61;32;2;4;
EBT;UF;5107958;2.3750;5;4;1;0;0;0;
EBT;UF;5108402;654.0625;130;24;72;27;6;1;
EBT;UF;5200258;6.7500;7;2;5;0;0;0;
EBT;UF;5200308;5.2500;7;4;3;0;0;0;
EBT;UF;5201108;1601.7500;143;23;79;34;2;5;
EBT;UF;5201405;369.5000;176;38;120;18;0;0;
EBT;UF;5204508;25.0000;6;2;2;2;0;0;
EBT;UF;5204706;6.0000;6;3;3;0;0;0;
EBT;UF;5205109;275.3750;35;6;17;8;3;1;
EBT;UF;5206206;58.7500;7;2;2;2;1;0;
EBT;UF;5208004;2.0000;1;0;1;0;0;0;
EBT;UF;5208707;3018.8750;495;101;284;87;15;8;
EBT;UF;5209101;0.2500;1;1;0;0;0;0;
EBT;UF;5209937;2.0000;1;0;1;0;0;0;
EBT;UF;5210000;8.0000;4;0;4;0;0;0;
EBT;UF;5211503;81.5625;28;2;20;6;0;0;
EBT;UF;5211909;106.0000;3;0;1;1;0;1;
EBT;UF;5212501;49.6250;32;14;16;2;0;0;
EBT;UF;5213806;4.6250;9;6;3;0;0;0;
EBT;UF;5215231;4.0625;7;5;2;0;0;0;
EBT;UF;5217401;1.0000;1;0;1;0;0;0;
EBT;UF;5218003;22.5000;4;1;1;2;0;0;
EBT;UF;5218508;0.2500;1;1;0;0;0;0;
EBT;UF;5218805;141.0625;39;6;22;11;0;0;
EBT;UF;5219605;2.0000;1;0;1;0;0;0;
EBT;UF;5219753;7.0000;4;0;4;0;0;0;
EBT;UF;5220454;25.5000;14;1;13;0;0;0;
EBT;UF;5221403;19.0625;6;3;1;2;0;0;
EBT;UF;5221601;46.0625;12;8;1;2;1;0;
EBT;UF;5221858;29.3750;22;9;12;1;0;0;
EBT;UF;5300108;125904.375;2513;435;1126;543;175;234;
09;941;
