01;CLA;IPL3;201210;
1;J;1100015;1;
1;J;1100023;29;
1;J;1100031;2;
1;J;1100049;80;
1;J;1100056;2;
1;J;1100064;5;
1;J;1100072;1;
1;J;1100080;3;
1;J;1100098;3;
1;J;1100106;4;
1;J;1100114;9;
1;J;1100122;103;
1;J;1100130;4;
1;J;1100148;1;
1;J;1100155;9;
1;J;1100189;47;
1;J;1100205;444;
1;J;1100254;5;
1;J;1100288;5;
1;J;1100296;2;
1;J;1100304;93;
1;J;1100320;7;
1;J;1100338;2;
1;J;1100346;2;
1;J;1100379;1;
1;J;1100452;3;
1;J;1100502;3;
1;J;1100601;1;
1;J;1100924;1;
1;J;1100940;1;
1;J;1101104;1;
1;J;1101203;2;
1;J;1101302;3;
1;J;1101401;1;
1;J;1101492;1;
1;J;1101500;1;
1;J;1101708;1;
1;J;1200013;2;
1;J;1200138;1;
1;J;1200203;6;
1;J;1200252;4;
1;J;1200302;1;
1;J;1200336;1;
1;J;1200385;5;
1;J;1200401;238;
1;J;1200450;3;
1;J;1200500;2;
1;J;1200609;1;
1;J;1200708;2;
1;J;1200807;1;
1;J;1300029;4;
1;J;1300060;3;
1;J;1300086;2;
1;J;1300102;2;
1;J;1300144;4;
1;J;1300201;3;
1;J;1300300;1;
1;J;1300409;4;
1;J;1300508;2;
1;J;1300607;5;
1;J;1300631;3;
1;J;1300680;2;
1;J;1300706;1;
1;J;1300805;1;
1;J;1300839;3;
1;J;1300904;2;
1;J;1301001;3;
1;J;1301100;4;
1;J;1301159;3;
1;J;1301209;3;
1;J;1301308;2;
1;J;1301407;6;
1;J;1301506;1;
1;J;1301605;3;
1;J;1301654;3;
1;J;1301704;3;
1;J;1301803;2;
1;J;1301852;3;
1;J;1301902;8;
1;J;1301951;1;
1;J;1302009;2;
1;J;1302108;4;
1;J;1302207;5;
1;J;1302306;2;
1;J;1302405;7;
1;J;1302504;3;
1;J;1302553;2;
1;J;1302603;810;
1;J;1302702;3;
1;J;1302801;3;
1;J;1302900;3;
1;J;1303007;2;
1;J;1303106;5;
1;J;1303205;5;
1;J;1303304;3;
1;J;1303403;8;
1;J;1303502;3;
1;J;1303536;5;
1;J;1303569;4;
1;J;1303601;4;
1;J;1303700;2;
1;J;1303809;4;
1;J;1303908;2;
1;J;1303957;2;
1;J;1304005;1;
1;J;1304062;11;
1;J;1304104;1;
1;J;1304203;10;
1;J;1304237;4;
1;J;1304260;2;
1;J;1304302;3;
1;J;1304401;4;
1;J;1400050;3;
1;J;1400100;91;
1;J;1400209;2;
1;J;1400308;3;
1;J;1400456;7;
1;J;1400472;5;
1;J;1400605;2;
1;J;1500404;1;
1;J;1500503;4;
1;J;1500602;20;
1;J;1500800;108;
1;J;1501303;25;
1;J;1501402;555;
1;J;1501451;2;
1;J;1501501;19;
1;J;1501709;8;
1;J;1501782;1;
1;J;1501808;6;
1;J;1501956;3;
1;J;1502103;4;
1;J;1502152;1;
1;J;1502202;12;
1;J;1502301;3;
1;J;1502400;37;
1;J;1502707;5;
1;J;1502939;3;
1;J;1502954;2;
1;J;1503309;4;
1;J;1503457;3;
1;J;1503606;10;
1;J;1503804;1;
1;J;1503903;2;
1;J;1504059;2;
1;J;1504208;82;
1;J;1504422;44;
1;J;1504802;1;
1;J;1505031;3;
1;J;1505064;1;
1;J;1505106;2;
1;J;1505304;7;
1;J;1505403;1;
1;J;1505437;2;
1;J;1505502;27;
1;J;1505536;20;
1;J;1505601;1;
1;J;1505650;2;
1;J;1506138;6;
1;J;1506187;2;
1;J;1506203;6;
1;J;1506351;2;
1;J;1506500;6;
1;J;1506609;3;
1;J;1506708;1;
1;J;1506807;36;
1;J;1507607;6;
1;J;1507904;5;
1;J;1507953;2;
1;J;1508001;2;
1;J;1508084;4;
1;J;1508100;5;
1;J;1508159;2;
1;J;1508209;2;
1;J;1508407;9;
1;J;1600105;1;
1;J;1600212;1;
1;J;1600238;2;
1;J;1600279;2;
1;J;1600303;65;
1;J;1600402;3;
1;J;1600501;3;
1;J;1600600;4;
1;J;1600709;1;
1;J;1700350;3;
1;J;1700400;1;
1;J;1700707;4;
1;J;1702000;1;
1;J;1702109;72;
1;J;1702208;2;
1;J;1702307;1;
1;J;1702406;2;
1;J;1702554;2;
1;J;1703008;1;
1;J;1703602;1;
1;J;1703701;1;
1;J;1703867;1;
1;J;1705102;1;
1;J;1705508;7;
1;J;1705557;1;
1;J;1706100;3;
1;J;1707009;4;
1;J;1707108;2;
1;J;1707306;1;
1;J;1707553;2;
1;J;1707652;2;
1;J;1707702;1;
1;J;1708205;2;
1;J;1708254;1;
1;J;1709302;9;
1;J;1709500;24;
1;J;1711506;1;
1;J;1712009;1;
1;J;1713205;11;
1;J;1713304;4;
1;J;1714203;2;
1;J;1714880;4;
1;J;1715754;2;
1;J;1716109;10;
1;J;1716208;1;
1;J;1716505;3;
1;J;1716604;1;
1;J;1716703;1;
1;J;1717503;2;
1;J;1717909;1;
1;J;1718204;24;
1;J;1718402;1;
1;J;1718865;2;
1;J;1718907;1;
1;J;1720499;1;
1;J;1720655;2;
1;J;1720903;1;
1;J;1720978;1;
1;J;1721000;165;
1;J;1721109;1;
1;J;1721208;4;
1;J;1722081;3;
1;J;1722107;2;
1;J;2100055;9;
1;J;2100154;1;
1;J;2100204;4;
1;J;2100303;1;
1;J;2100402;1;
1;J;2100436;1;
1;J;2100477;1;
1;J;2100501;2;
1;J;2100600;3;
1;J;2100709;1;
1;J;2100808;1;
1;J;2100832;1;
1;J;2100873;1;
1;J;2100907;1;
1;J;2100956;2;
1;J;2101004;3;
1;J;2101103;1;
1;J;2101202;9;
1;J;2101251;3;
1;J;2101301;1;
1;J;2101400;2;
1;J;2101509;2;
1;J;2101608;9;
1;J;2101707;6;
1;J;2101772;1;
1;J;2101905;1;
1;J;2101970;3;
1;J;2102002;1;
1;J;2102036;1;
1;J;2102077;1;
1;J;2102101;1;
1;J;2102150;1;
1;J;2102200;1;
1;J;2102309;3;
1;J;2102408;1;
1;J;2102507;1;
1;J;2102606;1;
1;J;2102705;2;
1;J;2102754;1;
1;J;2102804;4;
1;J;2103000;16;
1;J;2103125;1;
1;J;2103174;1;
1;J;2103208;4;
1;J;2103307;6;
1;J;2103406;2;
1;J;2103505;1;
1;J;2103554;1;
1;J;2103604;3;
1;J;2103703;3;
1;J;2103802;1;
1;J;2104008;1;
1;J;2104057;5;
1;J;2104107;2;
1;J;2104206;1;
1;J;2104404;1;
1;J;2104503;1;
1;J;2104552;1;
1;J;2104602;1;
1;J;2104677;2;
1;J;2104701;1;
1;J;2104800;4;
1;J;2104909;1;
1;J;2105005;1;
1;J;2105104;1;
1;J;2105153;1;
1;J;2105203;1;
1;J;2105302;33;
1;J;2105351;1;
1;J;2105401;2;
1;J;2105427;2;
1;J;2105500;2;
1;J;2105609;1;
1;J;2105708;2;
1;J;2105807;1;
1;J;2105906;1;
1;J;2105948;1;
1;J;2105989;1;
1;J;2106102;2;
1;J;2106300;1;
1;J;2106326;2;
1;J;2106409;1;
1;J;2106508;1;
1;J;2106607;1;
1;J;2106706;2;
1;J;2106755;5;
1;J;2106904;1;
1;J;2107001;1;
1;J;2107100;1;
1;J;2107209;1;
1;J;2107357;2;
1;J;2107407;1;
1;J;2107456;1;
1;J;2107506;3;
1;J;2107605;1;
1;J;2107704;1;
1;J;2107803;2;
1;J;2107902;1;
1;J;2108009;2;
1;J;2108058;1;
1;J;2108108;1;
1;J;2108207;2;
1;J;2108256;1;
1;J;2108306;3;
1;J;2108405;1;
1;J;2108454;4;
1;J;2108504;2;
1;J;2108603;4;
1;J;2108702;1;
1;J;2108801;1;
1;J;2108900;1;
1;J;2109007;2;
1;J;2109106;9;
1;J;2109205;1;
1;J;2109239;1;
1;J;2109270;1;
1;J;2109304;1;
1;J;2109452;1;
1;J;2109502;1;
1;J;2109601;5;
1;J;2109809;1;
1;J;2109908;5;
1;J;2110005;2;
1;J;2110039;2;
1;J;2110104;1;
1;J;2110203;2;
1;J;2110237;1;
1;J;2110302;1;
1;J;2110401;2;
1;J;2110500;2;
1;J;2110609;1;
1;J;2110708;1;
1;J;2110906;1;
1;J;2111003;1;
1;J;2111078;1;
1;J;2111102;4;
1;J;2111201;7;
1;J;2111300;172;
1;J;2111409;2;
1;J;2111508;5;
1;J;2111607;2;
1;J;2111706;1;
1;J;2111722;1;
1;J;2111763;1;
1;J;2111789;1;
1;J;2111805;1;
1;J;2112001;1;
1;J;2112100;1;
1;J;2112209;7;
1;J;2112233;1;
1;J;2112506;1;
1;J;2112605;2;
1;J;2112704;3;
1;J;2112803;1;
1;J;2112902;2;
1;J;2114007;2;
1;J;2200202;1;
1;J;2200509;1;
1;J;2201200;1;
1;J;2201408;1;
1;J;2201903;4;
1;J;2201945;1;
1;J;2202000;1;
1;J;2202083;1;
1;J;2202505;1;
1;J;2202703;1;
1;J;2202729;1;
1;J;2202901;6;
1;J;2203206;2;
1;J;2203305;3;
1;J;2203909;5;
1;J;2204303;1;
1;J;2205276;1;
1;J;2205508;1;
1;J;2205557;1;
1;J;2205565;1;
1;J;2205805;1;
1;J;2207009;2;
1;J;2207702;13;
1;J;2208007;14;
1;J;2208304;1;
1;J;2208403;4;
1;J;2209401;1;
1;J;2209971;1;
1;J;2210003;1;
1;J;2210052;1;
1;J;2210607;3;
1;J;2211001;186;
1;J;2211308;1;
1;J;2300101;1;
1;J;2300150;1;
1;J;2300200;3;
1;J;2300309;4;
1;J;2300408;3;
1;J;2300507;1;
1;J;2300705;1;
1;J;2300754;1;
1;J;2300804;1;
1;J;2301000;20;
1;J;2301109;11;
1;J;2301208;1;
1;J;2301257;2;
1;J;2301307;2;
1;J;2301406;1;
1;J;2301505;1;
1;J;2301703;1;
1;J;2301802;1;
1;J;2301851;1;
1;J;2301901;10;
1;J;2302008;1;
1;J;2302057;1;
1;J;2302107;3;
1;J;2302206;1;
1;J;2302305;1;
1;J;2302404;4;
1;J;2302503;3;
1;J;2302602;5;
1;J;2302701;4;
1;J;2302800;4;
1;J;2302909;1;
1;J;2303006;1;
1;J;2303105;2;
1;J;2303303;2;
1;J;2303402;1;
1;J;2303501;5;
1;J;2303600;1;
1;J;2303659;1;
1;J;2303709;22;
1;J;2303808;2;
1;J;2303907;2;
1;J;2303931;1;
1;J;2303956;2;
1;J;2304004;1;
1;J;2304103;2;
1;J;2304202;13;
1;J;2304236;2;
1;J;2304251;1;
1;J;2304269;1;
1;J;2304277;1;
1;J;2304285;21;
1;J;2304301;1;
1;J;2304350;1;
1;J;2304400;225;
1;J;2304459;1;
1;J;2304509;1;
1;J;2304657;1;
1;J;2304707;2;
1;J;2304806;1;
1;J;2304905;1;
1;J;2304954;3;
1;J;2305001;2;
1;J;2305209;1;
1;J;2305233;9;
1;J;2305266;1;
1;J;2305308;2;
1;J;2305332;1;
1;J;2305357;2;
1;J;2305407;1;
1;J;2305506;5;
1;J;2305605;1;
1;J;2305654;1;
1;J;2305704;2;
1;J;2305803;2;
1;J;2305902;2;
1;J;2306009;2;
1;J;2306108;2;
1;J;2306207;1;
1;J;2306256;1;
1;J;2306306;1;
1;J;2306405;4;
1;J;2306504;1;
1;J;2306553;3;
1;J;2306603;2;
1;J;2306702;1;
1;J;2306801;1;
1;J;2306900;2;
1;J;2307007;3;
1;J;2307106;1;
1;J;2307205;1;
1;J;2307254;3;
1;J;2307304;20;
1;J;2307403;1;
1;J;2307502;1;
1;J;2307601;6;
1;J;2307635;1;
1;J;2307650;46;
1;J;2307700;3;
1;J;2307809;1;
1;J;2307908;1;
1;J;2308005;1;
1;J;2308104;3;
1;J;2308203;1;
1;J;2308302;1;
1;J;2308351;1;
1;J;2308377;1;
1;J;2308500;2;
1;J;2308609;2;
1;J;2308708;3;
1;J;2308807;1;
1;J;2308906;1;
1;J;2309003;1;
1;J;2309201;1;
1;J;2309300;3;
1;J;2309409;3;
1;J;2309458;1;
1;J;2309508;3;
1;J;2309607;6;
1;J;2309706;8;
1;J;2309805;1;
1;J;2309904;1;
1;J;2310001;1;
1;J;2310100;2;
1;J;2310209;2;
1;J;2310258;2;
1;J;2310308;2;
1;J;2310407;1;
1;J;2310506;2;
1;J;2310605;1;
1;J;2310704;3;
1;J;2310803;2;
1;J;2310852;2;
1;J;2310902;1;
1;J;2310951;1;
1;J;2311009;1;
1;J;2311108;1;
1;J;2311207;1;
1;J;2311231;1;
1;J;2311264;1;
1;J;2311306;4;
1;J;2311355;1;
1;J;2311405;3;
1;J;2311504;2;
1;J;2311603;3;
1;J;2311702;1;
1;J;2311801;6;
1;J;2311900;2;
1;J;2311959;1;
1;J;2312007;2;
1;J;2312106;1;
1;J;2312205;4;
1;J;2312304;2;
1;J;2312403;11;
1;J;2312502;1;
1;J;2312601;1;
1;J;2312700;5;
1;J;2312809;1;
1;J;2312908;31;
1;J;2313005;2;
1;J;2313104;1;
1;J;2313203;2;
1;J;2313252;1;
1;J;2313302;6;
1;J;2313351;1;
1;J;2313401;4;
1;J;2313500;2;
1;J;2313559;1;
1;J;2313609;4;
1;J;2313708;1;
1;J;2313757;1;
1;J;2313807;3;
1;J;2313906;1;
1;J;2313955;1;
1;J;2314003;2;
1;J;2314102;3;
1;J;2400109;7;
1;J;2400208;4;
1;J;2400307;1;
1;J;2400406;1;
1;J;2400505;1;
1;J;2400703;3;
1;J;2400802;8;
1;J;2400901;1;
1;J;2401008;1;
1;J;2401107;2;
1;J;2401206;1;
1;J;2401305;1;
1;J;2401404;1;
1;J;2401453;2;
1;J;2401503;1;
1;J;2401602;1;
1;J;2401651;1;
1;J;2401701;1;
1;J;2401800;1;
1;J;2401909;1;
1;J;2402006;2;
1;J;2402105;2;
1;J;2402204;2;
1;J;2402303;2;
1;J;2402402;2;
1;J;2402501;1;
1;J;2402600;6;
1;J;2402709;2;
1;J;2402808;1;
1;J;2402907;1;
1;J;2403004;1;
1;J;2403103;9;
1;J;2403202;1;
1;J;2403251;47;
1;J;2403301;1;
1;J;2403400;1;
1;J;2403509;1;
1;J;2403608;1;
1;J;2403707;2;
1;J;2403756;1;
1;J;2403806;1;
1;J;2403905;1;
1;J;2404002;1;
1;J;2404101;1;
1;J;2404200;5;
1;J;2404309;1;
1;J;2404408;1;
1;J;2404507;3;
1;J;2404606;1;
1;J;2404705;3;
1;J;2404804;1;
1;J;2404853;1;
1;J;2404903;1;
1;J;2405009;2;
1;J;2405108;1;
1;J;2405207;1;
1;J;2405306;1;
1;J;2405405;1;
1;J;2405504;1;
1;J;2405603;1;
1;J;2405702;1;
1;J;2405801;1;
1;J;2405900;1;
1;J;2406007;1;
1;J;2406106;1;
1;J;2406155;1;
1;J;2406205;1;
1;J;2406304;1;
1;J;2406403;1;
1;J;2406502;2;
1;J;2406601;1;
1;J;2406700;1;
1;J;2406809;1;
1;J;2406908;1;
1;J;2407104;24;
1;J;2407203;3;
1;J;2407252;1;
1;J;2407302;1;
1;J;2407401;5;
1;J;2407500;1;
1;J;2407609;1;
1;J;2407708;1;
1;J;2407807;1;
1;J;2407906;1;
1;J;2408003;81;
1;J;2408102;161;
1;J;2408201;2;
1;J;2408300;2;
1;J;2408409;1;
1;J;2408508;1;
1;J;2408607;1;
1;J;2408805;1;
1;J;2408904;2;
1;J;2408953;3;
1;J;2409100;2;
1;J;2409209;1;
1;J;2409308;1;
1;J;2409332;2;
1;J;2409407;1;
1;J;2409506;1;
1;J;2409605;1;
1;J;2409704;2;
1;J;2409803;1;
1;J;2409902;2;
1;J;2410009;1;
1;J;2410108;1;
1;J;2410207;3;
1;J;2410306;1;
1;J;2410405;1;
1;J;2410504;1;
1;J;2410603;1;
1;J;2410702;1;
1;J;2410801;1;
1;J;2410900;1;
1;J;2411007;1;
1;J;2411106;1;
1;J;2411205;4;
1;J;2411403;1;
1;J;2411429;1;
1;J;2411502;2;
1;J;2411601;1;
1;J;2411700;1;
1;J;2411809;1;
1;J;2411908;1;
1;J;2412005;11;
1;J;2412104;1;
1;J;2412203;2;
1;J;2412302;1;
1;J;2412401;1;
1;J;2412609;1;
1;J;2412708;1;
1;J;2412807;1;
1;J;2413003;1;
1;J;2413102;1;
1;J;2413201;1;
1;J;2413300;1;
1;J;2413359;1;
1;J;2413409;2;
1;J;2413508;1;
1;J;2413557;1;
1;J;2413607;1;
1;J;2413706;1;
1;J;2413805;1;
1;J;2413904;1;
1;J;2414001;2;
1;J;2414100;1;
1;J;2414159;1;
1;J;2414209;1;
1;J;2414308;1;
1;J;2414407;1;
1;J;2414456;1;
1;J;2414506;1;
1;J;2414605;1;
1;J;2414704;1;
1;J;2414753;1;
1;J;2414803;1;
1;J;2414902;1;
1;J;2415008;1;
1;J;2500106;3;
1;J;2500205;2;
1;J;2500304;3;
1;J;2500403;3;
1;J;2500502;4;
1;J;2500536;1;
1;J;2500601;12;
1;J;2500700;5;
1;J;2500775;1;
1;J;2500809;1;
1;J;2500908;1;
1;J;2501005;10;
1;J;2501104;4;
1;J;2501203;1;
1;J;2501302;4;
1;J;2501401;2;
1;J;2501500;5;
1;J;2501575;3;
1;J;2501609;3;
1;J;2501708;2;
1;J;2501807;5;
1;J;2501906;5;
1;J;2502003;1;
1;J;2502102;1;
1;J;2502151;2;
1;J;2502201;1;
1;J;2502300;1;
1;J;2502409;4;
1;J;2502508;6;
1;J;2502607;2;
1;J;2502706;1;
1;J;2502805;4;
1;J;2502904;1;
1;J;2503001;5;
1;J;2503100;4;
1;J;2503209;26;
1;J;2503308;1;
1;J;2503407;1;
1;J;2503506;2;
1;J;2503555;1;
1;J;2503605;3;
1;J;2503704;8;
1;J;2503803;1;
1;J;2503902;1;
1;J;2504009;103;
1;J;2504074;1;
1;J;2504108;1;
1;J;2504207;1;
1;J;2504306;6;
1;J;2504405;5;
1;J;2504504;1;
1;J;2504603;12;
1;J;2504702;1;
1;J;2504801;4;
1;J;2504850;1;
1;J;2504900;4;
1;J;2505006;1;
1;J;2505105;5;
1;J;2505204;1;
1;J;2505238;1;
1;J;2505279;2;
1;J;2505303;1;
1;J;2505402;1;
1;J;2505501;1;
1;J;2505600;2;
1;J;2505709;2;
1;J;2505808;1;
1;J;2505907;1;
1;J;2506004;3;
1;J;2506202;1;
1;J;2506301;9;
1;J;2506400;3;
1;J;2506608;2;
1;J;2506707;1;
1;J;2506806;5;
1;J;2506905;4;
1;J;2507002;6;
1;J;2507101;1;
1;J;2507200;1;
1;J;2507309;5;
1;J;2507408;2;
1;J;2507507;224;
1;J;2507606;1;
1;J;2507705;4;
1;J;2507804;1;
1;J;2507903;1;
1;J;2508000;1;
1;J;2508109;1;
1;J;2508208;1;
1;J;2508307;1;
1;J;2508406;1;
1;J;2508505;1;
1;J;2508604;3;
1;J;2508703;1;
1;J;2508802;6;
1;J;2508901;5;
1;J;2509057;2;
1;J;2509107;3;
1;J;2509156;1;
1;J;2509305;3;
1;J;2509396;1;
1;J;2509404;1;
1;J;2509602;1;
1;J;2509701;8;
1;J;2509800;1;
1;J;2509909;1;
1;J;2510006;1;
1;J;2510204;1;
1;J;2510303;1;
1;J;2510402;1;
1;J;2510501;1;
1;J;2510600;1;
1;J;2510659;3;
1;J;2510709;1;
1;J;2510808;10;
1;J;2510907;2;
1;J;2511004;2;
1;J;2511103;1;
1;J;2511202;7;
1;J;2511301;6;
1;J;2511400;6;
1;J;2511509;5;
1;J;2511608;3;
1;J;2511707;1;
1;J;2511806;4;
1;J;2512002;3;
1;J;2512101;7;
1;J;2512200;4;
1;J;2512309;6;
1;J;2512507;5;
1;J;2512705;4;
1;J;2512754;1;
1;J;2512788;1;
1;J;2512804;1;
1;J;2512903;8;
1;J;2513000;1;
1;J;2513208;1;
1;J;2513307;2;
1;J;2513406;4;
1;J;2513505;1;
1;J;2513604;3;
1;J;2513703;13;
1;J;2513802;1;
1;J;2513851;1;
1;J;2513901;4;
1;J;2514008;5;
1;J;2514107;1;
1;J;2514206;1;
1;J;2514305;1;
1;J;2514404;1;
1;J;2514503;4;
1;J;2514602;1;
1;J;2514701;1;
1;J;2514800;1;
1;J;2514909;3;
1;J;2515005;1;
1;J;2515104;1;
1;J;2515203;1;
1;J;2515302;7;
1;J;2515500;6;
1;J;2515609;1;
1;J;2515708;1;
1;J;2515807;1;
1;J;2515906;4;
1;J;2516003;2;
1;J;2516102;3;
1;J;2516201;7;
1;J;2516300;4;
1;J;2516409;1;
1;J;2516508;5;
1;J;2516607;1;
1;J;2516706;7;
1;J;2516805;1;
1;J;2516904;6;
1;J;2517001;4;
1;J;2517100;1;
1;J;2600054;32;
1;J;2600104;1;
1;J;2600203;2;
1;J;2600401;2;
1;J;2600500;4;
1;J;2600708;3;
1;J;2600906;1;
1;J;2601052;1;
1;J;2601102;3;
1;J;2601201;7;
1;J;2601409;9;
1;J;2601607;1;
1;J;2601706;9;
1;J;2601904;3;
1;J;2602001;1;
1;J;2602100;2;
1;J;2602209;6;
1;J;2602605;2;
1;J;2602704;1;
1;J;2602803;1;
1;J;2602902;94;
1;J;2603009;3;
1;J;2603108;1;
1;J;2603207;1;
1;J;2603454;5;
1;J;2603603;1;
1;J;2603926;2;
1;J;2604007;8;
1;J;2604106;72;
1;J;2604155;1;
1;J;2604205;4;
1;J;2604502;1;
1;J;2604700;1;
1;J;2604809;1;
1;J;2604908;1;
1;J;2605004;1;
1;J;2605103;1;
1;J;2605152;1;
1;J;2605202;9;
1;J;2605301;2;
1;J;2605400;1;
1;J;2605459;5;
1;J;2605509;1;
1;J;2605608;2;
1;J;2605707;4;
1;J;2606002;22;
1;J;2606101;1;
1;J;2606200;12;
1;J;2606408;12;
1;J;2606606;3;
1;J;2606804;25;
1;J;2607208;94;
1;J;2607307;1;
1;J;2607604;2;
1;J;2607653;4;
1;J;2607752;9;
1;J;2607901;144;
1;J;2608107;1;
1;J;2608206;2;
1;J;2608305;1;
1;J;2608453;3;
1;J;2608503;3;
1;J;2608750;2;
1;J;2608800;4;
1;J;2608909;15;
1;J;2609006;1;
1;J;2609105;2;
1;J;2609402;7;
1;J;2609501;7;
1;J;2609600;55;
1;J;2609709;1;
1;J;2609907;6;
1;J;2610004;5;
1;J;2610103;1;
1;J;2610509;2;
1;J;2610608;4;
1;J;2610707;66;
1;J;2610905;6;
1;J;2611002;1;
1;J;2611101;41;
1;J;2611309;1;
1;J;2611507;1;
1;J;2611606;439;
1;J;2611804;3;
1;J;2611903;2;
1;J;2612109;1;
1;J;2612208;4;
1;J;2612505;9;
1;J;2612554;2;
1;J;2612604;2;
1;J;2613008;8;
1;J;2613107;2;
1;J;2613206;1;
1;J;2613305;1;
1;J;2613404;1;
1;J;2613503;1;
1;J;2613701;5;
1;J;2613800;1;
1;J;2613909;23;
1;J;2614105;1;
1;J;2614204;2;
1;J;2614501;15;
1;J;2614808;1;
1;J;2614857;5;
1;J;2615300;5;
1;J;2615409;1;
1;J;2615607;2;
1;J;2616183;1;
1;J;2616308;2;
1;J;2616407;18;
1;J;2616506;2;
1;J;2700102;3;
1;J;2700201;2;
1;J;2700300;31;
1;J;2700409;5;
1;J;2700508;2;
1;J;2700607;3;
1;J;2700706;4;
1;J;2700805;1;
1;J;2700904;1;
1;J;2701001;3;
1;J;2701100;2;
1;J;2701209;2;
1;J;2701308;2;
1;J;2701357;1;
1;J;2701407;4;
1;J;2701506;1;
1;J;2701605;2;
1;J;2701704;5;
1;J;2701803;1;
1;J;2701902;1;
1;J;2702009;1;
1;J;2702108;3;
1;J;2702207;1;
1;J;2702306;4;
1;J;2702355;1;
1;J;2702405;8;
1;J;2702504;2;
1;J;2702553;1;
1;J;2702603;2;
1;J;2702702;2;
1;J;2702801;1;
1;J;2702900;3;
1;J;2703106;2;
1;J;2703205;3;
1;J;2703304;1;
1;J;2703403;1;
1;J;2703502;1;
1;J;2703700;1;
1;J;2703809;3;
1;J;2703908;1;
1;J;2704005;2;
1;J;2704104;1;
1;J;2704203;3;
1;J;2704302;219;
1;J;2704401;2;
1;J;2704500;2;
1;J;2704609;2;
1;J;2704708;15;
1;J;2704807;3;
1;J;2704906;1;
1;J;2705002;3;
1;J;2705101;2;
1;J;2705200;2;
1;J;2705309;1;
1;J;2705408;1;
1;J;2705507;7;
1;J;2705606;1;
1;J;2705705;4;
1;J;2705804;1;
1;J;2705903;1;
1;J;2706000;1;
1;J;2706109;1;
1;J;2706208;1;
1;J;2706307;5;
1;J;2706406;4;
1;J;2706422;7;
1;J;2706448;2;
1;J;2706505;2;
1;J;2706703;1;
1;J;2706802;6;
1;J;2706901;3;
1;J;2707008;1;
1;J;2707107;2;
1;J;2707206;1;
1;J;2707305;4;
1;J;2707404;2;
1;J;2707503;4;
1;J;2707602;3;
1;J;2707701;12;
1;J;2707909;2;
1;J;2708006;11;
1;J;2708105;1;
1;J;2708204;3;
1;J;2708303;2;
1;J;2708402;3;
1;J;2708501;3;
1;J;2708600;1;
1;J;2708709;1;
1;J;2708808;4;
1;J;2708907;3;
1;J;2708956;1;
1;J;2709004;2;
1;J;2709103;2;
1;J;2709152;7;
1;J;2709202;2;
1;J;2709301;6;
1;J;2709400;3;
1;J;2800209;1;
1;J;2800308;254;
1;J;2800407;1;
1;J;2800506;4;
1;J;2800605;5;
1;J;2800670;5;
1;J;2801009;1;
1;J;2801108;1;
1;J;2801207;1;
1;J;2801405;5;
1;J;2801504;3;
1;J;2801603;1;
1;J;2801702;1;
1;J;2802106;21;
1;J;2802205;1;
1;J;2802304;2;
1;J;2802403;1;
1;J;2802700;1;
1;J;2802908;4;
1;J;2803005;3;
1;J;2803203;14;
1;J;2803302;1;
1;J;2803401;3;
1;J;2803500;9;
1;J;2803609;10;
1;J;2803708;1;
1;J;2803807;2;
1;J;2804003;4;
1;J;2804102;1;
1;J;2804201;1;
1;J;2804409;3;
1;J;2804508;4;
1;J;2804607;1;
1;J;2804805;68;
1;J;2804904;4;
1;J;2805109;2;
1;J;2805307;2;
1;J;2805406;1;
1;J;2805505;1;
1;J;2805604;1;
1;J;2805703;1;
1;J;2806008;1;
1;J;2806107;2;
1;J;2806206;1;
1;J;2806305;1;
1;J;2806503;1;
1;J;2806602;2;
1;J;2806701;26;
1;J;2806800;1;
1;J;2807105;2;
1;J;2807303;1;
1;J;2807402;3;
1;J;2807600;3;
1;J;2900108;1;
1;J;2900355;1;
1;J;2900702;23;
1;J;2900801;1;
1;J;2900900;1;
1;J;2901007;1;
1;J;2901205;1;
1;J;2901304;1;
1;J;2901502;1;
1;J;2901601;2;
1;J;2902104;1;
1;J;2902906;1;
1;J;2903201;28;
1;J;2903276;1;
1;J;2903409;1;
1;J;2903508;1;
1;J;2903904;4;
1;J;2904001;1;
1;J;2904100;1;
1;J;2904308;1;
1;J;2904605;7;
1;J;2904704;3;
1;J;2904753;1;
1;J;2904803;1;
1;J;2904902;4;
1;J;2905008;1;
1;J;2905206;3;
1;J;2905404;2;
1;J;2905602;6;
1;J;2905701;189;
1;J;2905800;1;
1;J;2905909;2;
1;J;2906006;6;
1;J;2906303;2;
1;J;2906501;46;
1;J;2906709;2;
1;J;2906857;1;
1;J;2906873;2;
1;J;2906907;4;
1;J;2907103;2;
1;J;2907301;2;
1;J;2907509;9;
1;J;2907806;1;
1;J;2907905;1;
1;J;2908002;2;
1;J;2908101;2;
1;J;2908408;4;
1;J;2908507;6;
1;J;2908606;1;
1;J;2908705;1;
1;J;2908804;2;
1;J;2908903;1;
1;J;2909307;3;
1;J;2909406;1;
1;J;2909802;11;
1;J;2909901;2;
1;J;2910057;16;
1;J;2910503;8;
1;J;2910602;5;
1;J;2910701;4;
1;J;2910727;45;
1;J;2910800;167;
1;J;2910909;1;
1;J;2911105;1;
1;J;2911204;4;
1;J;2911600;2;
1;J;2911709;6;
1;J;2911808;1;
1;J;2912103;3;
1;J;2912202;1;
1;J;2913200;1;
1;J;2913309;2;
1;J;2913408;1;
1;J;2913507;2;
1;J;2913606;46;
1;J;2913705;1;
1;J;2913903;16;
1;J;2914000;3;
1;J;2914307;1;
1;J;2914406;1;
1;J;2914604;12;
1;J;2914653;5;
1;J;2914703;6;
1;J;2914802;68;
1;J;2914901;11;
1;J;2915205;5;
1;J;2915304;1;
1;J;2915502;1;
1;J;2915601;7;
1;J;2915700;1;
1;J;2915809;5;
1;J;2916203;1;
1;J;2916302;3;
1;J;2916401;13;
1;J;2916906;1;
1;J;2917003;1;
1;J;2917102;5;
1;J;2917300;1;
1;J;2917508;10;
1;J;2917607;1;
1;J;2917706;4;
1;J;2917904;2;
1;J;2918001;29;
1;J;2918100;2;
1;J;2918407;47;
1;J;2918456;2;
1;J;2919207;38;
1;J;2919405;1;
1;J;2919504;1;
1;J;2919553;5;
1;J;2919702;2;
1;J;2919801;1;
1;J;2919926;2;
1;J;2920007;1;
1;J;2920452;1;
1;J;2920502;1;
1;J;2920601;3;
1;J;2920700;2;
1;J;2921005;15;
1;J;2921104;2;
1;J;2921203;2;
1;J;2921302;3;
1;J;2921500;2;
1;J;2921708;2;
1;J;2921906;1;
1;J;2922003;10;
1;J;2922102;2;
1;J;2922409;1;
1;J;2922508;1;
1;J;2923001;3;
1;J;2923100;1;
1;J;2923209;2;
1;J;2923407;1;
1;J;2923506;1;
1;J;2923704;1;
1;J;2923803;1;
1;J;2924009;16;
1;J;2924207;1;
1;J;2924405;1;
1;J;2924652;1;
1;J;2924900;1;
1;J;2925006;2;
1;J;2925105;2;
1;J;2925204;13;
1;J;2925303;40;
1;J;2925501;3;
1;J;2925600;2;
1;J;2925709;1;
1;J;2926004;3;
1;J;2926301;6;
1;J;2926400;1;
1;J;2926509;1;
1;J;2926608;6;
1;J;2927200;2;
1;J;2927408;845;
1;J;2927705;1;
1;J;2927804;1;
1;J;2928000;1;
1;J;2928059;1;
1;J;2928109;2;
1;J;2928208;1;
1;J;2928406;3;
1;J;2928604;2;
1;J;2928703;7;
1;J;2928802;4;
1;J;2928901;8;
1;J;2929206;24;
1;J;2929503;5;
1;J;2929602;2;
1;J;2929909;4;
1;J;2930105;7;
1;J;2930154;3;
1;J;2930204;1;
1;J;2930501;12;
1;J;2930709;69;
1;J;2931350;43;
1;J;2931509;1;
1;J;2931707;2;
1;J;2931905;2;
1;J;2932002;1;
1;J;2932200;1;
1;J;2932507;2;
1;J;2932606;2;
1;J;2932705;1;
1;J;2932903;9;
1;J;2933208;2;
1;J;2933307;72;
1;J;2933604;2;
1;J;3100203;3;
1;J;3100302;1;
1;J;3100500;1;
1;J;3100609;2;
1;J;3100708;1;
1;J;3100906;2;
1;J;3101003;1;
1;J;3101102;5;
1;J;3101201;1;
1;J;3101300;1;
1;J;3101409;1;
1;J;3101508;13;
1;J;3101607;42;
1;J;3101706;14;
1;J;3101904;4;
1;J;3102001;1;
1;J;3102100;3;
1;J;3102209;1;
1;J;3102308;2;
1;J;3102506;2;
1;J;3102605;9;
1;J;3102803;1;
1;J;3102852;1;
1;J;3102902;3;
1;J;3103009;3;
1;J;3103405;13;
1;J;3103504;37;
1;J;3103603;1;
1;J;3103702;1;
1;J;3103751;2;
1;J;3104007;61;
1;J;3104106;6;
1;J;3104205;13;
1;J;3104304;3;
1;J;3104502;1;
1;J;3104601;3;
1;J;3104908;2;
1;J;3105103;3;
1;J;3105202;1;
1;J;3105400;11;
1;J;3105608;35;
1;J;3105707;1;
1;J;3105905;2;
1;J;3106200;1471;
1;J;3106309;9;
1;J;3106408;2;
1;J;3106655;1;
1;J;3106705;271;
1;J;3106804;1;
1;J;3106903;4;
1;J;3107000;1;
1;J;3107109;4;
1;J;3107307;5;
1;J;3107406;9;
1;J;3107604;2;
1;J;3107703;1;
1;J;3108008;1;
1;J;3108107;2;
1;J;3108206;4;
1;J;3108305;3;
1;J;3108404;1;
1;J;3108602;4;
1;J;3108701;1;
1;J;3108800;1;
1;J;3108909;3;
1;J;3109006;20;
1;J;3109105;2;
1;J;3109204;1;
1;J;3109253;1;
1;J;3109303;2;
1;J;3109402;1;
1;J;3109451;1;
1;J;3109501;2;
1;J;3109600;3;
1;J;3109709;3;
1;J;3109808;2;
1;J;3109907;3;
1;J;3110004;19;
1;J;3110202;2;
1;J;3110301;8;
1;J;3110509;9;
1;J;3110608;13;
1;J;3110707;3;
1;J;3110806;1;
1;J;3110905;3;
1;J;3111002;4;
1;J;3111101;4;
1;J;3111150;1;
1;J;3111200;4;
1;J;3111309;2;
1;J;3111507;3;
1;J;3111606;2;
1;J;3111705;2;
1;J;3111804;1;
1;J;3112000;2;
1;J;3112208;1;
1;J;3112307;3;
1;J;3112406;1;
1;J;3112505;2;
1;J;3112604;1;
1;J;3112653;1;
1;J;3112802;1;
1;J;3113008;1;
1;J;3113206;3;
1;J;3113305;3;
1;J;3113404;37;
1;J;3113503;3;
1;J;3113602;2;
1;J;3113701;2;
1;J;3113909;2;
1;J;3114006;1;
1;J;3114105;3;
1;J;3114204;2;
1;J;3114303;4;
1;J;3114402;5;
1;J;3114501;4;
1;J;3114550;4;
1;J;3114907;2;
1;J;3115003;2;
1;J;3115102;5;
1;J;3115201;1;
1;J;3115300;12;
1;J;3115409;1;
1;J;3115474;1;
1;J;3115508;10;
1;J;3115607;2;
1;J;3115904;1;
1;J;3116001;1;
1;J;3116159;3;
1;J;3116308;1;
1;J;3116407;1;
1;J;3116605;4;
1;J;3116704;1;
1;J;3116803;2;
1;J;3116902;4;
1;J;3117009;1;
1;J;3117108;4;
1;J;3117207;1;
1;J;3117306;3;
1;J;3117405;1;
1;J;3117504;2;
1;J;3117603;3;
1;J;3117702;3;
1;J;3117801;4;
1;J;3117876;1;
1;J;3117900;1;
1;J;3118007;18;
1;J;3118106;2;
1;J;3118205;3;
1;J;3118304;24;
1;J;3118403;1;
1;J;3118502;2;
1;J;3118601;371;
1;J;3118809;1;
1;J;3119005;2;
1;J;3119104;6;
1;J;3119302;7;
1;J;3119401;18;
1;J;3119609;2;
1;J;3119708;2;
1;J;3119807;3;
1;J;3120003;1;
1;J;3120102;2;
1;J;3120151;2;
1;J;3120409;2;
1;J;3120508;2;
1;J;3120607;1;
1;J;3120706;1;
1;J;3120805;4;
1;J;3120839;1;
1;J;3120870;1;
1;J;3120904;42;
1;J;3121001;1;
1;J;3121100;1;
1;J;3121258;3;
1;J;3121308;1;
1;J;3121407;3;
1;J;3121506;1;
1;J;3121605;27;
1;J;3121704;1;
1;J;3121902;1;
1;J;3122009;1;
1;J;3122306;65;
1;J;3122454;4;
1;J;3122504;1;
1;J;3122702;1;
1;J;3122900;2;
1;J;3123007;2;
1;J;3123205;5;
1;J;3123304;1;
1;J;3123403;1;
1;J;3123502;1;
1;J;3123601;7;
1;J;3123858;3;
1;J;3123908;2;
1;J;3124005;3;
1;J;3124104;4;
1;J;3124203;5;
1;J;3124302;2;
1;J;3124401;1;
1;J;3124609;1;
1;J;3124708;1;
1;J;3124807;7;
1;J;3124906;3;
1;J;3125101;51;
1;J;3125200;4;
1;J;3125309;1;
1;J;3125606;3;
1;J;3125705;4;
1;J;3125804;1;
1;J;3125903;1;
1;J;3125952;5;
1;J;3126000;4;
1;J;3126109;12;
1;J;3126208;1;
1;J;3126307;6;
1;J;3126703;2;
1;J;3126752;3;
1;J;3126802;1;
1;J;3126901;1;
1;J;3126950;1;
1;J;3127008;3;
1;J;3127073;1;
1;J;3127107;18;
1;J;3127305;1;
1;J;3127354;1;
1;J;3127370;1;
1;J;3127388;3;
1;J;3127404;1;
1;J;3127602;1;
1;J;3127701;99;
1;J;3127800;5;
1;J;3127909;1;
1;J;3128006;7;
1;J;3128105;1;
1;J;3128204;3;
1;J;3128253;1;
1;J;3128303;2;
1;J;3128402;2;
1;J;3128600;3;
1;J;3128709;21;
1;J;3129202;1;
1;J;3129509;7;
1;J;3129608;3;
1;J;3129657;1;
1;J;3129707;3;
1;J;3129806;28;
1;J;3129905;2;
1;J;3130002;1;
1;J;3130051;1;
1;J;3130101;12;
1;J;3130309;2;
1;J;3130408;3;
1;J;3130507;1;
1;J;3130556;2;
1;J;3130655;1;
1;J;3130705;1;
1;J;3130903;2;
1;J;3131000;1;
1;J;3131109;1;
1;J;3131208;3;
1;J;3131307;81;
1;J;3131703;50;
1;J;3131802;1;
1;J;3131901;18;
1;J;3132107;6;
1;J;3132206;2;
1;J;3132404;91;
1;J;3132503;3;
1;J;3132602;2;
1;J;3132701;1;
1;J;3132909;1;
1;J;3133006;7;
1;J;3133105;4;
1;J;3133204;2;
1;J;3133303;2;
1;J;3133402;6;
1;J;3133501;2;
1;J;3133600;3;
1;J;3133709;5;
1;J;3133758;10;
1;J;3133808;48;
1;J;3133907;2;
1;J;3134103;1;
1;J;3134202;18;
1;J;3134301;2;
1;J;3134400;10;
1;J;3134608;5;
1;J;3134707;2;
1;J;3134806;1;
1;J;3134905;3;
1;J;3135050;3;
1;J;3135076;1;
1;J;3135100;6;
1;J;3135209;4;
1;J;3135308;1;
1;J;3135407;4;
1;J;3135506;1;
1;J;3135605;1;
1;J;3135803;3;
1;J;3136108;1;
1;J;3136207;39;
1;J;3136306;10;
1;J;3136405;2;
1;J;3136520;1;
1;J;3136603;1;
1;J;3136652;11;
1;J;3136702;137;
1;J;3136900;1;
1;J;3136959;4;
1;J;3137205;9;
1;J;3137536;1;
1;J;3137601;40;
1;J;3137700;2;
1;J;3137809;8;
1;J;3137908;1;
1;J;3138005;2;
1;J;3138104;1;
1;J;3138203;74;
1;J;3138401;15;
1;J;3138500;1;
1;J;3138609;5;
1;J;3138625;1;
1;J;3138674;2;
1;J;3138682;4;
1;J;3138708;2;
1;J;3138807;1;
1;J;3138906;1;
1;J;3139003;12;
1;J;3139201;3;
1;J;3139300;3;
1;J;3139409;24;
1;J;3139508;13;
1;J;3139805;1;
1;J;3139904;1;
1;J;3140001;16;
1;J;3140159;1;
1;J;3140209;2;
1;J;3140308;1;
1;J;3140407;1;
1;J;3140506;3;
1;J;3140530;3;
1;J;3140555;1;
1;J;3140704;17;
1;J;3140803;11;
1;J;3140852;2;
1;J;3140902;1;
1;J;3141108;12;
1;J;3141306;2;
1;J;3141405;4;
1;J;3141504;1;
1;J;3141603;2;
1;J;3141702;3;
1;J;3141801;2;
1;J;3142007;1;
1;J;3142106;3;
1;J;3142205;7;
1;J;3142254;2;
1;J;3142304;2;
1;J;3142502;3;
1;J;3142601;2;
1;J;3142700;2;
1;J;3142809;2;
1;J;3142908;4;
1;J;3143005;4;
1;J;3143104;7;
1;J;3143153;2;
1;J;3143203;3;
1;J;3143302;137;
1;J;3143401;2;
1;J;3143450;1;
1;J;3143500;4;
1;J;3143609;2;
1;J;3143807;1;
1;J;3143906;30;
1;J;3144003;3;
1;J;3144102;5;
1;J;3144300;9;
1;J;3144359;2;
1;J;3144375;1;
1;J;3144409;2;
1;J;3144607;5;
1;J;3144656;4;
1;J;3144672;1;
1;J;3144706;3;
1;J;3144805;88;
1;J;3144904;1;
1;J;3145000;3;
1;J;3145059;3;
1;J;3145109;2;
1;J;3145208;6;
1;J;3145307;1;
1;J;3145356;1;
1;J;3145372;1;
1;J;3145604;7;
1;J;3145851;2;
1;J;3145877;1;
1;J;3145901;32;
1;J;3146008;4;
1;J;3146107;44;
1;J;3146206;1;
1;J;3146305;2;
1;J;3146503;1;
1;J;3146552;2;
1;J;3146602;2;
1;J;3146701;3;
1;J;3146750;1;
1;J;3146909;1;
1;J;3147006;36;
1;J;3147105;30;
1;J;3147204;2;
1;J;3147303;7;
1;J;3147402;15;
1;J;3147600;6;
1;J;3147709;2;
1;J;3147808;1;
1;J;3147907;35;
1;J;3148004;18;
1;J;3148103;10;
1;J;3148202;3;
1;J;3148301;2;
1;J;3148608;2;
1;J;3148707;9;
1;J;3148756;1;
1;J;3148806;1;
1;J;3149101;2;
1;J;3149150;2;
1;J;3149309;39;
1;J;3149507;1;
1;J;3149804;2;
1;J;3149903;10;
1;J;3150000;1;
1;J;3150158;1;
1;J;3150208;1;
1;J;3150307;1;
1;J;3150406;2;
1;J;3150604;1;
1;J;3150802;1;
1;J;3150901;1;
1;J;3151107;8;
1;J;3151206;20;
1;J;3151305;1;
1;J;3151404;5;
1;J;3151503;3;
1;J;3151602;4;
1;J;3151701;9;
1;J;3151800;130;
1;J;3151909;1;
1;J;3152006;3;
1;J;3152105;13;
1;J;3152131;1;
1;J;3152170;1;
1;J;3152204;3;
1;J;3152303;1;
1;J;3152501;110;
1;J;3152600;1;
1;J;3152709;1;
1;J;3152808;6;
1;J;3152907;2;
1;J;3153103;2;
1;J;3153202;1;
1;J;3153301;1;
1;J;3153400;1;
1;J;3153608;3;
1;J;3153707;2;
1;J;3153806;1;
1;J;3154002;2;
1;J;3154101;2;
1;J;3154150;1;
1;J;3154200;2;
1;J;3154309;5;
1;J;3154507;1;
1;J;3154606;48;
1;J;3154705;1;
1;J;3154804;1;
1;J;3154903;4;
1;J;3155009;2;
1;J;3155108;2;
1;J;3155207;2;
1;J;3155306;2;
1;J;3155405;3;
1;J;3155504;1;
1;J;3155603;4;
1;J;3155702;2;
1;J;3155801;5;
1;J;3155900;2;
1;J;3156007;1;
1;J;3156106;2;
1;J;3156304;1;
1;J;3156452;1;
1;J;3156502;2;
1;J;3156700;32;
1;J;3156809;1;
1;J;3156908;8;
1;J;3157005;4;
1;J;3157104;3;
1;J;3157203;4;
1;J;3157252;2;
1;J;3157278;1;
1;J;3157302;1;
1;J;3157377;2;
1;J;3157401;1;
1;J;3157658;2;
1;J;3157807;65;
1;J;3158003;4;
1;J;3158201;1;
1;J;3158300;3;
1;J;3158409;1;
1;J;3158706;1;
1;J;3158805;1;
1;J;3158953;8;
1;J;3159001;3;
1;J;3159100;1;
1;J;3159209;4;
1;J;3159308;1;
1;J;3159357;1;
1;J;3159407;1;
1;J;3159605;25;
1;J;3159803;2;
1;J;3159902;2;
1;J;3160009;1;
1;J;3160108;1;
1;J;3160207;1;
1;J;3160306;1;
1;J;3160405;3;
1;J;3160454;2;
1;J;3160603;2;
1;J;3160702;3;
1;J;3160900;1;
1;J;3160959;2;
1;J;3161007;4;
1;J;3161106;6;
1;J;3161403;1;
1;J;3161601;11;
1;J;3161650;1;
1;J;3161700;1;
1;J;3161809;1;
1;J;3161908;3;
1;J;3162005;6;
1;J;3162104;7;
1;J;3162203;1;
1;J;3162252;1;
1;J;3162401;1;
1;J;3162450;1;
1;J;3162500;63;
1;J;3162559;1;
1;J;3162575;1;
1;J;3162658;1;
1;J;3162708;3;
1;J;3162807;3;
1;J;3162906;8;
1;J;3162922;11;
1;J;3162955;1;
1;J;3163003;1;
1;J;3163102;1;
1;J;3163300;1;
1;J;3163409;3;
1;J;3163508;1;
1;J;3163607;1;
1;J;3163706;22;
1;J;3163805;2;
1;J;3163904;1;
1;J;3164100;2;
1;J;3164209;1;
1;J;3164308;2;
1;J;3164407;1;
1;J;3164431;1;
1;J;3164472;1;
1;J;3164506;2;
1;J;3164605;2;
1;J;3164704;49;
1;J;3165206;2;
1;J;3165305;3;
1;J;3165537;3;
1;J;3165560;1;
1;J;3165578;1;
1;J;3165701;2;
1;J;3166006;2;
1;J;3166204;1;
1;J;3166501;1;
1;J;3166907;2;
1;J;3166956;1;
1;J;3167103;4;
1;J;3167202;107;
1;J;3167400;2;
1;J;3167608;3;
1;J;3167707;1;
1;J;3167905;1;
1;J;3168002;5;
1;J;3168051;1;
1;J;3168101;5;
1;J;3168408;1;
1;J;3168507;2;
1;J;3168606;28;
1;J;3168705;49;
1;J;3168804;2;
1;J;3168903;3;
1;J;3169059;3;
1;J;3169208;3;
1;J;3169307;63;
1;J;3169356;12;
1;J;3169406;7;
1;J;3169604;1;
1;J;3169703;1;
1;J;3169802;2;
1;J;3169901;16;
1;J;3170057;1;
1;J;3170107;116;
1;J;3170206;345;
1;J;3170404;51;
1;J;3170438;1;
1;J;3170479;1;
1;J;3170503;2;
1;J;3170529;3;
1;J;3170602;1;
1;J;3170651;1;
1;J;3170701;86;
1;J;3170750;1;
1;J;3170800;4;
1;J;3171006;7;
1;J;3171030;1;
1;J;3171071;1;
1;J;3171105;1;
1;J;3171154;1;
1;J;3171204;45;
1;J;3171303;21;
1;J;3171402;1;
1;J;3171501;1;
1;J;3171808;1;
1;J;3172004;10;
1;J;3200102;6;
1;J;3200136;2;
1;J;3200169;2;
1;J;3200201;5;
1;J;3200300;3;
1;J;3200359;2;
1;J;3200409;11;
1;J;3200508;2;
1;J;3200607;21;
1;J;3200706;4;
1;J;3200805;9;
1;J;3200904;8;
1;J;3201001;3;
1;J;3201100;3;
1;J;3201159;3;
1;J;3201209;53;
1;J;3201308;79;
1;J;3201407;5;
1;J;3201506;53;
1;J;3201605;4;
1;J;3201704;3;
1;J;3201803;4;
1;J;3201902;11;
1;J;3202009;3;
1;J;3202108;4;
1;J;3202207;6;
1;J;3202256;1;
1;J;3202306;7;
1;J;3202405;26;
1;J;3202454;6;
1;J;3202504;13;
1;J;3202553;3;
1;J;3202603;2;
1;J;3202652;1;
1;J;3202702;5;
1;J;3202801;11;
1;J;3202900;3;
1;J;3203007;10;
1;J;3203056;2;
1;J;3203106;3;
1;J;3203130;5;
1;J;3203163;3;
1;J;3203205;37;
1;J;3203304;3;
1;J;3203320;8;
1;J;3203346;3;
1;J;3203353;3;
1;J;3203403;7;
1;J;3203502;3;
1;J;3203601;2;
1;J;3203700;7;
1;J;3203809;5;
1;J;3203908;4;
1;J;3204005;2;
1;J;3204054;3;
1;J;3204104;8;
1;J;3204203;7;
1;J;3204252;1;
1;J;3204302;2;
1;J;3204351;3;
1;J;3204401;7;
1;J;3204500;5;
1;J;3204559;7;
1;J;3204609;7;
1;J;3204658;3;
1;J;3204708;6;
1;J;3204807;1;
1;J;3204906;25;
1;J;3204955;2;
1;J;3205002;186;
1;J;3205010;3;
1;J;3205036;5;
1;J;3205069;24;
1;J;3205101;21;
1;J;3205150;1;
1;J;3205176;2;
1;J;3205200;109;
1;J;3205309;199;
1;J;3300100;52;
1;J;3300209;9;
1;J;3300233;4;
1;J;3300258;4;
1;J;3300308;27;
1;J;3300407;38;
1;J;3300456;34;
1;J;3300605;3;
1;J;3300704;16;
1;J;3300803;7;
1;J;3300902;1;
1;J;3301009;80;
1;J;3301108;2;
1;J;3301207;1;
1;J;3301306;7;
1;J;3301603;1;
1;J;3301702;153;
1;J;3301801;5;
1;J;3301850;5;
1;J;3301900;24;
1;J;3302007;24;
1;J;3302205;19;
1;J;3302254;18;
1;J;3302270;3;
1;J;3302403;202;
1;J;3302502;13;
1;J;3302601;6;
1;J;3302700;8;
1;J;3302809;2;
1;J;3302858;19;
1;J;3302908;2;
1;J;3303005;1;
1;J;3303104;1;
1;J;3303203;26;
1;J;3303302;220;
1;J;3303401;21;
1;J;3303500;92;
1;J;3303609;9;
1;J;3303708;6;
1;J;3303807;7;
1;J;3303906;66;
1;J;3303955;2;
1;J;3304003;9;
1;J;3304102;1;
1;J;3304110;45;
1;J;3304128;1;
1;J;3304144;13;
1;J;3304151;1;
1;J;3304201;59;
1;J;3304300;8;
1;J;3304524;48;
1;J;3304557;5528;
1;J;3304706;3;
1;J;3304755;3;
1;J;3304805;3;
1;J;3304904;101;
1;J;3305000;17;
1;J;3305109;62;
1;J;3305158;2;
1;J;3305208;24;
1;J;3305406;2;
1;J;3305505;3;
1;J;3305554;11;
1;J;3305604;3;
1;J;3305752;1;
1;J;3305802;19;
1;J;3306008;22;
1;J;3306107;10;
1;J;3306206;4;
1;J;3306305;63;
1;J;3500303;3;
1;J;3500501;3;
1;J;3500550;2;
1;J;3500600;9;
1;J;3500709;2;
1;J;3500907;1;
1;J;3501004;2;
1;J;3501103;1;
1;J;3501152;2;
1;J;3501301;4;
1;J;3501608;148;
1;J;3501707;8;
1;J;3501905;14;
1;J;3502002;1;
1;J;3502101;5;
1;J;3502200;4;
1;J;3502309;3;
1;J;3502507;8;
1;J;3502705;4;
1;J;3502754;5;
1;J;3502804;24;
1;J;3502903;1;
1;J;3503000;2;
1;J;3503208;138;
1;J;3503307;39;
1;J;3503406;2;
1;J;3503703;2;
1;J;3503802;4;
1;J;3503901;18;
1;J;3504008;18;
1;J;3504107;43;
1;J;3504206;2;
1;J;3504404;2;
1;J;3504503;4;
1;J;3504909;3;
1;J;3505104;1;
1;J;3505203;5;
1;J;3505302;6;
1;J;3505401;1;
1;J;3505500;21;
1;J;3505708;552;
1;J;3505906;9;
1;J;3506003;180;
1;J;3506102;47;
1;J;3506300;4;
1;J;3506359;10;
1;J;3506409;1;
1;J;3506508;5;
1;J;3506607;4;
1;J;3506706;1;
1;J;3506805;1;
1;J;3506904;1;
1;J;3507001;8;
1;J;3507407;2;
1;J;3507456;1;
1;J;3507506;38;
1;J;3507605;57;
1;J;3507753;1;
1;J;3507803;3;
1;J;3507902;5;
1;J;3508009;2;
1;J;3508108;2;
1;J;3508207;3;
1;J;3508405;7;
1;J;3508504;22;
1;J;3508603;9;
1;J;3508702;3;
1;J;3508801;3;
1;J;3508900;1;
1;J;3509007;13;
1;J;3509205;44;
1;J;3509254;5;
1;J;3509304;2;
1;J;3509403;4;
1;J;3509502;474;
1;J;3509601;8;
1;J;3509700;22;
1;J;3509908;1;
1;J;3510005;3;
1;J;3510153;2;
1;J;3510203;7;
1;J;3510401;8;
1;J;3510500;10;
1;J;3510609;24;
1;J;3510708;2;
1;J;3510807;5;
1;J;3511003;3;
1;J;3511102;21;
1;J;3511409;2;
1;J;3511508;4;
1;J;3511607;2;
1;J;3511706;2;
1;J;3512001;4;
1;J;3512100;3;
1;J;3512209;6;
1;J;3512308;2;
1;J;3512407;10;
1;J;3512803;7;
1;J;3513009;102;
1;J;3513108;3;
1;J;3513306;2;
1;J;3513405;12;
1;J;3513504;68;
1;J;3513603;4;
1;J;3513702;12;
1;J;3513801;225;
1;J;3513900;3;
1;J;3514106;5;
1;J;3514304;1;
1;J;3514403;1;
1;J;3514502;2;
1;J;3514809;1;
1;J;3514908;3;
1;J;3515004;34;
1;J;3515103;5;
1;J;3515152;6;
1;J;3515186;7;
1;J;3515194;1;
1;J;3515202;3;
1;J;3515400;2;
1;J;3515509;6;
1;J;3515707;13;
1;J;3516002;2;
1;J;3516200;58;
1;J;3516309;6;
1;J;3516408;10;
1;J;3516705;13;
1;J;3516853;7;
1;J;3516903;2;
1;J;3517109;1;
1;J;3517208;3;
1;J;3517406;6;
1;J;3517505;2;
1;J;3517604;3;
1;J;3517703;9;
1;J;3517901;1;
1;J;3518206;4;
1;J;3518305;9;
1;J;3518404;58;
1;J;3518602;7;
1;J;3518701;80;
1;J;3518800;429;
1;J;3519055;4;
1;J;3519071;68;
1;J;3519105;1;
1;J;3519253;2;
1;J;3519303;7;
1;J;3519402;2;
1;J;3519600;10;
1;J;3519709;4;
1;J;3519808;2;
1;J;3519907;2;
1;J;3520103;3;
1;J;3520202;1;
1;J;3520301;4;
1;J;3520400;4;
1;J;3520442;2;
1;J;3520509;87;
1;J;3520707;1;
1;J;3520905;1;
1;J;3521002;6;
1;J;3521101;3;
1;J;3521200;2;
1;J;3521309;4;
1;J;3521408;5;
1;J;3521705;1;
1;J;3521804;4;
1;J;3521903;2;
1;J;3522000;1;
1;J;3522109;5;
1;J;3522208;11;
1;J;3522307;38;
1;J;3522406;11;
1;J;3522505;24;
1;J;3522604;7;
1;J;3522703;10;
1;J;3522802;2;
1;J;3522901;1;
1;J;3523008;1;
1;J;3523107;32;
1;J;3523206;3;
1;J;3523305;1;
1;J;3523404;22;
1;J;3523503;1;
1;J;3523602;4;
1;J;3523909;81;
1;J;3524006;23;
1;J;3524105;12;
1;J;3524303;11;
1;J;3524402;62;
1;J;3524600;4;
1;J;3524709;28;
1;J;3524808;5;
1;J;3525003;25;
1;J;3525102;9;
1;J;3525201;2;
1;J;3525300;58;
1;J;3525508;4;
1;J;3525706;4;
1;J;3525854;1;
1;J;3525904;221;
1;J;3526001;4;
1;J;3526100;2;
1;J;3526209;4;
1;J;3526407;1;
1;J;3526605;2;
1;J;3526704;10;
1;J;3526803;17;
1;J;3526902;78;
1;J;3527009;2;
1;J;3527108;46;
1;J;3527207;15;
1;J;3527306;22;
1;J;3527405;1;
1;J;3527603;7;
1;J;3528007;3;
1;J;3528106;2;
1;J;3528403;6;
1;J;3528502;5;
1;J;3528809;4;
1;J;3528858;1;
1;J;3528908;1;
1;J;3529005;96;
1;J;3529302;15;
1;J;3529401;139;
1;J;3529609;1;
1;J;3529708;4;
1;J;3529906;4;
1;J;3530102;3;
1;J;3530201;3;
1;J;3530300;7;
1;J;3530508;6;
1;J;3530607;210;
1;J;3530706;36;
1;J;3530805;34;
1;J;3531100;7;
1;J;3531209;1;
1;J;3531308;10;
1;J;3531407;2;
1;J;3531704;1;
1;J;3531803;8;
1;J;3531902;8;
1;J;3532009;4;
1;J;3532058;1;
1;J;3532108;1;
1;J;3532207;1;
1;J;3532603;3;
1;J;3532801;1;
1;J;3532900;2;
1;J;3533007;3;
1;J;3533403;11;
1;J;3533502;3;
1;J;3533601;1;
1;J;3533908;4;
1;J;3534302;1;
1;J;3534401;199;
1;J;3534708;33;
1;J;3534757;3;
1;J;3534906;2;
1;J;3535002;2;
1;J;3535101;1;
1;J;3535200;3;
1;J;3535309;2;
1;J;3535408;3;
1;J;3535507;6;
1;J;3535705;1;
1;J;3535804;3;
1;J;3536000;2;
1;J;3536109;4;
1;J;3536208;1;
1;J;3536307;5;
1;J;3536406;1;
1;J;3536505;86;
1;J;3536604;2;
1;J;3536703;7;
1;J;3537008;2;
1;J;3537107;4;
1;J;3537156;4;
1;J;3537206;1;
1;J;3537305;7;
1;J;3537404;6;
1;J;3537602;7;
1;J;3537800;6;
1;J;3537909;3;
1;J;3538006;42;
1;J;3538105;1;
1;J;3538204;3;
1;J;3538600;3;
1;J;3538709;113;
1;J;3538808;3;
1;J;3538907;3;
1;J;3539004;3;
1;J;3539103;3;
1;J;3539202;3;
1;J;3539301;18;
1;J;3539400;2;
1;J;3539509;6;
1;J;3539608;1;
1;J;3539806;48;
1;J;3540002;5;
1;J;3540200;5;
1;J;3540705;4;
1;J;3540804;3;
1;J;3541000;47;
1;J;3541208;3;
1;J;3541307;1;
1;J;3541406;70;
1;J;3541505;1;
1;J;3541604;7;
1;J;3541901;1;
1;J;3542107;1;
1;J;3542404;11;
1;J;3542503;1;
1;J;3542602;7;
1;J;3542909;2;
1;J;3543006;2;
1;J;3543303;20;
1;J;3543402;328;
1;J;3543709;1;
1;J;3543808;2;
1;J;3543907;87;
1;J;3544004;8;
1;J;3544103;4;
1;J;3544202;2;
1;J;3544251;2;
1;J;3544301;2;
1;J;3545001;3;
1;J;3545209;18;
1;J;3545605;2;
1;J;3545704;1;
1;J;3545803;39;
1;J;3546009;3;
1;J;3546306;5;
1;J;3546405;10;
1;J;3546603;5;
1;J;3546702;6;
1;J;3546801;2;
1;J;3547304;65;
1;J;3547502;7;
1;J;3547601;6;
1;J;3547700;2;
1;J;3547809;346;
1;J;3548005;7;
1;J;3548500;297;
1;J;3548609;3;
1;J;3548708;479;
1;J;3548807;102;
1;J;3548906;85;
1;J;3549102;31;
1;J;3549409;8;
1;J;3549607;2;
1;J;3549706;8;
1;J;3549805;86;
1;J;3549904;293;
1;J;3549953;1;
1;J;3550001;2;
1;J;3550100;7;
1;J;3550209;3;
1;J;3550308;7866;
1;J;3550605;13;
1;J;3550704;8;
1;J;3550803;6;
1;J;3550902;3;
1;J;3551009;95;
1;J;3551108;2;
1;J;3551306;1;
1;J;3551504;6;
1;J;3551603;5;
1;J;3551702;34;
1;J;3551801;2;
1;J;3552106;3;
1;J;3552205;228;
1;J;3552403;68;
1;J;3552502;62;
1;J;3552551;1;
1;J;3552601;2;
1;J;3552700;1;
1;J;3552809;79;
1;J;3553005;1;
1;J;3553302;7;
1;J;3553401;4;
1;J;3553609;5;
1;J;3553708;12;
1;J;3553807;3;
1;J;3553906;1;
1;J;3553955;5;
1;J;3554003;15;
1;J;3554102;99;
1;J;3554409;1;
1;J;3554508;8;
1;J;3554755;1;
1;J;3554805;3;
1;J;3554904;2;
1;J;3555000;2;
1;J;3555406;17;
1;J;3555604;6;
1;J;3555802;2;
1;J;3556008;2;
1;J;3556107;2;
1;J;3556206;32;
1;J;3556305;4;
1;J;3556354;1;
1;J;3556404;4;
1;J;3556453;5;
1;J;3556503;9;
1;J;3556701;41;
1;J;3556800;4;
1;J;3556909;2;
1;J;3557006;16;
1;J;3557105;4;
1;J;3557204;2;
1;J;3557303;3;
1;J;4100202;1;
1;J;4100301;1;
1;J;4100400;12;
1;J;4100509;5;
1;J;4100608;2;
1;J;4100707;3;
1;J;4100806;3;
1;J;4100905;1;
1;J;4101002;2;
1;J;4101101;11;
1;J;4101150;1;
1;J;4101200;5;
1;J;4101309;1;
1;J;4101408;26;
1;J;4101507;16;
1;J;4101606;7;
1;J;4101705;2;
1;J;4101804;115;
1;J;4101903;2;
1;J;4102000;7;
1;J;4102109;4;
1;J;4102208;2;
1;J;4102307;6;
1;J;4102406;5;
1;J;4102505;2;
1;J;4102802;2;
1;J;4102901;3;
1;J;4103040;1;
1;J;4103107;3;
1;J;4103156;1;
1;J;4103206;2;
1;J;4103453;2;
1;J;4103602;3;
1;J;4103701;49;
1;J;4103800;3;
1;J;4103909;3;
1;J;4103958;3;
1;J;4104006;12;
1;J;4104105;1;
1;J;4104204;31;
1;J;4104253;9;
1;J;4104303;9;
1;J;4104402;2;
1;J;4104428;3;
1;J;4104451;2;
1;J;4104501;2;
1;J;4104600;2;
1;J;4104659;15;
1;J;4104709;4;
1;J;4104808;126;
1;J;4104907;32;
1;J;4105003;1;
1;J;4105102;2;
1;J;4105409;4;
1;J;4105508;26;
1;J;4105706;3;
1;J;4105805;50;
1;J;4105904;3;
1;J;4106001;2;
1;J;4106100;2;
1;J;4106209;2;
1;J;4106308;3;
1;J;4106407;8;
1;J;4106456;2;
1;J;4106506;4;
1;J;4106605;2;
1;J;4106803;2;
1;J;4106902;1527;
1;J;4107009;1;
1;J;4107108;1;
1;J;4107207;7;
1;J;4107256;5;
1;J;4107306;2;
1;J;4107405;2;
1;J;4107538;2;
1;J;4107553;2;
1;J;4107603;3;
1;J;4107652;10;
1;J;4107736;1;
1;J;4107801;1;
1;J;4107850;3;
1;J;4108007;2;
1;J;4108205;4;
1;J;4108304;131;
1;J;4108320;2;
1;J;4108403;16;
1;J;4108452;1;
1;J;4108502;2;
1;J;4108601;6;
1;J;4108650;2;
1;J;4108700;2;
1;J;4108809;9;
1;J;4109302;3;
1;J;4109401;25;
1;J;4109500;2;
1;J;4109609;12;
1;J;4109658;1;
1;J;4109708;5;
1;J;4109757;1;
1;J;4109807;19;
1;J;4109906;2;
1;J;4110003;3;
1;J;4110078;2;
1;J;4110102;5;
1;J;4110201;2;
1;J;4110409;2;
1;J;4110508;2;
1;J;4110607;3;
1;J;4110706;24;
1;J;4110805;2;
1;J;4110904;2;
1;J;4110953;3;
1;J;4111001;1;
1;J;4111100;2;
1;J;4111258;1;
1;J;4111308;1;
1;J;4111407;2;
1;J;4111506;4;
1;J;4111555;1;
1;J;4111605;1;
1;J;4111704;1;
1;J;4111803;11;
1;J;4112009;4;
1;J;4112108;3;
1;J;4112207;2;
1;J;4112504;2;
1;J;4112603;2;
1;J;4112702;2;
1;J;4112751;2;
1;J;4112801;2;
1;J;4112900;1;
1;J;4112959;1;
1;J;4113007;2;
1;J;4113205;7;
1;J;4113254;1;
1;J;4113304;6;
1;J;4113452;2;
1;J;4113502;3;
1;J;4113601;7;
1;J;4113700;201;
1;J;4113759;1;
1;J;4113809;2;
1;J;4113908;2;
1;J;4114005;2;
1;J;4114104;3;
1;J;4114203;8;
1;J;4114302;5;
1;J;4114351;3;
1;J;4114401;3;
1;J;4114500;2;
1;J;4114609;10;
1;J;4114708;1;
1;J;4114807;4;
1;J;4114906;2;
1;J;4115200;209;
1;J;4115309;1;
1;J;4115358;2;
1;J;4115408;2;
1;J;4115606;3;
1;J;4115705;8;
1;J;4115804;2;
1;J;4116000;1;
1;J;4116059;3;
1;J;4116208;3;
1;J;4116505;1;
1;J;4116604;1;
1;J;4116703;2;
1;J;4116901;5;
1;J;4116950;2;
1;J;4117008;2;
1;J;4117057;1;
1;J;4117107;4;
1;J;4117214;1;
1;J;4117255;4;
1;J;4117271;3;
1;J;4117305;2;
1;J;4117453;1;
1;J;4117503;4;
1;J;4117602;12;
1;J;4117701;5;
1;J;4117909;9;
1;J;4118006;2;
1;J;4118105;3;
1;J;4118204;75;
1;J;4118303;1;
1;J;4118402;32;
1;J;4118451;3;
1;J;4118501;17;
1;J;4118600;1;
1;J;4118709;1;
1;J;4118808;2;
1;J;4118907;2;
1;J;4119004;1;
1;J;4119103;3;
1;J;4119152;39;
1;J;4119202;2;
1;J;4119251;2;
1;J;4119301;4;
1;J;4119400;7;
1;J;4119509;8;
1;J;4119608;3;
1;J;4119806;3;
1;J;4119905;126;
1;J;4119954;14;
1;J;4120002;3;
1;J;4120101;1;
1;J;4120200;2;
1;J;4120408;1;
1;J;4120507;1;
1;J;4120606;3;
1;J;4120655;1;
1;J;4120705;2;
1;J;4120804;22;
1;J;4120853;3;
1;J;4120903;3;
1;J;4121000;1;
1;J;4121208;2;
1;J;4121257;1;
1;J;4121356;1;
1;J;4121406;2;
1;J;4121505;2;
1;J;4121604;1;
1;J;4121703;3;
1;J;4121752;2;
1;J;4121901;2;
1;J;4122008;4;
1;J;4122156;1;
1;J;4122172;1;
1;J;4122206;7;
1;J;4122305;16;
1;J;4122404;29;
1;J;4122503;2;
1;J;4122602;2;
1;J;4122701;1;
1;J;4122800;1;
1;J;4123204;2;
1;J;4123303;2;
1;J;4123402;4;
1;J;4123501;3;
1;J;4123709;2;
1;J;4123808;3;
1;J;4123857;2;
1;J;4123907;4;
1;J;4124020;1;
1;J;4124053;2;
1;J;4124103;7;
1;J;4124301;1;
1;J;4124400;2;
1;J;4124509;4;
1;J;4124707;1;
1;J;4124905;1;
1;J;4125001;2;
1;J;4125100;2;
1;J;4125209;4;
1;J;4125308;2;
1;J;4125357;2;
1;J;4125407;1;
1;J;4125456;1;
1;J;4125506;249;
1;J;4125605;5;
1;J;4125704;2;
1;J;4126009;1;
1;J;4126108;2;
1;J;4126256;14;
1;J;4126272;2;
1;J;4126306;3;
1;J;4126504;2;
1;J;4126603;3;
1;J;4126678;2;
1;J;4126801;3;
1;J;4127007;4;
1;J;4127106;15;
1;J;4127304;3;
1;J;4127403;2;
1;J;4127502;2;
1;J;4127601;3;
1;J;4127700;27;
1;J;4127809;3;
1;J;4127882;3;
1;J;4127908;3;
1;J;4128005;2;
1;J;4128104;23;
1;J;4128203;11;
1;J;4128302;1;
1;J;4128401;3;
1;J;4128500;6;
1;J;4128534;1;
1;J;4128609;2;
1;J;4128658;1;
1;J;4128708;6;
1;J;4128807;3;
1;J;4200101;2;
1;J;4200200;2;
1;J;4200408;2;
1;J;4200507;1;
1;J;4200556;1;
1;J;4200705;4;
1;J;4201000;2;
1;J;4201208;2;
1;J;4201273;2;
1;J;4201307;22;
1;J;4201406;18;
1;J;4201505;2;
1;J;4201653;2;
1;J;4201703;1;
1;J;4201950;3;
1;J;4202008;26;
1;J;4202107;4;
1;J;4202206;3;
1;J;4202305;46;
1;J;4202404;209;
1;J;4202453;3;
1;J;4202602;4;
1;J;4202800;6;
1;J;4202859;3;
1;J;4202909;61;
1;J;4203006;18;
1;J;4203105;2;
1;J;4203204;18;
1;J;4203303;1;
1;J;4203402;2;
1;J;4203501;4;
1;J;4203600;2;
1;J;4203709;1;
1;J;4203808;12;
1;J;4203907;4;
1;J;4203956;9;
1;J;4204004;2;
1;J;4204103;2;
1;J;4204202;69;
1;J;4204251;11;
1;J;4204301;25;
1;J;4204350;4;
1;J;4204400;2;
1;J;4204509;5;
1;J;4204558;12;
1;J;4204608;79;
1;J;4204707;2;
1;J;4204806;3;
1;J;4204905;2;
1;J;4205001;6;
1;J;4205191;1;
1;J;4205308;6;
1;J;4205407;311;
1;J;4205431;2;
1;J;4205456;8;
1;J;4205506;10;
1;J;4205605;2;
1;J;4205704;14;
1;J;4205803;4;
1;J;4205902;26;
1;J;4206207;1;
1;J;4206306;2;
1;J;4206405;2;
1;J;4206504;24;
1;J;4206603;2;
1;J;4206702;6;
1;J;4206900;4;
1;J;4207007;22;
1;J;4207106;3;
1;J;4207304;6;
1;J;4207502;34;
1;J;4207650;2;
1;J;4207684;2;
1;J;4207700;3;
1;J;4207809;5;
1;J;4207908;3;
1;J;4208005;1;
1;J;4208104;4;
1;J;4208203;195;
1;J;4208302;6;
1;J;4208401;5;
1;J;4208450;2;
1;J;4208500;8;
1;J;4208708;2;
1;J;4208807;5;
1;J;4208906;54;
1;J;4209003;26;
1;J;4209102;235;
1;J;4209300;53;
1;J;4209409;5;
1;J;4209607;2;
1;J;4209706;2;
1;J;4209805;2;
1;J;4209854;1;
1;J;4209904;2;
1;J;4210035;2;
1;J;4210100;26;
1;J;4210209;3;
1;J;4210308;2;
1;J;4210506;3;
1;J;4210605;6;
1;J;4210803;2;
1;J;4210902;1;
1;J;4211009;2;
1;J;4211108;2;
1;J;4211207;8;
1;J;4211306;36;
1;J;4211405;2;
1;J;4211504;3;
1;J;4211603;7;
1;J;4211652;2;
1;J;4211702;2;
1;J;4211751;3;
1;J;4211876;2;
1;J;4211900;64;
1;J;4212007;1;
1;J;4212106;4;
1;J;4212205;3;
1;J;4212270;4;
1;J;4212502;3;
1;J;4212809;1;
1;J;4212908;5;
1;J;4213005;3;
1;J;4213104;2;
1;J;4213203;16;
1;J;4213302;2;
1;J;4213401;2;
1;J;4213500;5;
1;J;4213609;5;
1;J;4213708;2;
1;J;4213807;1;
1;J;4213906;2;
1;J;4214102;2;
1;J;4214201;3;
1;J;4214607;2;
1;J;4214706;2;
1;J;4214805;57;
1;J;4215000;13;
1;J;4215075;2;
1;J;4215109;4;
1;J;4215307;2;
1;J;4215356;2;
1;J;4215455;1;
1;J;4215505;3;
1;J;4215679;1;
1;J;4215687;1;
1;J;4215695;2;
1;J;4215802;92;
1;J;4215901;2;
1;J;4216008;2;
1;J;4216107;1;
1;J;4216206;30;
1;J;4216305;3;
1;J;4216404;2;
1;J;4216503;1;
1;J;4216602;64;
1;J;4216701;4;
1;J;4216909;8;
1;J;4217006;3;
1;J;4217204;15;
1;J;4217303;1;
1;J;4217402;6;
1;J;4217501;1;
1;J;4217550;2;
1;J;4217600;5;
1;J;4217709;3;
1;J;4217808;2;
1;J;4217956;2;
1;J;4218004;14;
1;J;4218202;17;
1;J;4218400;2;
1;J;4218509;1;
1;J;4218608;2;
1;J;4218707;23;
1;J;4218756;2;
1;J;4218806;3;
1;J;4218855;2;
1;J;4218905;10;
1;J;4218954;2;
1;J;4219176;4;
1;J;4219200;1;
1;J;4219309;24;
1;J;4219507;16;
1;J;4219705;7;
1;J;4219853;3;
1;J;4300034;1;
1;J;4300109;3;
1;J;4300208;2;
1;J;4300307;1;
1;J;4300406;35;
1;J;4300604;29;
1;J;4300802;4;
1;J;4300901;2;
1;J;4301008;6;
1;J;4301057;3;
1;J;4301107;2;
1;J;4301206;4;
1;J;4301305;6;
1;J;4301404;3;
1;J;4301503;2;
1;J;4301552;2;
1;J;4301602;33;
1;J;4301636;1;
1;J;4301800;1;
1;J;4301909;5;
1;J;4301958;1;
1;J;4302006;1;
1;J;4302105;106;
1;J;4302204;3;
1;J;4302303;2;
1;J;4302352;3;
1;J;4302402;1;
1;J;4302451;2;
1;J;4302501;1;
1;J;4302659;2;
1;J;4302709;5;
1;J;4302808;4;
1;J;4302907;2;
1;J;4303004;16;
1;J;4303103;52;
1;J;4303301;1;
1;J;4303509;22;
1;J;4303608;1;
1;J;4303673;3;
1;J;4303707;1;
1;J;4303806;4;
1;J;4303905;59;
1;J;4304002;5;
1;J;4304200;1;
1;J;4304309;2;
1;J;4304358;1;
1;J;4304408;14;
1;J;4304507;9;
1;J;4304606;186;
1;J;4304630;6;
1;J;4304663;5;
1;J;4304671;2;
1;J;4304689;1;
1;J;4304705;27;
1;J;4304804;12;
1;J;4304903;3;
1;J;4305009;2;
1;J;4305108;335;
1;J;4305116;2;
1;J;4305207;4;
1;J;4305306;5;
1;J;4305355;5;
1;J;4305439;4;
1;J;4305447;2;
1;J;4305454;5;
1;J;4305603;2;
1;J;4305702;2;
1;J;4305801;2;
1;J;4305900;3;
1;J;4305975;1;
1;J;4306007;3;
1;J;4306106;38;
1;J;4306205;1;
1;J;4306304;2;
1;J;4306403;10;
1;J;4306452;2;
1;J;4306502;2;
1;J;4306601;1;
1;J;4306734;2;
1;J;4306767;30;
1;J;4306809;8;
1;J;4306908;5;
1;J;4306932;2;
1;J;4307005;49;
1;J;4307203;1;
1;J;4307302;3;
1;J;4307401;2;
1;J;4307500;3;
1;J;4307559;5;
1;J;4307609;16;
1;J;4307708;48;
1;J;4307807;22;
1;J;4307864;2;
1;J;4307906;49;
1;J;4308003;1;
1;J;4308078;1;
1;J;4308102;4;
1;J;4308201;7;
1;J;4308300;2;
1;J;4308458;2;
1;J;4308508;8;
1;J;4308607;40;
1;J;4308706;2;
1;J;4308805;4;
1;J;4308904;5;
1;J;4309001;4;
1;J;4309050;5;
1;J;4309100;18;
1;J;4309209;133;
1;J;4309308;32;
1;J;4309407;8;
1;J;4309506;3;
1;J;4309605;9;
1;J;4309654;1;
1;J;4309803;2;
1;J;4309902;2;
1;J;4310009;8;
1;J;4310108;15;
1;J;4310207;42;
1;J;4310306;3;
1;J;4310330;3;
1;J;4310405;6;
1;J;4310439;4;
1;J;4310462;2;
1;J;4310504;2;
1;J;4310538;1;
1;J;4310603;11;
1;J;4310751;1;
1;J;4310801;11;
1;J;4311007;5;
1;J;4311106;3;
1;J;4311122;2;
1;J;4311205;4;
1;J;4311304;8;
1;J;4311403;31;
1;J;4311502;3;
1;J;4311627;2;
1;J;4311700;2;
1;J;4311759;1;
1;J;4311809;14;
1;J;4311908;2;
1;J;4312104;5;
1;J;4312138;1;
1;J;4312203;5;
1;J;4312385;2;
1;J;4312401;46;
1;J;4312476;1;
1;J;4312500;3;
1;J;4312658;9;
1;J;4312708;3;
1;J;4312757;2;
1;J;4312906;7;
1;J;4313037;2;
1;J;4313060;4;
1;J;4313086;2;
1;J;4313102;2;
1;J;4313201;11;
1;J;4313300;13;
1;J;4313359;2;
1;J;4313375;5;
1;J;4313409;129;
1;J;4313508;26;
1;J;4313656;4;
1;J;4313706;9;
1;J;4313805;2;
1;J;4313904;32;
1;J;4313953;3;
1;J;4314001;3;
1;J;4314027;3;
1;J;4314050;19;
1;J;4314076;3;
1;J;4314100;85;
1;J;4314159;4;
1;J;4314209;2;
1;J;4314308;1;
1;J;4314407;78;
1;J;4314423;2;
1;J;4314506;3;
1;J;4314555;1;
1;J;4314605;2;
1;J;4314704;2;
1;J;4314803;10;
1;J;4314902;896;
1;J;4315107;5;
1;J;4315206;2;
1;J;4315305;3;
1;J;4315503;1;
1;J;4315602;91;
1;J;4315701;6;
1;J;4315800;3;
1;J;4316006;2;
1;J;4316105;3;
1;J;4316204;2;
1;J;4316303;2;
1;J;4316402;9;
1;J;4316436;2;
1;J;4316451;2;
1;J;4316501;2;
1;J;4316600;3;
1;J;4316709;3;
1;J;4316808;59;
1;J;4316907;124;
1;J;4317103;13;
1;J;4317202;20;
1;J;4317301;6;
1;J;4317400;13;
1;J;4317509;18;
1;J;4317608;11;
1;J;4317707;1;
1;J;4317806;3;
1;J;4317905;3;
1;J;4318002;19;
1;J;4318101;3;
1;J;4318200;4;
1;J;4318309;14;
1;J;4318408;7;
1;J;4318432;2;
1;J;4318481;1;
1;J;4318507;2;
1;J;4318606;3;
1;J;4318622;2;
1;J;4318705;93;
1;J;4318804;6;
1;J;4318903;6;
1;J;4319000;3;
1;J;4319109;2;
1;J;4319125;1;
1;J;4319158;2;
1;J;4319208;2;
1;J;4319307;2;
1;J;4319406;3;
1;J;4319505;8;
1;J;4319604;3;
1;J;4319802;5;
1;J;4319901;23;
1;J;4320008;42;
1;J;4320107;13;
1;J;4320206;3;
1;J;4320305;2;
1;J;4320404;6;
1;J;4320602;2;
1;J;4320677;2;
1;J;4320701;4;
1;J;4320800;9;
1;J;4320859;1;
1;J;4320909;3;
1;J;4321006;3;
1;J;4321105;5;
1;J;4321204;13;
1;J;4321303;12;
1;J;4321402;3;
1;J;4321436;2;
1;J;4321451;20;
1;J;4321469;1;
1;J;4321501;21;
1;J;4321600;15;
1;J;4321667;2;
1;J;4321709;4;
1;J;4321808;5;
1;J;4321857;2;
1;J;4321907;8;
1;J;4322004;40;
1;J;4322103;2;
1;J;4322202;3;
1;J;4322251;4;
1;J;4322301;3;
1;J;4322400;37;
1;J;4322509;34;
1;J;4322533;1;
1;J;4322558;2;
1;J;4322608;36;
1;J;4322707;10;
1;J;4322806;8;
1;J;4323002;31;
1;J;4323200;2;
1;J;4323309;4;
1;J;4323408;2;
1;J;4323457;2;
1;J;4323804;7;
1;J;5000203;9;
1;J;5000252;1;
1;J;5000609;7;
1;J;5000708;6;
1;J;5000807;1;
1;J;5000856;2;
1;J;5000906;2;
1;J;5001003;2;
1;J;5001102;4;
1;J;5001243;1;
1;J;5001508;1;
1;J;5001904;10;
1;J;5002001;2;
1;J;5002100;3;
1;J;5002209;2;
1;J;5002308;3;
1;J;5002407;8;
1;J;5002605;1;
1;J;5002704;409;
1;J;5002902;6;
1;J;5002951;8;
1;J;5003207;25;
1;J;5003256;3;
1;J;5003306;14;
1;J;5003454;1;
1;J;5003488;2;
1;J;5003504;1;
1;J;5003702;63;
1;J;5003751;6;
1;J;5003801;5;
1;J;5004007;2;
1;J;5004106;3;
1;J;5004304;3;
1;J;5004403;2;
1;J;5004502;4;
1;J;5004601;2;
1;J;5004700;3;
1;J;5004908;1;
1;J;5005004;3;
1;J;5005103;1;
1;J;5005202;8;
1;J;5005251;2;
1;J;5005400;8;
1;J;5005608;4;
1;J;5005681;3;
1;J;5005707;3;
1;J;5005806;3;
1;J;5006002;7;
1;J;5006200;6;
1;J;5006309;10;
1;J;5006358;3;
1;J;5006408;2;
1;J;5006606;20;
1;J;5006903;2;
1;J;5007109;8;
1;J;5007208;12;
1;J;5007307;2;
1;J;5007406;2;
1;J;5007554;1;
1;J;5007695;10;
1;J;5007703;1;
1;J;5007802;2;
1;J;5007901;8;
1;J;5007935;2;
1;J;5008305;69;
1;J;5008404;2;
1;J;5100102;1;
1;J;5100201;1;
1;J;5100250;8;
1;J;5100300;6;
1;J;5100359;1;
1;J;5100409;4;
1;J;5100607;2;
1;J;5101258;2;
1;J;5101407;3;
1;J;5101704;4;
1;J;5101803;30;
1;J;5101902;1;
1;J;5102504;57;
1;J;5102603;2;
1;J;5102678;7;
1;J;5102686;1;
1;J;5102702;3;
1;J;5102793;2;
1;J;5103007;4;
1;J;5103205;2;
1;J;5103304;3;
1;J;5103353;2;
1;J;5103403;794;
1;J;5103452;2;
1;J;5103502;7;
1;J;5103601;2;
1;J;5103700;1;
1;J;5103858;1;
1;J;5103908;1;
1;J;5104104;1;
1;J;5104203;1;
1;J;5104559;2;
1;J;5104609;8;
1;J;5104807;5;
1;J;5105002;5;
1;J;5105101;3;
1;J;5105150;7;
1;J;5105200;1;
1;J;5105259;129;
1;J;5105580;2;
1;J;5105606;1;
1;J;5105622;25;
1;J;5105903;3;
1;J;5106109;1;
1;J;5106224;74;
1;J;5106232;3;
1;J;5106257;2;
1;J;5106307;3;
1;J;5106372;6;
1;J;5106422;2;
1;J;5106505;1;
1;J;5106653;1;
1;J;5106752;54;
1;J;5106778;1;
1;J;5106802;1;
1;J;5107008;2;
1;J;5107040;16;
1;J;5107065;5;
1;J;5107107;4;
1;J;5107180;1;
1;J;5107198;3;
1;J;5107206;1;
1;J;5107305;2;
1;J;5107602;207;
1;J;5107800;4;
1;J;5107859;6;
1;J;5107875;1;
1;J;5107909;146;
1;J;5107925;84;
1;J;5107941;1;
1;J;5107958;8;
1;J;5108402;150;
1;J;5108600;4;
1;J;5200050;2;
1;J;5200134;4;
1;J;5200175;1;
1;J;5200258;5;
1;J;5200308;11;
1;J;5200605;2;
1;J;5200803;1;
1;J;5201108;162;
1;J;5201306;3;
1;J;5201405;219;
1;J;5201702;1;
1;J;5202502;1;
1;J;5203302;6;
1;J;5203401;2;
1;J;5203500;1;
1;J;5203906;7;
1;J;5204102;3;
1;J;5204250;2;
1;J;5204300;2;
1;J;5204409;1;
1;J;5204508;8;
1;J;5204557;1;
1;J;5204706;5;
1;J;5204805;1;
1;J;5204854;1;
1;J;5204904;2;
1;J;5205000;3;
1;J;5205109;50;
1;J;5205307;2;
1;J;5205406;11;
1;J;5205455;4;
1;J;5205471;5;
1;J;5205497;1;
1;J;5205513;1;
1;J;5205802;2;
1;J;5205901;3;
1;J;5206206;12;
1;J;5206404;1;
1;J;5206503;1;
1;J;5206602;1;
1;J;5207253;2;
1;J;5207402;1;
1;J;5207600;1;
1;J;5208004;16;
1;J;5208608;4;
1;J;5208707;631;
1;J;5208806;6;
1;J;5208905;4;
1;J;5209101;7;
1;J;5209200;2;
1;J;5209903;1;
1;J;5209937;1;
1;J;5209952;2;
1;J;5210000;14;
1;J;5210109;4;
1;J;5210208;4;
1;J;5210406;2;
1;J;5210604;2;
1;J;5210802;2;
1;J;5210901;2;
1;J;5211008;2;
1;J;5211206;3;
1;J;5211503;38;
1;J;5211701;2;
1;J;5211800;5;
1;J;5211909;32;
1;J;5212105;2;
1;J;5212204;3;
1;J;5212303;2;
1;J;5212501;77;
1;J;5212808;1;
1;J;5212956;1;
1;J;5213004;1;
1;J;5213087;2;
1;J;5213103;23;
1;J;5213756;1;
1;J;5213806;13;
1;J;5214002;2;
1;J;5214507;3;
1;J;5214606;6;
1;J;5214838;2;
1;J;5215231;8;
1;J;5215306;4;
1;J;5215603;2;
1;J;5215702;3;
1;J;5216304;2;
1;J;5216403;3;
1;J;5216809;1;
1;J;5217104;1;
1;J;5217203;2;
1;J;5217302;2;
1;J;5217401;2;
1;J;5217609;8;
1;J;5217708;2;
1;J;5218003;9;
1;J;5218052;1;
1;J;5218102;2;
1;J;5218300;1;
1;J;5218508;6;
1;J;5218607;1;
1;J;5218789;6;
1;J;5218805;71;
1;J;5218904;1;
1;J;5219001;2;
1;J;5219308;8;
1;J;5219407;1;
1;J;5219605;1;
1;J;5219704;2;
1;J;5219753;3;
1;J;5219803;1;
1;J;5220009;1;
1;J;5220108;6;
1;J;5220405;4;
1;J;5220454;21;
1;J;5220603;3;
1;J;5221403;13;
1;J;5221601;26;
1;J;5221809;1;
1;J;5221858;34;
1;J;5222005;2;
1;J;5222054;2;
1;J;5300108;2738;
09;3591;
