01;CLA;IPL4;201401;
EBT;UF;1100015;1.0000;1;0;1;0;0;0;
EBT;UF;1100023;172.0625;37;3;29;2;3;0;
EBT;UF;1100049;325.1875;82;19;48;13;1;1;
EBT;UF;1100098;0.5000;1;1;0;0;0;0;
EBT;UF;1100106;8.0000;3;0;2;1;0;0;
EBT;UF;1100114;28.0000;10;0;9;1;0;0;
EBT;UF;1100122;1005.4375;133;14;89;18;9;3;
EBT;UF;1100155;230.0000;12;0;4;1;7;0;
EBT;UF;1100189;134.3125;47;9;32;5;1;0;
EBT;UF;1100205;10270.7500;587;86;379;73;22;27;
EBT;UF;1100254;1.0000;1;0;1;0;0;0;
EBT;UF;1100288;4.0000;2;0;2;0;0;0;
EBT;UF;1100296;1.0000;1;0;1;0;0;0;
EBT;UF;1100304;582.6875;119;15;84;13;6;1;
EBT;UF;1100320;1.0000;1;0;1;0;0;0;
EBT;UF;1100403;1.0000;1;0;1;0;0;0;
EBT;UF;1100452;1.0000;1;0;1;0;0;0;
EBT;UF;1100924;2.0000;1;0;1;0;0;0;
EBT;UF;1101468;0.5000;1;1;0;0;0;0;
EBT;UF;1200054;1.0000;1;0;1;0;0;0;
EBT;UF;1200104;1.0000;1;0;1;0;0;0;
EBT;UF;1200138;16.0000;5;0;3;2;0;0;
EBT;UF;1200203;1.0000;1;0;1;0;0;0;
EBT;UF;1200252;1.1875;3;2;1;0;0;0;
EBT;UF;1200344;1.0000;1;0;1;0;0;0;
EBT;UF;1200401;6121.0000;302;41;182;55;10;14;
EBT;UF;1200450;4.0000;2;0;2;0;0;0;
EBT;UF;1200500;1.0000;1;0;1;0;0;0;
EBT;UF;1200609;1.0000;1;0;1;0;0;0;
EBT;UF;1301100;2.0000;2;0;2;0;0;0;
EBT;UF;1301704;6.2500;4;1;3;0;0;0;
EBT;UF;1301852;2.0000;1;0;1;0;0;0;
EBT;UF;1302603;8418.1250;748;101;491;86;47;23;
EBT;UF;1303403;2.5000;3;2;1;0;0;0;
EBT;UF;1400100;476.0000;83;8;45;25;4;1;
EBT;UF;1500602;2.0000;1;0;1;0;0;0;
EBT;UF;1500800;7761.5000;123;8;73;31;5;6;
EBT;UF;1501303;24.0000;4;0;2;2;0;0;
EBT;UF;1501402;44453.2266;725;29;320;229;66;81;
EBT;UF;1501501;31.2500;15;4;9;2;0;0;
EBT;UF;1502202;130.0000;7;0;0;3;4;0;
EBT;UF;1502400;123.0000;31;3;21;5;2;0;
EBT;UF;1503606;6.0000;3;0;3;0;0;0;
EBT;UF;1503903;2.0000;1;0;1;0;0;0;
EBT;UF;1504208;267.1875;91;30;46;11;4;0;
EBT;UF;1504422;190.6875;57;10;33;12;2;0;
EBT;UF;1505304;1.0000;1;0;1;0;0;0;
EBT;UF;1505502;288.0000;19;0;13;2;2;2;
EBT;UF;1506203;0.5000;1;1;0;0;0;0;
EBT;UF;1506807;159.6875;28;8;14;3;1;2;
EBT;UF;1507607;4.0000;2;0;2;0;0;0;
EBT;UF;1508209;0.2500;1;1;0;0;0;0;
EBT;UF;1600303;276.0000;78;9;53;13;3;0;
EBT;UF;1700350;4.0000;3;0;3;0;0;0;
EBT;UF;1700707;37.2500;12;1;9;2;0;0;
EBT;UF;1702000;0.2500;1;1;0;0;0;0;
EBT;UF;1702109;405.3750;68;12;29;22;5;0;
EBT;UF;1705508;212.0000;8;0;6;0;0;2;
EBT;UF;1707009;1.0000;1;0;1;0;0;0;
EBT;UF;1709302;58.6875;8;4;2;1;0;1;
EBT;UF;1709500;199.3750;22;4;8;9;0;1;
EBT;UF;1713205;8.5625;8;3;5;0;0;0;
EBT;UF;1713304;4.7500;6;3;3;0;0;0;
EBT;UF;1714880;5.3125;5;2;3;0;0;0;
EBT;UF;1716109;43.0000;9;2;4;2;1;0;
EBT;UF;1718204;100.7500;19;4;8;5;2;0;
EBT;UF;1718402;4.0000;1;0;0;1;0;0;
EBT;UF;1721000;1644.1875;189;40;94;44;7;4;
EBT;UF;1722081;4.0000;1;0;0;1;0;0;
EBT;UF;2100204;32.0000;1;0;0;0;1;0;
EBT;UF;2101202;96.0000;6;0;3;0;3;0;
EBT;UF;2101608;0.1250;1;1;0;0;0;0;
EBT;UF;2103000;918.0000;16;0;5;3;2;6;
EBT;UF;2103307;155.0000;1;0;0;0;0;1;
EBT;UF;2103604;0.5000;1;1;0;0;0;0;
EBT;UF;2105302;265.2500;15;2;4;6;2;1;
EBT;UF;2105427;20.0000;3;0;1;2;0;0;
EBT;UF;2108603;4.0000;1;0;0;1;0;0;
EBT;UF;2109106;1.7500;3;2;1;0;0;0;
EBT;UF;2109908;33.0000;3;2;0;0;1;0;
EBT;UF;2110302;52.0000;6;0;1;5;0;0;
EBT;UF;2111201;31.2500;8;3;1;4;0;0;
EBT;UF;2111300;13089.7500;191;20;47;87;29;8;
EBT;UF;2112209;104.0000;4;0;0;1;3;0;
EBT;UF;2112902;0.3750;2;2;0;0;0;0;
EBT;UF;2200400;32.0000;1;0;0;0;1;0;
EBT;UF;2202208;72.0000;3;0;0;1;2;0;
EBT;UF;2202406;64.0000;2;0;0;0;2;0;
EBT;UF;2202703;32.0000;1;0;0;0;1;0;
EBT;UF;2203701;10.0000;1;0;0;1;0;0;
EBT;UF;2206407;32.0000;1;0;0;0;1;0;
EBT;UF;2207702;144.0000;7;0;0;3;4;0;
EBT;UF;2208403;216.0000;8;0;0;1;7;0;
EBT;UF;2211001;5220.0625;231;4;55;84;81;7;
EBT;UF;2300309;6.0000;1;0;0;1;0;0;
EBT;UF;2301000;29.2500;8;1;5;2;0;0;
EBT;UF;2301109;42.0000;4;0;0;3;1;0;
EBT;UF;2301901;38.6250;8;3;0;5;0;0;
EBT;UF;2302503;20.0000;2;0;0;2;0;0;
EBT;UF;2303709;20.7500;13;2;11;0;0;0;
EBT;UF;2303808;12.0000;2;0;1;1;0;0;
EBT;UF;2303956;0.2500;1;1;0;0;0;0;
EBT;UF;2304103;0.2500;1;1;0;0;0;0;
EBT;UF;2304202;45.0000;3;0;1;1;1;0;
EBT;UF;2304285;195.5000;23;1;13;5;3;1;
EBT;UF;2304400;8178.0625;279;17;81;115;35;31;
EBT;UF;2305233;63.0625;8;1;3;3;1;0;
EBT;UF;2305407;40.0000;2;0;0;0;2;0;
EBT;UF;2305506;32.0000;2;0;0;1;1;0;
EBT;UF;2306256;0.5000;1;1;0;0;0;0;
EBT;UF;2306405;54.0000;3;0;0;2;1;0;
EBT;UF;2307007;1.0000;1;0;1;0;0;0;
EBT;UF;2307304;171.0000;12;0;6;4;1;1;
EBT;UF;2307601;80.0000;5;0;0;3;2;0;
EBT;UF;2307650;95.7500;29;2;17;10;0;0;
EBT;UF;2308104;8.0000;1;0;0;1;0;0;
EBT;UF;2308302;16.0000;1;0;0;0;1;0;
EBT;UF;2309607;90.0000;2;0;0;0;1;1;
EBT;UF;2310704;1.0000;1;0;1;0;0;0;
EBT;UF;2311306;49.0000;4;0;1;1;2;0;
EBT;UF;2311801;14.3750;11;4;7;0;0;0;
EBT;UF;2312403;2.0000;1;0;1;0;0;0;
EBT;UF;2312908;352.8750;32;6;8;13;3;2;
EBT;UF;2313302;0.6875;3;3;0;0;0;0;
EBT;UF;2313401;414.0000;10;0;2;2;3;3;
EBT;UF;2400109;172.0000;7;0;0;3;3;1;
EBT;UF;2400802;20.5000;3;1;0;2;0;0;
EBT;UF;2403251;136.3750;36;5;20;11;0;0;
EBT;UF;2404507;1.0000;1;0;1;0;0;0;
EBT;UF;2406700;10.0000;1;0;0;1;0;0;
EBT;UF;2407104;42.0000;14;0;12;2;0;0;
EBT;UF;2407203;10.0000;1;0;0;1;0;0;
EBT;UF;2407401;26.0000;2;0;0;1;1;0;
EBT;UF;2408003;714.5625;39;5;20;6;4;4;
EBT;UF;2408102;4243.5000;119;15;24;50;12;18;
EBT;UF;2409332;4.0000;1;0;0;1;0;0;
EBT;UF;2412005;28.0000;6;0;3;3;0;0;
EBT;UF;2501807;30.0000;6;0;4;2;0;0;
EBT;UF;2503209;520.2500;26;1;13;8;1;3;
EBT;UF;2504009;951.5000;49;5;11;24;5;4;
EBT;UF;2506301;42.0000;2;0;0;1;1;0;
EBT;UF;2506905;48.0000;2;0;0;0;2;0;
EBT;UF;2507507;4337.5625;164;5;66;58;23;12;
EBT;UF;2510808;197.0000;3;0;0;1;1;1;
EBT;UF;2516201;2.0000;1;0;1;0;0;0;
EBT;UF;2600054;190.1250;22;4;16;1;0;1;
EBT;UF;2601102;18.0000;1;0;0;0;1;0;
EBT;UF;2601201;64.0000;4;0;0;1;3;0;
EBT;UF;2601706;120.0000;4;0;0;0;4;0;
EBT;UF;2601904;22.0000;1;0;0;0;1;0;
EBT;UF;2602902;464.2500;38;4;25;5;2;2;
EBT;UF;2603454;4.0000;3;0;3;0;0;0;
EBT;UF;2604007;11.0000;2;0;1;1;0;0;
EBT;UF;2604106;220.8750;38;7;17;11;3;0;
EBT;UF;2605103;22.0000;1;0;0;0;1;0;
EBT;UF;2606002;20.0000;2;0;0;2;0;0;
EBT;UF;2606408;130.8750;7;3;3;0;0;1;
EBT;UF;2606804;12.0000;6;0;5;1;0;0;
EBT;UF;2607208;225.0000;19;3;7;8;0;1;
EBT;UF;2607901;504.7500;83;6;45;28;3;1;
EBT;UF;2608909;2.5000;5;4;1;0;0;0;
EBT;UF;2609600;331.7500;36;5;18;8;4;1;
EBT;UF;2610707;445.6250;55;8;38;6;1;2;
EBT;UF;2610905;168.0000;3;0;0;0;2;1;
EBT;UF;2611101;17.5000;6;1;4;1;0;0;
EBT;UF;2611606;14614.6875;407;18;143;130;61;55;
EBT;UF;2612208;18.0000;2;0;0;2;0;0;
EBT;UF;2613701;34.0000;4;0;2;1;1;0;
EBT;UF;2613909;76.5000;23;16;3;1;3;0;
EBT;UF;2700300;276.5625;34;2;18;13;0;1;
EBT;UF;2704302;3120.3750;238;33;80;95;17;13;
EBT;UF;2704708;2.0000;1;0;1;0;0;0;
EBT;UF;2706307;2.0000;1;0;1;0;0;0;
EBT;UF;2707701;165.5000;8;1;6;0;0;1;
EBT;UF;2800308;5448.6875;252;33;93;93;15;18;
EBT;UF;2800670;2.5000;5;3;2;0;0;0;
EBT;UF;2802106;10.0000;1;0;0;1;0;0;
EBT;UF;2804805;546.0000;56;5;29;18;1;3;
EBT;UF;2805703;10.0000;1;0;0;1;0;0;
EBT;UF;2806701;70.5625;12;3;5;3;1;0;
EBT;UF;2900702;97.0000;12;0;5;5;2;0;
EBT;UF;2903201;7.0000;3;0;2;1;0;0;
EBT;UF;2904605;47.0000;4;0;2;1;0;1;
EBT;UF;2904704;2.0000;1;0;1;0;0;0;
EBT;UF;2905602;130.0000;5;0;2;1;1;1;
EBT;UF;2905701;429.1250;77;4;47;23;2;1;
EBT;UF;2906501;724.0000;16;0;6;4;2;4;
EBT;UF;2906709;2.0000;1;0;1;0;0;0;
EBT;UF;2909802;48.0000;4;0;0;3;1;0;
EBT;UF;2910727;344.8125;22;3;12;4;1;2;
EBT;UF;2910800;2713.8125;123;17;53;33;8;12;
EBT;UF;2912103;4.0000;1;0;0;1;0;0;
EBT;UF;2913606;478.0000;45;0;20;19;4;2;
EBT;UF;2914653;12.0000;2;0;1;1;0;0;
EBT;UF;2914802;1298.1250;53;9;25;12;2;5;
EBT;UF;2914901;72.0000;2;0;0;1;0;1;
EBT;UF;2915304;2.0000;1;0;1;0;0;0;
EBT;UF;2915601;6.0000;3;0;3;0;0;0;
EBT;UF;2915809;12.0000;2;0;1;1;0;0;
EBT;UF;2916302;2.0000;1;0;1;0;0;0;
EBT;UF;2916401;152.1875;7;2;1;1;2;1;
EBT;UF;2917102;2.0000;1;0;1;0;0;0;
EBT;UF;2917508;100.0000;1;0;0;0;0;1;
EBT;UF;2917607;100.0000;1;0;0;0;0;1;
EBT;UF;2918001;178.2500;22;4;10;7;0;1;
EBT;UF;2918407;6.0000;3;0;3;0;0;0;
EBT;UF;2919207;675.0000;41;0;21;15;2;3;
EBT;UF;2919553;2.0000;1;0;1;0;0;0;
EBT;UF;2920601;18.0000;2;0;0;2;0;0;
EBT;UF;2921005;20.2500;3;1;0;2;0;0;
EBT;UF;2921302;10.0000;2;0;0;2;0;0;
EBT;UF;2922003;10.0000;1;0;0;1;0;0;
EBT;UF;2924009;77.1250;10;1;4;3;2;0;
EBT;UF;2925006;4.0000;2;0;2;0;0;0;
EBT;UF;2925105;10.0000;1;0;0;1;0;0;
EBT;UF;2925303;280.0000;18;0;9;4;4;1;
EBT;UF;2927002;0.5000;1;1;0;0;0;0;
EBT;UF;2927408;32687.3633;797;101;281;285;62;68;
EBT;UF;2928703;176.0000;5;0;1;1;2;1;
EBT;UF;2929206;0.0625;1;1;0;0;0;0;
EBT;UF;2929305;50.0000;1;0;0;0;0;1;
EBT;UF;2930105;14.5000;4;1;2;1;0;0;
EBT;UF;2930709;169.5000;38;3;19;16;0;0;
EBT;UF;2931350;2102.0625;24;4;10;1;3;6;
EBT;UF;2932507;32.0000;1;0;0;0;1;0;
EBT;UF;2932903;5.7500;9;5;4;0;0;0;
EBT;UF;2933307;883.5625;59;8;26;18;3;4;
EBT;UF;3100302;2.0000;1;0;1;0;0;0;
EBT;UF;3101508;258.0000;9;0;1;0;8;0;
EBT;UF;3101607;44.3125;28;9;17;2;0;0;
EBT;UF;3101904;2.0000;1;0;1;0;0;0;
EBT;UF;3103504;33.6250;17;2;13;2;0;0;
EBT;UF;3104007;72.7500;30;8;21;0;1;0;
EBT;UF;3104205;11.2500;7;1;6;0;0;0;
EBT;UF;3104601;32.0000;1;0;0;0;1;0;
EBT;UF;3104908;4.0000;2;0;2;0;0;0;
EBT;UF;3105608;201.5000;18;1;9;2;6;0;
EBT;UF;3106200;68944.3320;2183;286;1229;359;179;130;
EBT;UF;3106309;42.0625;4;1;1;1;1;0;
EBT;UF;3106705;2108.7617;233;48;136;19;26;4;
EBT;UF;3107109;4.0000;2;0;2;0;0;0;
EBT;UF;3107406;4.0000;2;0;2;0;0;0;
EBT;UF;3107703;0.2500;1;1;0;0;0;0;
EBT;UF;3108404;2.0000;1;0;1;0;0;0;
EBT;UF;3108909;2.2500;2;1;1;0;0;0;
EBT;UF;3109303;2.0000;1;0;1;0;0;0;
EBT;UF;3109501;2.0000;1;0;1;0;0;0;
EBT;UF;3109709;2.0000;1;0;1;0;0;0;
EBT;UF;3110004;2.5000;2;1;1;0;0;0;
EBT;UF;3110301;2.0000;1;0;1;0;0;0;
EBT;UF;3110509;5.0000;3;0;3;0;0;0;
EBT;UF;3110608;3.0000;2;0;2;0;0;0;
EBT;UF;3110707;4.0000;2;0;2;0;0;0;
EBT;UF;3111606;2.0000;1;0;1;0;0;0;
EBT;UF;3112307;2.0000;1;0;1;0;0;0;
EBT;UF;3113206;64.0000;2;0;0;0;2;0;
EBT;UF;3113404;14.0000;3;0;2;1;0;0;
EBT;UF;3114303;2.0000;1;0;1;0;0;0;
EBT;UF;3114501;2.0000;1;0;1;0;0;0;
EBT;UF;3115300;559.0000;10;0;2;3;2;3;
EBT;UF;3115508;10.1250;6;1;5;0;0;0;
EBT;UF;3117876;30.0000;3;0;0;3;0;0;
EBT;UF;3118007;19.8125;9;3;5;1;0;0;
EBT;UF;3118304;63.3750;22;5;15;1;1;0;
EBT;UF;3118403;32.0000;1;0;0;0;1;0;
EBT;UF;3118601;2831.2969;362;60;202;56;36;8;
EBT;UF;3119401;76.5000;12;1;9;0;2;0;
EBT;UF;3120904;50.0000;22;0;21;1;0;0;
EBT;UF;3122306;950.0898;50;5;31;7;2;5;
EBT;UF;3122454;0.2500;1;1;0;0;0;0;
EBT;UF;3123601;4.0000;2;0;2;0;0;0;
EBT;UF;3123908;2.0000;1;0;1;0;0;0;
EBT;UF;3124203;32.0000;1;0;0;0;1;0;
EBT;UF;3125101;17.0000;10;0;10;0;0;0;
EBT;UF;3126109;4.0000;2;0;2;0;0;0;
EBT;UF;3127008;4.0000;2;0;2;0;0;0;
EBT;UF;3127107;18.0000;9;0;9;0;0;0;
EBT;UF;3127701;1538.0625;64;7;36;6;10;5;
EBT;UF;3128709;8.0000;1;0;0;1;0;0;
EBT;UF;3129509;2.0000;1;0;1;0;0;0;
EBT;UF;3129806;85.5000;15;3;10;0;2;0;
EBT;UF;3130101;2.0000;1;0;1;0;0;0;
EBT;UF;3130309;4.0000;2;0;2;0;0;0;
EBT;UF;3131307;842.0000;71;13;34;9;12;3;
EBT;UF;3131703;400.9375;40;13;21;3;1;2;
EBT;UF;3131901;8.8750;9;4;5;0;0;0;
EBT;UF;3132206;6.0000;3;0;3;0;0;0;
EBT;UF;3132404;304.6250;63;19;33;4;7;0;
EBT;UF;3133006;9.0000;5;0;5;0;0;0;
EBT;UF;3133600;1.0000;1;0;1;0;0;0;
EBT;UF;3133808;128.7500;23;2;13;7;1;0;
EBT;UF;3134103;0.2500;1;1;0;0;0;0;
EBT;UF;3134202;25.0000;14;2;12;0;0;0;
EBT;UF;3135209;2.0000;1;0;1;0;0;0;
EBT;UF;3135407;16.1250;5;1;3;1;0;0;
EBT;UF;3135506;2.0000;1;0;1;0;0;0;
EBT;UF;3136207;32.7500;28;12;15;1;0;0;
EBT;UF;3136306;62.0000;8;0;5;2;1;0;
EBT;UF;3136702;4507.3281;136;9;61;27;23;16;
EBT;UF;3137205;86.0000;8;0;3;3;2;0;
EBT;UF;3137601;84.7500;27;9;14;3;1;0;
EBT;UF;3138203;348.7500;58;16;30;9;1;2;
EBT;UF;3138401;189.0000;3;0;1;0;1;1;
EBT;UF;3138609;198.0000;5;0;1;0;3;1;
EBT;UF;3138807;2.0000;1;0;1;0;0;0;
EBT;UF;3139003;32.0000;1;0;0;0;1;0;
EBT;UF;3139607;32.0000;1;0;0;0;1;0;
EBT;UF;3140001;64.0000;2;0;0;0;2;0;
EBT;UF;3140803;105.0000;11;0;5;4;2;0;
EBT;UF;3140902;0.2500;1;1;0;0;0;0;
EBT;UF;3141405;38.0000;4;0;3;0;1;0;
EBT;UF;3143302;3311.9375;110;11;44;13;34;8;
EBT;UF;3143906;408.0000;7;0;1;1;3;2;
EBT;UF;3144805;854.2773;84;6;46;18;12;2;
EBT;UF;3145208;2.0000;1;0;1;0;0;0;
EBT;UF;3145604;10.2500;5;1;3;1;0;0;
EBT;UF;3145901;5.0000;3;0;3;0;0;0;
EBT;UF;3146107;10.5625;7;2;5;0;0;0;
EBT;UF;3146305;4.0000;2;0;2;0;0;0;
EBT;UF;3147006;49.2500;13;1;10;1;1;0;
EBT;UF;3147105;20.0625;11;1;9;1;0;0;
EBT;UF;3147402;200.0000;2;0;0;0;0;2;
EBT;UF;3147600;2.0000;1;0;1;0;0;0;
EBT;UF;3147907;195.2500;29;8;14;4;2;1;
EBT;UF;3148004;18.1250;8;2;5;1;0;0;
EBT;UF;3148103;2.0000;1;0;1;0;0;0;
EBT;UF;3149101;2.0000;1;0;1;0;0;0;
EBT;UF;3149309;76.8750;27;9;14;3;1;0;
EBT;UF;3149903;269.0000;8;0;5;1;0;2;
EBT;UF;3151206;483.5000;20;1;1;4;14;0;
EBT;UF;3151404;4.0000;2;0;2;0;0;0;
EBT;UF;3151800;184.4023;60;12;39;6;3;0;
EBT;UF;3152105;20.0000;2;0;0;2;0;0;
EBT;UF;3152501;286.7148;76;20;36;16;4;0;
EBT;UF;3154200;32.0000;1;0;0;0;1;0;
EBT;UF;3154606;153.6875;50;16;29;2;3;0;
EBT;UF;3155504;2.0000;1;0;1;0;0;0;
EBT;UF;3156007;0.2500;1;1;0;0;0;0;
EBT;UF;3156502;0.2500;1;1;0;0;0;0;
EBT;UF;3156700;19.7500;12;2;10;0;0;0;
EBT;UF;3157807;179.1250;49;14;27;5;3;0;
EBT;UF;3160405;2.0000;1;0;1;0;0;0;
EBT;UF;3160702;114.0000;4;0;2;1;0;1;
EBT;UF;3162104;18.0000;5;0;4;1;0;0;
EBT;UF;3162401;2.0000;1;0;1;0;0;0;
EBT;UF;3162500;400.6875;47;14;22;2;8;1;
EBT;UF;3162708;2.0000;1;0;1;0;0;0;
EBT;UF;3162955;0.5000;2;2;0;0;0;0;
EBT;UF;3163706;66.5000;17;4;11;0;2;0;
EBT;UF;3164704;52.3750;42;16;26;0;0;0;
EBT;UF;3165701;64.0000;2;0;0;0;2;0;
EBT;UF;3166907;8.0000;1;0;0;1;0;0;
EBT;UF;3167202;257.4023;63;7;46;6;4;0;
EBT;UF;3168606;324.2148;26;4;11;2;9;0;
EBT;UF;3168705;593.0625;36;6;7;5;18;0;
EBT;UF;3169307;138.3750;42;20;17;2;3;0;
EBT;UF;3169356;2.0000;1;0;1;0;0;0;
EBT;UF;3169406;2.2500;2;1;1;0;0;0;
EBT;UF;3169901;178.0000;5;0;0;2;2;1;
EBT;UF;3170107;257.6875;93;21;61;9;2;0;
EBT;UF;3170206;4587.1797;320;78;150;46;24;22;
EBT;UF;3170404;105.5000;35;1;31;2;1;0;
EBT;UF;3170701;2619.4023;80;8;39;13;7;13;
EBT;UF;3170800;192.0000;6;0;0;0;6;0;
EBT;UF;3171006;2.0000;1;0;1;0;0;0;
EBT;UF;3171204;92.6797;38;5;27;5;1;0;
EBT;UF;3171303;76.2500;10;1;7;0;2;0;
EBT;UF;3172004;128.0000;4;0;0;0;4;0;
EBT;UF;3200102;2.0000;2;0;2;0;0;0;
EBT;UF;3200169;2.0000;1;0;1;0;0;0;
EBT;UF;3200201;44.0000;4;0;1;2;1;0;
EBT;UF;3200409;44.0000;2;0;0;1;1;0;
EBT;UF;3200508;1.0000;1;0;1;0;0;0;
EBT;UF;3200607;33.5000;7;1;4;1;1;0;
EBT;UF;3200706;1.0000;1;0;1;0;0;0;
EBT;UF;3200805;90.0000;6;0;0;3;3;0;
EBT;UF;3200904;16.0000;3;0;1;2;0;0;
EBT;UF;3201209;1379.5000;28;2;17;2;4;3;
EBT;UF;3201308;526.5000;64;7;38;14;2;3;
EBT;UF;3201506;571.4375;41;5;26;6;2;2;
EBT;UF;3201902;5.3750;8;5;3;0;0;0;
EBT;UF;3202009;1.0000;1;0;1;0;0;0;
EBT;UF;3202108;2.0000;1;0;1;0;0;0;
EBT;UF;3202306;6.0000;9;6;3;0;0;0;
EBT;UF;3202405;529.0000;16;2;6;3;1;4;
EBT;UF;3202454;1.0000;1;0;1;0;0;0;
EBT;UF;3202504;173.1250;8;2;3;0;2;1;
EBT;UF;3202603;2.0000;1;0;1;0;0;0;
EBT;UF;3202702;2.1250;3;1;2;0;0;0;
EBT;UF;3202801;102.6875;6;4;1;0;0;1;
EBT;UF;3202900;36.0000;2;0;1;0;1;0;
EBT;UF;3203130;2.0000;1;0;1;0;0;0;
EBT;UF;3203163;1.1875;3;2;1;0;0;0;
EBT;UF;3203205;330.1250;31;7;14;6;2;2;
EBT;UF;3203320;2.6875;6;4;2;0;0;0;
EBT;UF;3203346;20.0000;2;0;0;2;0;0;
EBT;UF;3203502;10.0000;1;0;0;1;0;0;
EBT;UF;3203809;1.0000;1;0;1;0;0;0;
EBT;UF;3203908;2.0000;1;0;1;0;0;0;
EBT;UF;3204054;18.0000;4;0;2;2;0;0;
EBT;UF;3204104;96.0000;3;0;1;0;1;1;
EBT;UF;3204203;129.1250;4;2;1;0;0;1;
EBT;UF;3204302;2.0000;1;0;1;0;0;0;
EBT;UF;3204351;4.0000;2;0;2;0;0;0;
EBT;UF;3204401;30.0000;2;0;0;1;1;0;
EBT;UF;3204500;1.2500;2;1;1;0;0;0;
EBT;UF;3204559;4.5625;4;2;2;0;0;0;
EBT;UF;3204609;47.0000;5;0;3;1;1;0;
EBT;UF;3204658;1.0000;1;0;1;0;0;0;
EBT;UF;3204708;4.0000;2;0;2;0;0;0;
EBT;UF;3204906;825.5000;23;2;6;4;6;5;
EBT;UF;3205002;2093.0000;154;24;63;45;13;9;
EBT;UF;3205036;1.0000;1;0;1;0;0;0;
EBT;UF;3205069;10.1875;12;7;5;0;0;0;
EBT;UF;3205101;190.0625;17;1;8;6;1;1;
EBT;UF;3205200;2606.0000;87;9;32;30;7;9;
EBT;UF;3205309;39358.0234;184;20;31;57;23;53;
EBT;UF;3300100;1144.0000;20;4;9;4;2;1;
EBT;UF;3300209;27.0000;8;0;5;3;0;0;
EBT;UF;3300233;1.0000;1;0;1;0;0;0;
EBT;UF;3300258;2.0000;1;0;1;0;0;0;
EBT;UF;3300308;17.5000;8;4;3;1;0;0;
EBT;UF;3300407;43.2500;13;1;9;3;0;0;
EBT;UF;3300456;255.1250;37;5;27;2;1;2;
EBT;UF;3300704;34.5000;12;1;9;2;0;0;
EBT;UF;3300803;5.0000;3;0;3;0;0;0;
EBT;UF;3301009;802.6250;54;15;27;6;4;2;
EBT;UF;3301108;5.0000;3;0;3;0;0;0;
EBT;UF;3301306;2.2500;2;1;1;0;0;0;
EBT;UF;3301702;3951.5625;100;13;47;16;4;20;
EBT;UF;3301801;1.0000;1;0;1;0;0;0;
EBT;UF;3301850;1.0000;1;0;1;0;0;0;
EBT;UF;3301900;2599.5000;14;1;9;3;0;1;
EBT;UF;3302007;54.5000;20;4;14;1;1;0;
EBT;UF;3302056;1.0000;1;0;1;0;0;0;
EBT;UF;3302106;1.0000;1;0;1;0;0;0;
EBT;UF;3302205;23.7500;14;2;12;0;0;0;
EBT;UF;3302254;229.2500;22;1;13;4;3;1;
EBT;UF;3302403;5771.8750;233;10;99;89;24;11;
EBT;UF;3302502;7.2500;5;1;4;0;0;0;
EBT;UF;3302601;10.0000;1;0;0;1;0;0;
EBT;UF;3302700;6.0000;4;0;4;0;0;0;
EBT;UF;3302809;1.0000;1;0;1;0;0;0;
EBT;UF;3302858;55.6250;11;2;8;0;0;1;
EBT;UF;3303005;1.0000;1;0;1;0;0;0;
EBT;UF;3303104;1.0000;1;0;1;0;0;0;
EBT;UF;3303203;31.5000;22;6;16;0;0;0;
EBT;UF;3303302;3735.8750;253;16;189;24;15;9;
EBT;UF;3303401;17.5000;8;1;6;1;0;0;
EBT;UF;3303500;403.0781;57;7;39;9;0;2;
EBT;UF;3303609;1.2500;2;1;1;0;0;0;
EBT;UF;3303807;25.2500;6;1;3;2;0;0;
EBT;UF;3303856;1.0000;1;0;1;0;0;0;
EBT;UF;3303906;744.4883;55;6;39;4;4;2;
EBT;UF;3304003;4.5000;4;1;3;0;0;0;
EBT;UF;3304102;1.0000;1;0;1;0;0;0;
EBT;UF;3304110;1199.8750;37;6;13;8;1;9;
EBT;UF;3304144;11.0000;6;0;6;0;0;0;
EBT;UF;3304151;1.0000;1;0;1;0;0;0;
EBT;UF;3304201;529.7500;46;2;27;10;5;2;
EBT;UF;3304300;4.7500;5;2;3;0;0;0;
EBT;UF;3304524;228.7500;44;6;22;14;2;0;
EBT;UF;3304557;355554.200;6621;358;3515;1752;372;624;
EBT;UF;3304706;1.0000;1;0;1;0;0;0;
EBT;UF;3304755;1.0000;1;0;1;0;0;0;
EBT;UF;3304904;494.3750;96;17;61;15;0;3;
EBT;UF;3305000;69.2500;13;1;10;0;2;0;
EBT;UF;3305109;181.0625;46;5;33;7;0;1;
EBT;UF;3305208;20.0000;12;2;10;0;0;0;
EBT;UF;3305505;1.5000;2;1;1;0;0;0;
EBT;UF;3305554;500.5000;8;4;0;0;1;3;
EBT;UF;3305802;554.3750;15;2;11;0;1;1;
EBT;UF;3306008;135.5000;21;1;11;7;2;0;
EBT;UF;3306107;5.0000;3;0;3;0;0;0;
EBT;UF;3306206;1.0000;1;0;1;0;0;0;
EBT;UF;3306305;760.5000;42;5;20;6;7;4;
EBT;UF;3500105;155.0000;1;0;0;0;0;1;
EBT;UF;3501004;0.2500;1;1;0;0;0;0;
EBT;UF;3501152;2.0000;1;0;1;0;0;0;
EBT;UF;3501608;3352.5000;129;20;79;8;2;20;
EBT;UF;3501707;310.0000;2;0;0;0;0;2;
EBT;UF;3502101;1805.0000;5;0;2;0;0;3;
EBT;UF;3502507;2.0000;1;0;1;0;0;0;
EBT;UF;3502804;340.5000;10;1;5;2;0;2;
EBT;UF;3503000;2.5000;2;1;1;0;0;0;
EBT;UF;3503208;3840.0000;85;10;38;10;4;23;
EBT;UF;3503307;27.6875;21;7;14;0;0;0;
EBT;UF;3503901;13.2500;10;3;7;0;0;0;
EBT;UF;3504008;644.6250;12;3;3;2;0;4;
EBT;UF;3504107;26.5000;12;3;8;1;0;0;
EBT;UF;3505302;4.0000;2;0;2;0;0;0;
EBT;UF;3505500;656.0000;10;0;1;4;0;5;
EBT;UF;3505708;40115.8242;467;41;170;84;45;127;
EBT;UF;3505906;1.2598;3;2;1;0;0;0;
EBT;UF;3506003;12977.6406;195;11;66;36;10;72;
EBT;UF;3506102;1801.8750;42;9;16;5;1;11;
EBT;UF;3506359;3.5000;6;5;1;0;0;0;
EBT;UF;3506508;235.0000;2;0;0;0;0;2;
EBT;UF;3507506;1329.0000;23;0;10;3;2;8;
EBT;UF;3507605;1515.7500;28;9;3;5;2;9;
EBT;UF;3507803;2.2500;2;1;1;0;0;0;
EBT;UF;3508207;2.5000;2;1;1;0;0;0;
EBT;UF;3508405;14.5000;5;1;3;1;0;0;
EBT;UF;3508504;129.2500;4;1;2;0;0;1;
EBT;UF;3508603;1343.0000;5;0;1;1;0;3;
EBT;UF;3509205;1293.7539;58;12;24;15;2;5;
EBT;UF;3509254;155.2500;2;1;0;0;0;1;
EBT;UF;3509403;1.2500;2;1;1;0;0;0;
EBT;UF;3509502;43202.8789;554;51;246;78;28;151;
EBT;UF;3509700;13.6250;14;7;7;0;0;0;
EBT;UF;3510005;0.7500;2;2;0;0;0;0;
EBT;UF;3510500;342.0000;3;0;0;0;1;2;
EBT;UF;3511102;359.0000;9;0;3;4;0;2;
EBT;UF;3512803;6.0625;3;1;1;1;0;0;
EBT;UF;3513009;307.6250;39;9;22;5;1;2;
EBT;UF;3513504;948.1250;27;3;12;4;2;6;
EBT;UF;3513702;1.5625;6;6;0;0;0;0;
EBT;UF;3513801;3760.6563;275;40;186;23;5;21;
EBT;UF;3515186;2.2500;2;1;1;0;0;0;
EBT;UF;3516200;2556.9473;64;17;28;1;2;16;
EBT;UF;3516705;7.2500;5;1;4;0;0;0;
EBT;UF;3517406;1.2646;4;3;1;0;0;0;
EBT;UF;3517703;13.7686;10;3;7;0;0;0;
EBT;UF;3518305;155.0000;1;0;0;0;0;1;
EBT;UF;3518404;38.5625;25;5;20;0;0;0;
EBT;UF;3518701;1548.7500;75;16;48;6;2;3;
EBT;UF;3518800;1729.9922;395;83;270;28;6;8;
EBT;UF;3519071;7575.1250;68;5;16;6;7;34;
EBT;UF;3520103;0.5000;1;1;0;0;0;0;
EBT;UF;3520509;2499.5625;63;13;25;7;2;16;
EBT;UF;3521002;4.0000;2;0;2;0;0;0;
EBT;UF;3521309;2.7686;4;3;1;0;0;0;
EBT;UF;3522307;755.0000;9;3;0;0;1;5;
EBT;UF;3522505;8.0000;1;0;0;1;0;0;
EBT;UF;3522604;0.5625;3;3;0;0;0;0;
EBT;UF;3523107;207.7500;21;10;6;3;1;1;
EBT;UF;3523909;3272.1250;67;8;32;8;4;15;
EBT;UF;3524006;0.1250;1;1;0;0;0;0;
EBT;UF;3524105;5.3750;7;4;3;0;0;0;
EBT;UF;3524303;10.2500;2;1;0;1;0;0;
EBT;UF;3524402;273.1875;87;14;66;6;0;1;
EBT;UF;3524709;696.2500;14;4;4;0;2;4;
EBT;UF;3525003;183.0000;5;0;1;3;0;1;
EBT;UF;3525102;5.2500;7;3;4;0;0;0;
EBT;UF;3525300;2841.0000;62;0;33;10;2;17;
EBT;UF;3525904;10025.0625;208;30;110;21;8;39;
EBT;UF;3526803;1630.0000;19;0;6;0;3;10;
EBT;UF;3526902;2431.1250;76;11;44;5;1;15;
EBT;UF;3527108;2432.5000;37;9;6;6;1;15;
EBT;UF;3527306;348.7500;9;3;3;0;1;2;
EBT;UF;3528007;2048.0000;2;0;0;0;0;2;
EBT;UF;3528403;12.7500;8;2;6;0;0;0;
EBT;UF;3528502;4.7500;4;2;2;0;0;0;
EBT;UF;3529005;3364.6250;103;14;46;17;6;20;
EBT;UF;3529302;163.0000;2;0;0;1;0;1;
EBT;UF;3529401;1837.2500;143;29;87;14;2;11;
EBT;UF;3529708;3.7500;4;2;2;0;0;0;
EBT;UF;3530300;312.0000;3;0;1;0;0;2;
EBT;UF;3530508;3.0000;4;3;1;0;0;0;
EBT;UF;3530607;7562.2773;232;53;148;11;7;13;
EBT;UF;3530706;69.0000;37;5;31;1;0;0;
EBT;UF;3530805;176.0000;12;0;11;0;0;1;
EBT;UF;3531100;7.8750;7;3;4;0;0;0;
EBT;UF;3531902;3.2500;5;3;2;0;0;0;
EBT;UF;3533403;9.0000;7;2;5;0;0;0;
EBT;UF;3534401;6564.0020;111;10;44;27;6;24;
EBT;UF;3534609;155.2500;2;1;0;0;0;1;
EBT;UF;3534708;1617.5000;27;1;7;6;2;11;
EBT;UF;3536505;2.2500;2;1;1;0;0;0;
EBT;UF;3536703;1.0000;1;0;1;0;0;0;
EBT;UF;3537404;3.3125;6;5;1;0;0;0;
EBT;UF;3537602;2.0000;1;0;1;0;0;0;
EBT;UF;3538006;1174.1250;21;4;11;4;0;2;
EBT;UF;3538709;4449.7344;102;19;55;11;1;16;
EBT;UF;3539301;10.8125;8;3;5;0;0;0;
EBT;UF;3539806;1246.2500;41;1;0;1;32;7;
EBT;UF;3541000;18.3750;17;6;11;0;0;0;
EBT;UF;3541406;2978.0625;73;7;35;8;5;18;
EBT;UF;3541505;16.0000;1;0;0;0;1;0;
EBT;UF;3542404;2.0000;1;0;1;0;0;0;
EBT;UF;3543303;15.2500;11;3;8;0;0;0;
EBT;UF;3543402;15345.9609;349;18;160;79;7;85;
EBT;UF;3543907;1595.8125;76;9;50;7;0;10;
EBT;UF;3544004;2.2500;4;3;1;0;0;0;
EBT;UF;3544103;7.2500;5;1;4;0;0;0;
EBT;UF;3544202;2.0000;1;0;1;0;0;0;
EBT;UF;3545209;642.0000;12;0;6;2;0;4;
EBT;UF;3545803;211.2500;28;1;25;1;0;1;
EBT;UF;3546306;2.0000;1;0;1;0;0;0;
EBT;UF;3546405;11.0000;3;2;0;1;0;0;
EBT;UF;3547304;7960.6250;44;3;16;9;3;13;
EBT;UF;3547809;15462.0547;376;82;197;41;3;53;
EBT;UF;3548500;10024.3398;283;24;145;59;11;44;
EBT;UF;3548708;13930.8438;564;155;270;45;30;64;
EBT;UF;3548807;6876.7422;125;21;73;15;3;13;
EBT;UF;3548906;3990.4375;45;3;14;15;0;13;
EBT;UF;3549409;4.1250;7;5;2;0;0;0;
EBT;UF;3549706;6.3125;5;2;3;0;0;0;
EBT;UF;3549805;5113.0000;79;0;13;34;4;28;
EBT;UF;3549904;8365.7969;301;54;166;49;4;28;
EBT;UF;3550100;2.2500;4;3;1;0;0;0;
EBT;UF;3550308;437596.894;10039;1035;4790;2278;434;1502;
EBT;UF;3550605;4.3750;7;5;2;0;0;0;
EBT;UF;3550704;6.0000;2;0;1;1;0;0;
EBT;UF;3551009;1907.8750;86;27;44;9;0;6;
EBT;UF;3551702;577.0000;6;0;1;1;0;4;
EBT;UF;3552205;13726.4648;265;18;114;39;17;77;
EBT;UF;3552403;64.0000;13;3;7;1;2;0;
EBT;UF;3552502;31.5000;24;8;16;0;0;0;
EBT;UF;3552809;6079.7500;30;2;13;6;1;8;
EBT;UF;3554102;1971.3125;113;23;61;12;4;13;
EBT;UF;3554508;9.0000;4;0;3;1;0;0;
EBT;UF;3555000;2.0000;1;0;1;0;0;0;
EBT;UF;3555406;0.5000;1;1;0;0;0;0;
EBT;UF;3556206;595.0000;34;8;16;5;1;4;
EBT;UF;3556404;0.5000;1;1;0;0;0;0;
EBT;UF;3556701;187.0000;2;0;0;0;1;1;
EBT;UF;3557006;649.2500;14;1;7;2;0;4;
EBT;UF;3557105;4.1250;4;2;2;0;0;0;
EBT;UF;3557303;0.2500;1;1;0;0;0;0;
EBT;UF;4100202;0.2500;1;1;0;0;0;0;
EBT;UF;4100301;0.2500;1;1;0;0;0;0;
EBT;UF;4100400;13.2500;13;7;5;1;0;0;
EBT;UF;4100509;1.0000;1;0;1;0;0;0;
EBT;UF;4100608;1.0000;1;0;1;0;0;0;
EBT;UF;4100707;1.2500;2;1;1;0;0;0;
EBT;UF;4100806;1.2500;2;1;1;0;0;0;
EBT;UF;4100905;0.5000;2;2;0;0;0;0;
EBT;UF;4101002;0.5000;1;1;0;0;0;0;
EBT;UF;4101101;10.5000;7;1;6;0;0;0;
EBT;UF;4101408;101.3125;22;4;13;4;1;0;
EBT;UF;4101507;51.7500;11;3;3;5;0;0;
EBT;UF;4101606;1.0000;1;0;1;0;0;0;
EBT;UF;4101705;1.0000;1;0;1;0;0;0;
EBT;UF;4101804;261.1875;107;35;59;12;1;0;
EBT;UF;4101903;1.0000;1;0;1;0;0;0;
EBT;UF;4102000;1.0000;1;0;1;0;0;0;
EBT;UF;4102109;1.0000;1;0;1;0;0;0;
EBT;UF;4102307;10.5000;7;1;6;0;0;0;
EBT;UF;4102406;21.1875;7;5;0;2;0;0;
EBT;UF;4102505;1.0000;1;0;1;0;0;0;
EBT;UF;4102802;3.2500;3;1;2;0;0;0;
EBT;UF;4102901;1.0000;1;0;1;0;0;0;
EBT;UF;4103057;0.2500;1;1;0;0;0;0;
EBT;UF;4103206;0.2500;1;1;0;0;0;0;
EBT;UF;4103354;0.2500;1;1;0;0;0;0;
EBT;UF;4103503;0.2500;1;1;0;0;0;0;
EBT;UF;4103602;2.0000;1;0;1;0;0;0;
EBT;UF;4103701;47.6875;43;19;23;1;0;0;
EBT;UF;4103800;0.5000;2;2;0;0;0;0;
EBT;UF;4104006;2.2500;3;1;2;0;0;0;
EBT;UF;4104204;84.7500;23;3;12;8;0;0;
EBT;UF;4104253;4.2500;4;1;3;0;0;0;
EBT;UF;4104428;9.2500;3;1;1;1;0;0;
EBT;UF;4104501;1.2500;2;1;1;0;0;0;
EBT;UF;4104659;1.4375;4;3;1;0;0;0;
EBT;UF;4104709;2.0000;1;0;1;0;0;0;
EBT;UF;4104808;318.6875;121;43;61;14;3;0;
EBT;UF;4104907;12.6250;29;24;5;0;0;0;
EBT;UF;4105003;8.2500;2;1;0;1;0;0;
EBT;UF;4105102;1.0000;1;0;1;0;0;0;
EBT;UF;4105409;3.1250;3;1;2;0;0;0;
EBT;UF;4105508;82.1250;30;10;15;5;0;0;
EBT;UF;4105607;0.2500;1;1;0;0;0;0;
EBT;UF;4105706;1.0000;1;0;1;0;0;0;
EBT;UF;4105805;214.3125;38;16;18;2;1;1;
EBT;UF;4106001;0.2500;1;1;0;0;0;0;
EBT;UF;4106209;1.0000;1;0;1;0;0;0;
EBT;UF;4106308;1.0000;1;0;1;0;0;0;
EBT;UF;4106407;50.5625;7;3;1;2;1;0;
EBT;UF;4106506;1.5625;4;3;1;0;0;0;
EBT;UF;4106605;1.0000;1;0;1;0;0;0;
EBT;UF;4106704;0.2500;1;1;0;0;0;0;
EBT;UF;4106902;25937.8398;1598;274;792;351;120;61;
EBT;UF;4107009;1.0000;1;0;1;0;0;0;
EBT;UF;4107108;0.5000;2;2;0;0;0;0;
EBT;UF;4107207;14.2500;6;2;3;1;0;0;
EBT;UF;4107256;12.7500;3;2;0;1;0;0;
EBT;UF;4107306;0.5000;2;2;0;0;0;0;
EBT;UF;4107405;0.2500;1;1;0;0;0;0;
EBT;UF;4107538;1.0000;1;0;1;0;0;0;
EBT;UF;4107603;1.0000;1;0;1;0;0;0;
EBT;UF;4107652;318.9375;11;5;4;0;0;2;
EBT;UF;4107702;0.2500;1;1;0;0;0;0;
EBT;UF;4107736;2.0000;1;0;1;0;0;0;
EBT;UF;4107801;2.5000;3;2;1;0;0;0;
EBT;UF;4107900;0.2500;1;1;0;0;0;0;
EBT;UF;4108007;1.5000;3;2;1;0;0;0;
EBT;UF;4108106;0.2500;1;1;0;0;0;0;
EBT;UF;4108205;1.2500;2;1;1;0;0;0;
EBT;UF;4108304;347.6250;128;50;71;5;1;1;
EBT;UF;4108320;0.2500;1;1;0;0;0;0;
EBT;UF;4108403;24.0625;16;8;7;1;0;0;
EBT;UF;4108452;0.0625;1;1;0;0;0;0;
EBT;UF;4108502;2.0000;1;0;1;0;0;0;
EBT;UF;4108551;0.2500;1;1;0;0;0;0;
EBT;UF;4108601;5.3125;8;5;3;0;0;0;
EBT;UF;4108700;1.0000;1;0;1;0;0;0;
EBT;UF;4108809;13.0000;9;2;7;0;0;0;
EBT;UF;4109302;1.0000;1;0;1;0;0;0;
EBT;UF;4109401;23.7500;16;5;10;1;0;0;
EBT;UF;4109500;2.5000;3;2;1;0;0;0;
EBT;UF;4109609;9.0000;5;0;5;0;0;0;
EBT;UF;4109708;1.0000;1;0;1;0;0;0;
EBT;UF;4109807;16.3750;24;14;10;0;0;0;
EBT;UF;4110201;0.2500;1;1;0;0;0;0;
EBT;UF;4110607;1.0000;1;0;1;0;0;0;
EBT;UF;4110706;12.6875;25;21;4;0;0;0;
EBT;UF;4110904;0.2500;1;1;0;0;0;0;
EBT;UF;4110953;1.0000;1;0;1;0;0;0;
EBT;UF;4111407;0.2500;1;1;0;0;0;0;
EBT;UF;4111506;1.2500;2;1;1;0;0;0;
EBT;UF;4111803;5.5000;6;4;2;0;0;0;
EBT;UF;4112009;1.0000;1;0;1;0;0;0;
EBT;UF;4112108;2.3750;4;3;1;0;0;0;
EBT;UF;4112504;1.0000;1;0;1;0;0;0;
EBT;UF;4112702;1.2500;2;1;1;0;0;0;
EBT;UF;4112801;1.0000;1;0;1;0;0;0;
EBT;UF;4113205;1.0625;2;1;1;0;0;0;
EBT;UF;4113304;1.7500;3;2;1;0;0;0;
EBT;UF;4113502;1.0000;1;0;1;0;0;0;
EBT;UF;4113601;14.0000;4;0;3;1;0;0;
EBT;UF;4113700;6077.5000;272;86;110;55;9;12;
EBT;UF;4113734;256.0000;1;0;0;0;0;1;
EBT;UF;4113809;1.0000;1;0;1;0;0;0;
EBT;UF;4114005;1.0000;1;0;1;0;0;0;
EBT;UF;4114104;2.2500;4;3;1;0;0;0;
EBT;UF;4114203;19.5000;8;4;3;1;0;0;
EBT;UF;4114302;0.2500;1;1;0;0;0;0;
EBT;UF;4114351;0.2500;1;1;0;0;0;0;
EBT;UF;4114401;1.0000;1;0;1;0;0;0;
EBT;UF;4114500;1.2500;2;1;1;0;0;0;
EBT;UF;4114609;0.5000;1;1;0;0;0;0;
EBT;UF;4114807;12.2500;8;3;4;1;0;0;
EBT;UF;4114906;1.0000;1;0;1;0;0;0;
EBT;UF;4115101;0.2500;1;1;0;0;0;0;
EBT;UF;4115200;2055.7500;244;70;121;49;1;3;
EBT;UF;4115309;0.2500;1;1;0;0;0;0;
EBT;UF;4115358;1.0000;1;0;1;0;0;0;
EBT;UF;4115606;3.2500;3;1;2;0;0;0;
EBT;UF;4115705;5.0000;3;0;3;0;0;0;
EBT;UF;4115804;0.5000;1;1;0;0;0;0;
EBT;UF;4116208;1.0000;1;0;1;0;0;0;
EBT;UF;4116703;1.0000;1;0;1;0;0;0;
EBT;UF;4116901;2.3750;5;4;1;0;0;0;
EBT;UF;4117008;0.2500;1;1;0;0;0;0;
EBT;UF;4117107;1.0000;1;0;1;0;0;0;
EBT;UF;4117206;0.2500;1;1;0;0;0;0;
EBT;UF;4117271;0.2500;1;1;0;0;0;0;
EBT;UF;4117503;5.3750;5;2;3;0;0;0;
EBT;UF;4117602;3.5000;3;1;2;0;0;0;
EBT;UF;4117701;1.0000;1;0;1;0;0;0;
EBT;UF;4117909;7.5625;7;3;4;0;0;0;
EBT;UF;4118204;374.0000;85;18;53;12;1;1;
EBT;UF;4118402;68.4375;36;17;18;0;1;0;
EBT;UF;4118451;0.2500;1;1;0;0;0;0;
EBT;UF;4118501;62.8125;24;6;16;1;1;0;
EBT;UF;4118600;0.2500;1;1;0;0;0;0;
EBT;UF;4118709;0.2500;1;1;0;0;0;0;
EBT;UF;4118907;1.0000;1;0;1;0;0;0;
EBT;UF;4119152;196.2500;39;3;25;8;3;0;
EBT;UF;4119202;0.2500;1;1;0;0;0;0;
EBT;UF;4119301;3.5625;5;3;2;0;0;0;
EBT;UF;4119400;2.0000;1;0;1;0;0;0;
EBT;UF;4119509;11.0625;9;3;6;0;0;0;
EBT;UF;4119608;1.0000;1;0;1;0;0;0;
EBT;UF;4119707;0.2500;1;1;0;0;0;0;
EBT;UF;4119806;1.0000;1;0;1;0;0;0;
EBT;UF;4119905;410.1250;122;48;55;16;2;1;
EBT;UF;4119954;27.0000;7;0;6;0;1;0;
EBT;UF;4120002;1.0000;1;0;1;0;0;0;
EBT;UF;4120101;0.5000;2;2;0;0;0;0;
EBT;UF;4120309;0.2500;1;1;0;0;0;0;
EBT;UF;4120606;3.2500;3;1;2;0;0;0;
EBT;UF;4120705;0.5000;2;2;0;0;0;0;
EBT;UF;4120804;411.2500;24;6;10;4;2;2;
EBT;UF;4120853;1.0000;1;0;1;0;0;0;
EBT;UF;4120903;1.0000;1;0;1;0;0;0;
EBT;UF;4121307;0.2500;1;1;0;0;0;0;
EBT;UF;4121406;1.2500;2;1;1;0;0;0;
EBT;UF;4121505;1.0000;1;0;1;0;0;0;
EBT;UF;4121604;0.2500;1;1;0;0;0;0;
EBT;UF;4121703;1.0000;1;0;1;0;0;0;
EBT;UF;4121901;1.0000;1;0;1;0;0;0;
EBT;UF;4122008;1.0000;1;0;1;0;0;0;
EBT;UF;4122206;2.2500;4;3;1;0;0;0;
EBT;UF;4122305;8.6250;16;12;4;0;0;0;
EBT;UF;4122404;57.5000;23;2;19;2;0;0;
EBT;UF;4122701;0.2500;1;1;0;0;0;0;
EBT;UF;4122800;0.2500;1;1;0;0;0;0;
EBT;UF;4123204;1.0000;1;0;1;0;0;0;
EBT;UF;4123501;1.0000;1;0;1;0;0;0;
EBT;UF;4123709;1.0000;1;0;1;0;0;0;
EBT;UF;4123808;1.0000;1;0;1;0;0;0;
EBT;UF;4123907;1.2500;2;1;1;0;0;0;
EBT;UF;4124053;1.0625;2;1;1;0;0;0;
EBT;UF;4124103;5.0625;4;1;3;0;0;0;
EBT;UF;4124301;0.2500;1;1;0;0;0;0;
EBT;UF;4124400;1.0000;1;0;1;0;0;0;
EBT;UF;4124509;1.7500;3;2;1;0;0;0;
EBT;UF;4124608;0.2500;1;1;0;0;0;0;
EBT;UF;4124707;1.2500;2;1;1;0;0;0;
EBT;UF;4124905;0.2500;1;1;0;0;0;0;
EBT;UF;4125001;2.0000;2;0;2;0;0;0;
EBT;UF;4125357;0.2500;1;1;0;0;0;0;
EBT;UF;4125456;0.2500;1;1;0;0;0;0;
EBT;UF;4125506;23126.4375;265;56;155;41;2;11;
EBT;UF;4125605;1.2500;2;1;1;0;0;0;
EBT;UF;4125704;18.0000;2;0;1;0;1;0;
EBT;UF;4126009;0.5000;2;2;0;0;0;0;
EBT;UF;4126207;0.2500;1;1;0;0;0;0;
EBT;UF;4126256;15.5000;16;8;8;0;0;0;
EBT;UF;4126306;1.0000;1;0;1;0;0;0;
EBT;UF;4126504;1.0000;1;0;1;0;0;0;
EBT;UF;4126603;1.0000;1;0;1;0;0;0;
EBT;UF;4126678;1.2500;2;1;1;0;0;0;
EBT;UF;4126801;1.0000;1;0;1;0;0;0;
EBT;UF;4126900;0.2500;1;1;0;0;0;0;
EBT;UF;4127007;1.5000;3;2;1;0;0;0;
EBT;UF;4127106;11.0000;6;0;6;0;0;0;
EBT;UF;4127403;1.0000;1;0;1;0;0;0;
EBT;UF;4127502;1.0000;1;0;1;0;0;0;
EBT;UF;4127700;54.7500;26;12;9;5;0;0;
EBT;UF;4127809;1.0000;1;0;1;0;0;0;
EBT;UF;4128104;179.3750;32;6;15;9;1;1;
EBT;UF;4128203;17.2500;10;1;9;0;0;0;
EBT;UF;4128401;1.0000;1;0;1;0;0;0;
EBT;UF;4128500;1.5000;2;1;1;0;0;0;
EBT;UF;4128708;2.5000;3;2;1;0;0;0;
EBT;UF;4128807;0.2500;1;1;0;0;0;0;
EBT;UF;4200101;1.3750;3;2;1;0;0;0;
EBT;UF;4201307;87.5625;23;3;11;9;0;0;
EBT;UF;4201703;0.2500;1;1;0;0;0;0;
EBT;UF;4202008;197.2500;29;1;13;14;0;1;
EBT;UF;4202073;1.0000;1;0;1;0;0;0;
EBT;UF;4202305;103.4375;42;23;13;4;2;0;
EBT;UF;4202404;2842.8125;217;47;89;62;12;7;
EBT;UF;4202602;5.3750;4;2;1;1;0;0;
EBT;UF;4202909;770.1250;58;8;23;20;2;5;
EBT;UF;4203006;132.8750;11;5;2;3;0;1;
EBT;UF;4203204;24.1250;18;8;9;1;0;0;
EBT;UF;4203600;2.0000;1;0;1;0;0;0;
EBT;UF;4203956;16.7500;6;2;3;1;0;0;
EBT;UF;4204202;608.3125;66;20;25;14;4;3;
EBT;UF;4204251;78.0000;8;3;2;1;2;0;
EBT;UF;4204301;623.5000;14;1;1;6;2;4;
EBT;UF;4204350;0.6875;4;4;0;0;0;0;
EBT;UF;4204509;3.6250;5;3;2;0;0;0;
EBT;UF;4204558;5.0000;3;2;0;1;0;0;
EBT;UF;4204608;402.7500;58;17;15;23;2;1;
EBT;UF;4204806;20.0000;2;0;0;2;0;0;
EBT;UF;4205191;10.0000;1;0;0;1;0;0;
EBT;UF;4205407;6924.1719;296;48;95;115;23;15;
EBT;UF;4205506;4.9375;10;8;2;0;0;0;
EBT;UF;4205704;17.1250;11;5;5;1;0;0;
EBT;UF;4205803;8.0000;2;0;0;2;0;0;
EBT;UF;4205902;99.8750;25;12;5;6;2;0;
EBT;UF;4206504;92.2500;27;6;16;4;1;0;
EBT;UF;4206702;3.1250;4;3;1;0;0;0;
EBT;UF;4207007;39.3125;11;4;4;3;0;0;
EBT;UF;4207106;1.2500;2;1;1;0;0;0;
EBT;UF;4207304;4.0000;2;0;2;0;0;0;
EBT;UF;4207502;254.5625;36;2;19;14;0;1;
EBT;UF;4208203;1632.3750;231;20;116;86;3;6;
EBT;UF;4208302;0.5000;1;1;0;0;0;0;
EBT;UF;4208807;1.2500;2;1;1;0;0;0;
EBT;UF;4208906;402.1875;53;9;29;12;2;1;
EBT;UF;4209003;124.5000;19;1;9;7;2;0;
EBT;UF;4209102;1873.8008;302;68;132;90;7;5;
EBT;UF;4209300;179.2500;44;12;15;17;0;0;
EBT;UF;4209706;1.2500;2;1;1;0;0;0;
EBT;UF;4210035;4.2500;4;1;3;0;0;0;
EBT;UF;4210100;12.9375;20;15;5;0;0;0;
EBT;UF;4210209;3.2500;3;1;2;0;0;0;
EBT;UF;4210605;3.5625;5;3;2;0;0;0;
EBT;UF;4211306;170.8125;41;6;19;14;2;0;
EBT;UF;4211454;1.0000;1;0;1;0;0;0;
EBT;UF;4211603;4.2500;5;1;4;0;0;0;
EBT;UF;4211702;2.5000;5;4;1;0;0;0;
EBT;UF;4211900;502.0625;65;15;31;16;2;1;
EBT;UF;4213005;0.3125;3;3;0;0;0;0;
EBT;UF;4213203;25.5000;5;2;1;1;1;0;
EBT;UF;4214706;2.2500;2;1;1;0;0;0;
EBT;UF;4214805;300.7500;60;14;22;23;1;0;
EBT;UF;4215000;26.0000;3;0;2;0;1;0;
EBT;UF;4215109;102.7500;4;2;1;0;0;1;
EBT;UF;4215455;1.0000;1;0;1;0;0;0;
EBT;UF;4215802;211.5625;87;34;41;11;1;0;
EBT;UF;4216107;3.2500;3;1;2;0;0;0;
EBT;UF;4216206;250.4375;25;7;6;8;3;1;
EBT;UF;4216255;1.0000;1;0;1;0;0;0;
EBT;UF;4216602;392.5000;75;13;32;27;3;0;
EBT;UF;4216909;41.7500;7;3;2;1;1;0;
EBT;UF;4217006;2.0000;1;0;1;0;0;0;
EBT;UF;4217402;47.5000;6;2;2;1;1;0;
EBT;UF;4217709;216.0000;4;0;0;1;0;3;
EBT;UF;4218202;126.5000;12;1;8;2;0;1;
EBT;UF;4218707;62.0625;13;1;6;6;0;0;
EBT;UF;4218806;14.0000;3;0;2;1;0;0;
EBT;UF;4219309;40.7500;20;11;6;2;1;0;
EBT;UF;4219507;9.2500;12;6;6;0;0;0;
EBT;UF;4219705;34.6250;8;4;2;1;1;0;
EBT;UF;4300406;55.3125;31;20;2;9;0;0;
EBT;UF;4300604;144.5000;28;8;10;8;2;0;
EBT;UF;4301008;1.5000;2;1;1;0;0;0;
EBT;UF;4301206;1.0000;1;0;1;0;0;0;
EBT;UF;4301552;1.2500;2;1;1;0;0;0;
EBT;UF;4301602;500.6250;36;8;9;11;6;2;
EBT;UF;4302105;1145.1875;124;8;47;58;8;3;
EBT;UF;4302204;1.0000;1;0;1;0;0;0;
EBT;UF;4302352;2.0000;2;0;2;0;0;0;
EBT;UF;4302808;1.0000;1;0;1;0;0;0;
EBT;UF;4302907;0.6250;2;2;0;0;0;0;
EBT;UF;4303004;19.9375;21;13;7;1;0;0;
EBT;UF;4303103;438.7500;59;7;17;29;6;0;
EBT;UF;4303509;251.0000;23;2;8;11;1;1;
EBT;UF;4303806;2.5000;4;2;2;0;0;0;
EBT;UF;4303905;966.5625;67;12;25;20;5;5;
EBT;UF;4304408;22.6875;16;10;4;2;0;0;
EBT;UF;4304507;1.0000;1;0;1;0;0;0;
EBT;UF;4304606;1092.1875;141;36;40;53;10;2;
EBT;UF;4304630;370.5625;11;4;1;4;1;1;
EBT;UF;4304663;4.2500;5;3;2;0;0;0;
EBT;UF;4304705;44.5625;27;15;8;4;0;0;
EBT;UF;4304804;68.1875;12;5;4;1;2;0;
EBT;UF;4304903;2.7500;5;3;2;0;0;0;
EBT;UF;4305108;3740.8750;383;74;158;126;21;4;
EBT;UF;4305207;3.0000;3;0;3;0;0;0;
EBT;UF;4305439;1.0000;1;0;1;0;0;0;
EBT;UF;4305801;0.2500;1;1;0;0;0;0;
EBT;UF;4305975;2.0000;1;0;1;0;0;0;
EBT;UF;4306056;1.0000;1;0;1;0;0;0;
EBT;UF;4306106;1216.4375;41;20;14;4;1;2;
EBT;UF;4306205;2.5625;4;2;2;0;0;0;
EBT;UF;4306403;0.5000;2;2;0;0;0;0;
EBT;UF;4306601;6.0000;1;0;0;1;0;0;
EBT;UF;4306767;354.1250;33;4;14;10;3;2;
EBT;UF;4307005;684.3125;46;2;20;15;8;1;
EBT;UF;4307559;273.5000;5;1;1;0;1;2;
EBT;UF;4307609;39.7500;16;5;7;4;0;0;
EBT;UF;4307708;79.3125;32;15;9;8;0;0;
EBT;UF;4307807;28.7500;13;6;5;2;0;0;
EBT;UF;4307906;858.1133;63;2;23;30;7;1;
EBT;UF;4308102;3.0000;3;0;3;0;0;0;
EBT;UF;4308508;4.7500;7;3;4;0;0;0;
EBT;UF;4308607;214.1250;49;8;25;14;2;0;
EBT;UF;4308904;25.5000;9;4;2;3;0;0;
EBT;UF;4309001;2.6875;6;4;2;0;0;0;
EBT;UF;4309050;8.6250;3;2;0;1;0;0;
EBT;UF;4309100;77.2500;25;11;10;3;1;0;
EBT;UF;4309209;412.3125;107;38;26;40;3;0;
EBT;UF;4309308;101.6875;24;12;6;4;2;0;
EBT;UF;4309407;5.0000;6;3;3;0;0;0;
EBT;UF;4309605;5.8750;11;7;4;0;0;0;
EBT;UF;4310108;14.2500;13;9;1;3;0;0;
EBT;UF;4310207;112.0625;14;3;3;6;2;0;
EBT;UF;4310330;1.6250;4;3;1;0;0;0;
EBT;UF;4310801;4.8750;10;7;3;0;0;0;
EBT;UF;4311007;2.4375;5;3;2;0;0;0;
EBT;UF;4311205;2.2500;3;1;2;0;0;0;
EBT;UF;4311403;1073.3750;23;8;9;5;0;1;
EBT;UF;4311809;5.0625;11;8;3;0;0;0;
EBT;UF;4312401;40.0625;23;13;5;5;0;0;
EBT;UF;4312500;1.0000;1;0;1;0;0;0;
EBT;UF;4312906;6.2500;4;1;2;1;0;0;
EBT;UF;4313201;9.6875;8;6;1;1;0;0;
EBT;UF;4313300;8.3125;10;5;5;0;0;0;
EBT;UF;4313409;692.8750;119;20;42;48;9;0;
EBT;UF;4313508;42.7500;24;15;5;4;0;0;
EBT;UF;4313706;7.5625;10;5;5;0;0;0;
EBT;UF;4313904;37.0625;27;18;6;3;0;0;
EBT;UF;4314050;13.4375;17;11;6;0;0;0;
EBT;UF;4314100;1000.8750;84;16;35;20;10;3;
EBT;UF;4314308;0.2500;1;1;0;0;0;0;
EBT;UF;4314407;2209.6875;81;21;31;19;6;4;
EBT;UF;4314506;4.0000;1;0;0;1;0;0;
EBT;UF;4314803;11.2500;7;4;2;1;0;0;
EBT;UF;4314902;41733.7383;872;87;232;367;119;67;
EBT;UF;4315206;2.0000;2;0;2;0;0;0;
EBT;UF;4315305;1.0000;1;0;1;0;0;0;
EBT;UF;4315503;1.0000;1;0;1;0;0;0;
EBT;UF;4315602;431.2500;78;29;22;21;4;2;
EBT;UF;4315701;3.3750;6;4;2;0;0;0;
EBT;UF;4315800;1.0000;1;0;1;0;0;0;
EBT;UF;4316006;1.0000;1;0;1;0;0;0;
EBT;UF;4316402;11.8750;10;6;3;1;0;0;
EBT;UF;4316501;0.3125;2;2;0;0;0;0;
EBT;UF;4316808;544.8125;36;12;3;15;4;2;
EBT;UF;4316907;1786.1875;121;54;38;23;2;4;
EBT;UF;4317103;68.3125;13;2;6;4;1;0;
EBT;UF;4317202;6.0000;5;0;5;0;0;0;
EBT;UF;4317400;14.4375;11;6;4;1;0;0;
EBT;UF;4317509;26.2500;5;1;0;4;0;0;
EBT;UF;4317608;11.2500;8;5;2;1;0;0;
EBT;UF;4317905;1.0000;1;0;1;0;0;0;
EBT;UF;4318002;2.0000;1;0;1;0;0;0;
EBT;UF;4318101;1.5000;3;2;1;0;0;0;
EBT;UF;4318200;1.7500;3;2;1;0;0;0;
EBT;UF;4318309;2.0000;2;0;2;0;0;0;
EBT;UF;4318507;0.2500;1;1;0;0;0;0;
EBT;UF;4318705;1029.5625;78;26;24;21;5;2;
EBT;UF;4318804;2.4375;5;3;2;0;0;0;
EBT;UF;4319406;2.5000;4;2;2;0;0;0;
EBT;UF;4319505;21.0625;9;4;2;3;0;0;
EBT;UF;4319802;1.5000;3;2;1;0;0;0;
EBT;UF;4319901;86.0000;17;2;8;6;1;0;
EBT;UF;4320008;148.1875;40;15;12;12;1;0;
EBT;UF;4320107;37.5625;11;8;2;0;1;0;
EBT;UF;4320206;0.2500;1;1;0;0;0;0;
EBT;UF;4320404;4.0625;4;1;3;0;0;0;
EBT;UF;4320701;1.0000;1;0;1;0;0;0;
EBT;UF;4320800;2.0000;2;0;2;0;0;0;
EBT;UF;4320909;1.0000;1;0;1;0;0;0;
EBT;UF;4321204;17.5000;13;6;6;1;0;0;
EBT;UF;4321451;504.6875;18;11;2;1;1;3;
EBT;UF;4321501;38.8750;21;15;3;2;1;0;
EBT;UF;4321600;26.1875;22;15;4;3;0;0;
EBT;UF;4321709;2.7500;4;2;2;0;0;0;
EBT;UF;4321808;1.0000;1;0;1;0;0;0;
EBT;UF;4322004;34.0000;2;0;1;0;1;0;
EBT;UF;4322400;342.1250;28;6;9;8;4;1;
EBT;UF;4322509;263.6250;31;3;11;16;0;1;
EBT;UF;4322608;14.7500;11;6;4;1;0;0;
EBT;UF;4322806;1.0000;1;0;1;0;0;0;
EBT;UF;4323002;59.8750;20;10;6;3;1;0;
EBT;UF;4323408;1.2500;2;1;1;0;0;0;
EBT;UF;4323804;2.1250;8;7;1;0;0;0;
EBT;UF;5000203;86.0000;12;0;3;8;1;0;
EBT;UF;5002704;5420.4375;439;92;152;153;24;18;
EBT;UF;5002951;0.0625;1;1;0;0;0;0;
EBT;UF;5003207;59.0000;7;0;5;1;0;1;
EBT;UF;5003702;1059.7500;42;6;14;17;2;3;
EBT;UF;5003751;1.0000;1;0;1;0;0;0;
EBT;UF;5004502;1.2500;3;3;0;0;0;0;
EBT;UF;5005202;4.0000;2;0;2;0;0;0;
EBT;UF;5005400;68.5000;8;1;1;3;3;0;
EBT;UF;5006002;1.0000;1;0;1;0;0;0;
EBT;UF;5006309;4.0000;2;0;2;0;0;0;
EBT;UF;5007109;35.0000;7;0;1;6;0;0;
EBT;UF;5007208;2.0000;1;0;1;0;0;0;
EBT;UF;5007695;1.0000;2;2;0;0;0;0;
EBT;UF;5007703;1.0000;1;0;1;0;0;0;
EBT;UF;5007901;121.5000;8;1;2;1;4;0;
EBT;UF;5008305;404.0000;38;0;13;22;2;1;
EBT;UF;5100250;6.5000;4;1;3;0;0;0;
EBT;UF;5100300;0.5000;1;1;0;0;0;0;
EBT;UF;5100805;1.0000;1;0;1;0;0;0;
EBT;UF;5101803;2.5000;2;1;1;0;0;0;
EBT;UF;5102504;165.5000;53;13;30;9;1;0;
EBT;UF;5102678;1.0000;1;0;1;0;0;0;
EBT;UF;5103353;1.0000;1;0;1;0;0;0;
EBT;UF;5103403;19254.4375;929;155;522;144;61;47;
EBT;UF;5103502;2.5000;2;1;1;0;0;0;
EBT;UF;5104104;0.5000;1;1;0;0;0;0;
EBT;UF;5105002;64.2500;9;1;3;4;1;0;
EBT;UF;5105150;2.0000;1;0;1;0;0;0;
EBT;UF;5105259;1238.3750;162;37;86;25;7;7;
EBT;UF;5105622;93.5000;18;3;13;0;2;0;
EBT;UF;5105903;0.5000;1;1;0;0;0;0;
EBT;UF;5106224;558.5000;94;17;52;17;7;1;
EBT;UF;5106752;303.3750;63;21;34;3;4;1;
EBT;UF;5107180;0.5000;1;1;0;0;0;0;
EBT;UF;5107198;0.5625;2;2;0;0;0;0;
EBT;UF;5107602;1975.6250;224;28;130;45;9;12;
EBT;UF;5107800;1.2500;2;1;1;0;0;0;
EBT;UF;5107859;1.0000;1;0;1;0;0;0;
EBT;UF;5107909;7480.6250;230;22;148;36;9;15;
EBT;UF;5107925;889.5000;140;21;81;30;4;4;
EBT;UF;5107958;4.3750;6;4;2;0;0;0;
EBT;UF;5108402;746.4375;150;26;82;35;6;1;
EBT;UF;5200050;2.0000;1;0;1;0;0;0;
EBT;UF;5200258;7.7500;8;2;6;0;0;0;
EBT;UF;5200308;6.0000;9;6;3;0;0;0;
EBT;UF;5200605;0.2500;1;1;0;0;0;0;
EBT;UF;5201108;2344.3750;232;28;85;103;9;7;
EBT;UF;5201405;469.6250;201;40;134;27;0;0;
EBT;UF;5202601;0.2500;1;1;0;0;0;0;
EBT;UF;5203203;1.0000;1;0;1;0;0;0;
EBT;UF;5204003;0.2500;1;1;0;0;0;0;
EBT;UF;5204508;25.0000;6;2;2;2;0;0;
EBT;UF;5204706;6.0000;6;3;3;0;0;0;
EBT;UF;5205109;273.3750;40;6;20;8;5;1;
EBT;UF;5205406;0.0625;1;1;0;0;0;0;
EBT;UF;5205455;0.2500;1;1;0;0;0;0;
EBT;UF;5205513;0.7500;2;2;0;0;0;0;
EBT;UF;5205802;0.2500;1;1;0;0;0;0;
EBT;UF;5205901;1.0000;1;0;1;0;0;0;
EBT;UF;5206206;62.7500;8;2;2;3;1;0;
EBT;UF;5208004;3.0000;2;0;2;0;0;0;
EBT;UF;5208103;0.2500;1;1;0;0;0;0;
EBT;UF;5208608;0.0625;1;1;0;0;0;0;
EBT;UF;5208707;7198.1875;656;108;371;130;29;18;
EBT;UF;5209101;0.7500;2;2;0;0;0;0;
EBT;UF;5209804;0.2500;1;1;0;0;0;0;
EBT;UF;5209937;2.0000;1;0;1;0;0;0;
EBT;UF;5210000;8.0000;4;0;4;0;0;0;
EBT;UF;5210802;0.2500;1;1;0;0;0;0;
EBT;UF;5210901;1.0000;1;0;1;0;0;0;
EBT;UF;5211503;87.8125;30;3;20;7;0;0;
EBT;UF;5211909;109.5000;6;1;3;1;0;1;
EBT;UF;5212303;0.2500;1;1;0;0;0;0;
EBT;UF;5212501;57.8750;36;15;18;3;0;0;
EBT;UF;5213509;0.2500;1;1;0;0;0;0;
EBT;UF;5213756;0.2500;1;1;0;0;0;0;
EBT;UF;5213806;7.1250;11;7;4;0;0;0;
EBT;UF;5213905;0.2500;1;1;0;0;0;0;
EBT;UF;5214002;0.2500;1;1;0;0;0;0;
EBT;UF;5214838;1.0000;1;0;1;0;0;0;
EBT;UF;5215231;8.0625;9;5;4;0;0;0;
EBT;UF;5215306;0.2500;1;1;0;0;0;0;
EBT;UF;5215504;0.2500;1;1;0;0;0;0;
EBT;UF;5216304;0.2500;1;1;0;0;0;0;
EBT;UF;5216809;1.0000;1;0;1;0;0;0;
EBT;UF;5217203;0.2500;1;1;0;0;0;0;
EBT;UF;5217401;1.0000;1;0;1;0;0;0;
EBT;UF;5217609;1.0000;1;0;1;0;0;0;
EBT;UF;5218003;52.5000;5;1;1;1;2;0;
EBT;UF;5218508;0.2500;1;1;0;0;0;0;
EBT;UF;5218789;0.2500;1;1;0;0;0;0;
EBT;UF;5218805;271.3125;52;7;26;17;1;1;
EBT;UF;5219100;0.2500;1;1;0;0;0;0;
EBT;UF;5219605;2.0000;1;0;1;0;0;0;
EBT;UF;5219753;7.0000;4;0;4;0;0;0;
EBT;UF;5219902;0.2500;1;1;0;0;0;0;
EBT;UF;5220108;0.5000;1;1;0;0;0;0;
EBT;UF;5220454;36.0000;16;2;13;1;0;0;
EBT;UF;5221403;91.3125;10;4;2;2;1;1;
EBT;UF;5221601;46.0625;12;8;1;2;1;0;
EBT;UF;5221700;0.2500;1;1;0;0;0;0;
EBT;UF;5221809;0.2500;1;1;0;0;0;0;
EBT;UF;5221858;28.3750;22;9;12;1;0;0;
EBT;UF;5300108;145628.313;2920;466;1260;729;198;267;
09;1132;
