01;CLA;IPL4;201301;
EBT;UF;1100023;227.0625;32;1;2;22;7;0;
EBT;UF;1100049;343.0000;71;4;10;42;14;1;
EBT;UF;1100106;4.0000;2;0;0;2;0;0;
EBT;UF;1100114;16.0000;8;0;0;8;0;0;
EBT;UF;1100122;823.6875;97;1;11;66;16;3;
EBT;UF;1100155;22.0000;7;0;0;6;1;0;
EBT;UF;1100189;130.1875;46;1;9;30;6;0;
EBT;UF;1100205;9034.2500;438;12;68;286;51;21;
EBT;UF;1100304;578.4375;95;1;14;67;11;2;
EBT;UF;1100924;2.0000;1;0;0;1;0;0;
EBT;UF;1200252;0.5625;4;1;3;0;0;0;
EBT;UF;1200401;3684.3125;225;11;27;148;31;8;
EBT;UF;1200450;4.0000;2;0;0;2;0;0;
EBT;UF;1301704;0.2500;1;0;1;0;0;0;
EBT;UF;1302603;6668.3125;564;7;69;394;78;16;
EBT;UF;1303403;2.2500;2;0;1;1;0;0;
EBT;UF;1400100;235.2500;55;0;3;34;18;0;
EBT;UF;1500800;7632.5000;97;0;5;63;23;6;
EBT;UF;1501303;22.0000;3;0;0;1;2;0;
EBT;UF;1501402;28289.1016;525;4;17;250;194;60;
EBT;UF;1501501;5.2500;6;0;4;2;0;0;
EBT;UF;1502202;118.0000;8;0;0;1;7;0;
EBT;UF;1502400;107.0000;25;0;3;17;5;0;
EBT;UF;1503606;6.0000;3;0;0;3;0;0;
EBT;UF;1504208;160.1250;55;0;19;29;7;0;
EBT;UF;1504422;111.6875;37;1;5;21;10;0;
EBT;UF;1505304;1.0000;1;0;0;1;0;0;
EBT;UF;1505502;88.0000;17;0;0;13;4;0;
EBT;UF;1506807;121.9375;22;1;8;9;2;2;
EBT;UF;1600303;130.0000;36;0;7;25;4;0;
EBT;UF;1700350;4.0000;3;0;0;3;0;0;
EBT;UF;1700707;21.2500;12;0;1;11;0;0;
EBT;UF;1702109;315.6250;63;4;9;31;19;0;
EBT;UF;1705508;208.0000;6;0;0;4;0;2;
EBT;UF;1709302;42.6875;8;1;3;2;2;0;
EBT;UF;1709500;170.3750;16;2;2;5;6;1;
EBT;UF;1713205;8.5625;8;1;2;5;0;0;
EBT;UF;1713304;3.0000;2;0;0;2;0;0;
EBT;UF;1714880;5.3125;5;1;1;3;0;0;
EBT;UF;1716109;11.0000;3;0;2;0;1;0;
EBT;UF;1718204;101.7500;16;0;4;6;6;0;
EBT;UF;1718402;4.0000;1;0;0;0;1;0;
EBT;UF;1721000;1175.3750;153;18;25;73;36;1;
EBT;UF;1722081;4.0000;1;0;0;0;1;0;
EBT;UF;2100055;0.2500;1;0;1;0;0;0;
EBT;UF;2100204;32.0000;1;0;0;0;1;0;
EBT;UF;2101202;90.0000;3;0;0;0;3;0;
EBT;UF;2101608;0.3750;2;0;2;0;0;0;
EBT;UF;2101707;2.0000;1;0;0;1;0;0;
EBT;UF;2103000;368.0000;10;0;0;5;3;2;
EBT;UF;2103307;155.0000;1;0;0;0;0;1;
EBT;UF;2103604;0.5000;1;0;1;0;0;0;
EBT;UF;2105302;227.2500;8;0;2;3;2;1;
EBT;UF;2105427;10.0000;2;0;0;1;1;0;
EBT;UF;2109106;0.5000;1;0;1;0;0;0;
EBT;UF;2109908;33.0000;3;0;2;0;1;0;
EBT;UF;2110302;2.0000;1;0;0;1;0;0;
EBT;UF;2111201;4.7500;3;0;2;0;1;0;
EBT;UF;2111300;1995.5000;109;0;15;28;62;4;
EBT;UF;2112209;32.0000;1;0;0;0;1;0;
EBT;UF;2112902;0.3750;2;0;2;0;0;0;
EBT;UF;2202703;32.0000;1;0;0;0;1;0;
EBT;UF;2207702;72.0000;4;0;0;0;4;0;
EBT;UF;2208403;16.0000;1;0;0;0;1;0;
EBT;UF;2211001;2571.0625;158;1;3;46;104;4;
EBT;UF;2300309;6.0000;1;0;0;0;1;0;
EBT;UF;2301000;15.0000;4;0;0;3;1;0;
EBT;UF;2301109;32.0000;3;0;0;0;3;0;
EBT;UF;2301901;28.6250;7;0;3;0;4;0;
EBT;UF;2302503;20.0000;2;0;0;0;2;0;
EBT;UF;2303709;7.0000;4;0;0;4;0;0;
EBT;UF;2303808;10.0000;1;0;0;0;1;0;
EBT;UF;2304103;0.2500;1;0;1;0;0;0;
EBT;UF;2304202;35.0000;2;0;0;1;1;0;
EBT;UF;2304285;159.5000;15;0;1;7;6;1;
EBT;UF;2304400;6881.3125;152;1;10;50;65;26;
EBT;UF;2305233;56.0625;6;1;0;2;3;0;
EBT;UF;2305506;32.0000;2;0;0;0;2;0;
EBT;UF;2306256;0.5000;1;0;1;0;0;0;
EBT;UF;2306405;54.0000;3;0;0;0;3;0;
EBT;UF;2307304;51.0000;5;0;0;2;3;0;
EBT;UF;2307601;70.0000;4;0;0;0;4;0;
EBT;UF;2307650;30.0000;11;0;0;9;2;0;
EBT;UF;2308104;8.0000;1;0;0;0;1;0;
EBT;UF;2308302;16.0000;1;0;0;0;1;0;
EBT;UF;2309607;90.0000;2;0;0;0;1;1;
EBT;UF;2310704;1.0000;1;0;0;1;0;0;
EBT;UF;2311306;48.0000;3;0;0;0;3;0;
EBT;UF;2311801;10.3750;9;0;4;5;0;0;
EBT;UF;2312403;1.0000;1;0;0;1;0;0;
EBT;UF;2312908;296.6250;16;2;1;1;10;2;
EBT;UF;2313302;0.6875;3;1;2;0;0;0;
EBT;UF;2313401;127.0000;5;0;0;1;3;1;
EBT;UF;2400109;54.0000;3;0;0;0;3;0;
EBT;UF;2400802;20.5000;3;0;1;0;2;0;
EBT;UF;2403251;272.2500;29;0;3;16;9;1;
EBT;UF;2407104;23.0000;8;0;0;7;1;0;
EBT;UF;2407401;26.0000;2;0;0;0;2;0;
EBT;UF;2408003;591.5625;31;1;4;15;8;3;
EBT;UF;2408102;3299.5000;89;4;9;19;46;11;
EBT;UF;2409332;4.0000;1;0;0;0;1;0;
EBT;UF;2412005;4.0000;2;0;0;2;0;0;
EBT;UF;2501807;24.0000;2;0;0;0;2;0;
EBT;UF;2503209;192.2500;17;0;1;8;7;1;
EBT;UF;2504009;783.0000;38;0;3;7;25;3;
EBT;UF;2506301;42.0000;2;0;0;0;2;0;
EBT;UF;2506905;48.0000;2;0;0;0;2;0;
EBT;UF;2507507;3688.5625;112;3;2;36;63;8;
EBT;UF;2510808;197.0000;3;0;0;0;2;1;
EBT;UF;2516201;2.0000;1;0;0;1;0;0;
EBT;UF;2600054;177.3750;16;0;5;9;1;1;
EBT;UF;2600104;22.0000;1;0;0;0;1;0;
EBT;UF;2601201;26.0000;2;0;0;0;2;0;
EBT;UF;2601706;120.0000;4;0;0;0;4;0;
EBT;UF;2601904;22.0000;1;0;0;0;1;0;
EBT;UF;2602902;394.2500;14;0;4;5;3;2;
EBT;UF;2603454;1.0000;1;0;0;1;0;0;
EBT;UF;2604007;1.0000;1;0;0;1;0;0;
EBT;UF;2604106;141.3750;21;2;1;10;8;0;
EBT;UF;2605103;22.0000;1;0;0;0;1;0;
EBT;UF;2606002;20.0000;2;0;0;0;2;0;
EBT;UF;2606408;127.8750;5;0;3;1;0;1;
EBT;UF;2606804;1.0000;1;0;0;1;0;0;
EBT;UF;2607208;17.2500;6;0;1;4;1;0;
EBT;UF;2607901;297.2500;27;0;5;12;9;1;
EBT;UF;2608909;0.2500;1;0;1;0;0;0;
EBT;UF;2609600;158.2500;23;0;4;12;7;0;
EBT;UF;2610707;257.3750;39;0;5;29;4;1;
EBT;UF;2610905;34.0000;1;0;0;0;1;0;
EBT;UF;2611606;11691.4375;272;5;12;107;107;41;
EBT;UF;2612208;10.0000;1;0;0;0;1;0;
EBT;UF;2613909;54.3750;20;0;15;2;3;0;
EBT;UF;2700300;223.0625;20;1;0;9;9;1;
EBT;UF;2704302;2266.1250;148;0;25;41;73;9;
EBT;UF;2704708;2.0000;1;0;0;1;0;0;
EBT;UF;2706307;2.0000;1;0;0;1;0;0;
EBT;UF;2707701;714.8633;8;0;1;4;0;3;
EBT;UF;2800308;2981.1875;191;11;20;80;68;12;
EBT;UF;2800670;0.5000;3;0;3;0;0;0;
EBT;UF;2802106;10.0000;1;0;0;0;1;0;
EBT;UF;2804805;412.6250;47;0;5;27;13;2;
EBT;UF;2805703;34.0000;1;0;0;0;1;0;
EBT;UF;2806701;72.5625;13;1;2;6;4;0;
EBT;UF;2900702;98.0000;11;0;0;4;7;0;
EBT;UF;2903201;6.0000;2;0;0;1;1;0;
EBT;UF;2904605;47.0000;4;0;0;2;1;1;
EBT;UF;2904704;2.0000;1;0;0;1;0;0;
EBT;UF;2905602;130.0000;5;0;0;2;2;1;
EBT;UF;2905701;310.8750;49;0;3;30;15;1;
EBT;UF;2906501;729.0000;14;0;0;4;6;4;
EBT;UF;2906709;2.0000;1;0;0;1;0;0;
EBT;UF;2909802;38.0000;3;0;0;0;3;0;
EBT;UF;2910727;332.8125;20;1;2;11;4;2;
EBT;UF;2910800;2491.1875;107;1;11;47;38;10;
EBT;UF;2912103;4.0000;1;0;0;0;1;0;
EBT;UF;2913606;466.0000;41;0;0;19;20;2;
EBT;UF;2914653;12.0000;2;0;0;1;1;0;
EBT;UF;2914802;1167.3750;47;0;7;23;14;3;
EBT;UF;2914901;106.0000;3;0;0;0;2;1;
EBT;UF;2915304;2.0000;1;0;0;1;0;0;
EBT;UF;2915601;4.0000;2;0;0;2;0;0;
EBT;UF;2915809;12.0000;2;0;0;1;1;0;
EBT;UF;2916302;2.0000;1;0;0;1;0;0;
EBT;UF;2916401;152.1250;6;0;1;1;3;1;
EBT;UF;2917102;2.0000;1;0;0;1;0;0;
EBT;UF;2917508;100.0000;1;0;0;0;0;1;
EBT;UF;2918001;51.7500;16;0;3;9;4;0;
EBT;UF;2918407;4.0000;2;0;0;2;0;0;
EBT;UF;2919207;648.0000;39;0;0;21;15;3;
EBT;UF;2920601;18.0000;2;0;0;0;2;0;
EBT;UF;2921005;20.2500;3;0;1;0;2;0;
EBT;UF;2921302;10.0000;2;0;0;0;2;0;
EBT;UF;2924009;47.1250;8;0;1;4;3;0;
EBT;UF;2925006;4.0000;2;0;0;2;0;0;
EBT;UF;2925105;10.0000;1;0;0;0;1;0;
EBT;UF;2925303;376.0000;17;0;0;8;7;2;
EBT;UF;2927408;28700.7500;642;6;90;242;253;51;
EBT;UF;2928703;166.0000;4;0;0;1;2;1;
EBT;UF;2929206;0.0625;1;1;0;0;0;0;
EBT;UF;2930105;14.5000;4;0;1;2;1;0;
EBT;UF;2930709;102.0000;27;0;2;16;9;0;
EBT;UF;2931350;1960.0625;23;1;3;10;4;5;
EBT;UF;2932507;32.0000;1;0;0;0;1;0;
EBT;UF;2932903;2.0000;6;0;6;0;0;0;
EBT;UF;2933307;737.3125;45;1;4;20;17;3;
EBT;UF;3100302;2.0000;1;0;0;1;0;0;
EBT;UF;3101508;256.0000;8;0;0;0;8;0;
EBT;UF;3101607;30.8125;26;1;9;15;1;0;
EBT;UF;3101904;2.0000;1;0;0;1;0;0;
EBT;UF;3103504;9.6250;7;0;2;5;0;0;
EBT;UF;3104007;24.0000;20;0;8;12;0;0;
EBT;UF;3104205;12.0000;6;0;0;6;0;0;
EBT;UF;3104908;4.0000;2;0;0;2;0;0;
EBT;UF;3105608;227.5000;15;0;1;5;9;0;
EBT;UF;3106200;59096.5000;1446;31;240;754;320;101;
EBT;UF;3106309;42.0625;4;1;0;1;2;0;
EBT;UF;3106705;1928.1250;178;4;44;91;35;4;
EBT;UF;3107109;2.0000;1;0;0;1;0;0;
EBT;UF;3108404;2.0000;1;0;0;1;0;0;
EBT;UF;3108909;2.2500;2;0;1;1;0;0;
EBT;UF;3109303;2.0000;1;0;0;1;0;0;
EBT;UF;3109501;2.0000;1;0;0;1;0;0;
EBT;UF;3109709;2.0000;1;0;0;1;0;0;
EBT;UF;3110004;2.0000;1;0;0;1;0;0;
EBT;UF;3110509;5.0000;3;0;0;3;0;0;
EBT;UF;3110608;3.0000;2;0;0;2;0;0;
EBT;UF;3110707;4.0000;2;0;0;2;0;0;
EBT;UF;3111606;2.0000;1;0;0;1;0;0;
EBT;UF;3113206;64.0000;2;0;0;0;2;0;
EBT;UF;3113404;22.0000;3;0;0;1;2;0;
EBT;UF;3114303;2.0000;1;0;0;1;0;0;
EBT;UF;3114501;2.0000;1;0;0;1;0;0;
EBT;UF;3115300;400.0000;7;0;0;0;5;2;
EBT;UF;3115508;8.1250;5;0;1;4;0;0;
EBT;UF;3117876;10.0000;1;0;0;0;1;0;
EBT;UF;3118007;8.8125;7;1;2;4;0;0;
EBT;UF;3118304;45.3750;13;2;3;7;1;0;
EBT;UF;3118601;2597.4375;278;7;42;149;72;8;
EBT;UF;3119401;33.5000;3;0;1;1;1;0;
EBT;UF;3120904;30.0000;15;0;0;15;0;0;
EBT;UF;3122306;896.0000;36;0;7;18;6;5;
EBT;UF;3123601;2.0000;1;0;0;1;0;0;
EBT;UF;3123908;2.0000;1;0;0;1;0;0;
EBT;UF;3125101;14.5000;8;0;1;7;0;0;
EBT;UF;3126109;4.0000;2;0;0;2;0;0;
EBT;UF;3127008;4.0000;2;0;0;2;0;0;
EBT;UF;3127701;1473.7500;47;2;2;26;12;5;
EBT;UF;3128709;8.0000;1;0;0;0;1;0;
EBT;UF;3129509;2.0000;1;0;0;1;0;0;
EBT;UF;3129806;44.5000;8;0;1;6;1;0;
EBT;UF;3130101;2.0000;1;0;0;1;0;0;
EBT;UF;3130309;2.0000;1;0;0;1;0;0;
EBT;UF;3131307;533.1250;55;0;13;25;16;1;
EBT;UF;3131703;384.5000;34;2;13;15;2;2;
EBT;UF;3132206;4.0000;2;0;0;2;0;0;
EBT;UF;3132404;399.3750;60;4;16;28;11;1;
EBT;UF;3133006;6.0000;3;0;0;3;0;0;
EBT;UF;3133808;95.8750;19;0;3;11;5;0;
EBT;UF;3134202;21.5000;12;0;1;11;0;0;
EBT;UF;3135209;2.0000;1;0;0;1;0;0;
EBT;UF;3135407;4.1250;3;0;1;2;0;0;
EBT;UF;3135506;2.0000;1;0;0;1;0;0;
EBT;UF;3136207;17.0000;16;2;5;9;0;0;
EBT;UF;3136306;8.0000;4;0;0;4;0;0;
EBT;UF;3136702;4546.8125;102;1;9;42;32;18;
EBT;UF;3137205;102.0000;9;0;0;4;5;0;
EBT;UF;3137601;54.2500;16;2;3;9;2;0;
EBT;UF;3138203;307.5000;45;2;13;22;6;2;
EBT;UF;3138401;189.0000;3;0;0;1;1;1;
EBT;UF;3138609;98.0000;4;0;0;1;3;0;
EBT;UF;3138807;2.0000;1;0;0;1;0;0;
EBT;UF;3139003;32.0000;1;0;0;0;1;0;
EBT;UF;3140001;64.0000;2;0;0;0;2;0;
EBT;UF;3140803;58.0000;7;0;0;4;3;0;
EBT;UF;3141405;38.0000;4;0;0;3;1;0;
EBT;UF;3143302;2210.4375;89;3;6;32;40;8;
EBT;UF;3143906;342.0000;4;0;0;0;2;2;
EBT;UF;3144805;728.5625;56;1;4;31;18;2;
EBT;UF;3145208;2.0000;1;0;0;1;0;0;
EBT;UF;3145604;6.2500;4;0;1;3;0;0;
EBT;UF;3145901;4.0000;2;0;0;2;0;0;
EBT;UF;3146107;6.5625;5;1;1;3;0;0;
EBT;UF;3146305;4.0000;2;0;0;2;0;0;
EBT;UF;3147006;29.2500;7;0;1;5;1;0;
EBT;UF;3147105;17.0625;9;1;0;7;1;0;
EBT;UF;3147402;134.0000;2;0;0;0;1;1;
EBT;UF;3147600;2.0000;1;0;0;1;0;0;
EBT;UF;3147907;156.7500;21;2;5;9;4;1;
EBT;UF;3148004;6.1250;5;2;0;3;0;0;
EBT;UF;3148103;2.0000;1;0;0;1;0;0;
EBT;UF;3149101;2.0000;1;0;0;1;0;0;
EBT;UF;3149309;66.6250;22;0;8;11;3;0;
EBT;UF;3149903;263.0000;5;0;0;2;1;2;
EBT;UF;3151404;4.0000;2;0;0;2;0;0;
EBT;UF;3151800;83.5625;48;3;9;33;3;0;
EBT;UF;3152105;20.0000;2;0;0;0;2;0;
EBT;UF;3152501;141.0625;47;3;15;20;9;0;
EBT;UF;3154101;32.0000;1;0;0;0;1;0;
EBT;UF;3154200;32.0000;1;0;0;0;1;0;
EBT;UF;3154606;107.6875;37;3;11;21;2;0;
EBT;UF;3155504;2.0000;1;0;0;1;0;0;
EBT;UF;3156700;11.7500;8;0;2;6;0;0;
EBT;UF;3157807;161.6250;41;2;13;20;6;0;
EBT;UF;3160405;2.0000;1;0;0;1;0;0;
EBT;UF;3160702;12.0000;2;0;0;1;1;0;
EBT;UF;3162104;16.0000;4;0;0;3;1;0;
EBT;UF;3162401;2.0000;1;0;0;1;0;0;
EBT;UF;3162500;365.4375;46;1;15;20;9;1;
EBT;UF;3162708;2.0000;1;0;0;1;0;0;
EBT;UF;3162955;0.2500;1;0;1;0;0;0;
EBT;UF;3163706;62.5000;14;0;4;8;2;0;
EBT;UF;3164704;44.1250;37;2;13;22;0;0;
EBT;UF;3166907;8.0000;1;0;0;0;1;0;
EBT;UF;3167202;175.9375;42;1;3;31;7;0;
EBT;UF;3168606;308.2500;19;0;3;6;10;0;
EBT;UF;3168705;394.0625;28;1;3;8;16;0;
EBT;UF;3169307;132.7500;39;2;18;15;4;0;
EBT;UF;3169356;2.0000;1;0;0;1;0;0;
EBT;UF;3169406;2.2500;2;0;1;1;0;0;
EBT;UF;3169901;142.0000;3;0;0;0;2;1;
EBT;UF;3170107;186.0625;64;1;17;39;7;0;
EBT;UF;3170206;3980.1875;223;9;62;95;37;20;
EBT;UF;3170404;55.5000;30;0;1;29;0;0;
EBT;UF;3170701;2307.6875;54;1;6;26;10;11;
EBT;UF;3170800;160.0000;5;0;0;0;5;0;
EBT;UF;3171204;66.2500;26;0;4;19;3;0;
EBT;UF;3171303;81.0000;7;0;0;4;3;0;
EBT;UF;3172004;160.0000;5;0;0;0;5;0;
EBT;UF;3200201;14.0000;2;0;0;1;1;0;
EBT;UF;3200409;34.0000;1;0;0;0;1;0;
EBT;UF;3200607;7.0000;4;0;0;4;0;0;
EBT;UF;3200805;82.0000;6;0;0;1;5;0;
EBT;UF;3200904;16.0000;3;0;0;1;2;0;
EBT;UF;3201209;253.5000;21;0;2;13;5;1;
EBT;UF;3201308;493.7500;53;4;1;32;13;3;
EBT;UF;3201506;519.4375;36;1;4;25;4;2;
EBT;UF;3201902;4.3125;6;1;3;2;0;0;
EBT;UF;3202108;2.0000;1;0;0;1;0;0;
EBT;UF;3202306;3.4375;7;1;5;1;0;0;
EBT;UF;3202405;295.0000;8;0;2;3;1;2;
EBT;UF;3202504;174.3750;9;2;1;3;2;1;
EBT;UF;3202801;101.0000;7;4;2;0;0;1;
EBT;UF;3202900;36.0000;2;0;0;1;1;0;
EBT;UF;3203205;310.8750;21;2;2;8;7;2;
EBT;UF;3203320;1.6250;4;2;1;1;0;0;
EBT;UF;3203346;20.0000;2;0;0;0;2;0;
EBT;UF;3203502;10.0000;1;0;0;0;1;0;
EBT;UF;3203700;8.0000;4;0;0;4;0;0;
EBT;UF;3203908;2.0000;1;0;0;1;0;0;
EBT;UF;3204054;2.0000;1;0;0;1;0;0;
EBT;UF;3204104;96.0000;3;0;0;1;1;1;
EBT;UF;3204203;128.1250;3;2;0;0;0;1;
EBT;UF;3204302;2.0000;1;0;0;1;0;0;
EBT;UF;3204351;4.0000;2;0;0;2;0;0;
EBT;UF;3204401;30.0000;2;0;0;0;2;0;
EBT;UF;3204559;2.0000;1;0;0;1;0;0;
EBT;UF;3204609;80.0000;5;0;0;2;3;0;
EBT;UF;3204708;4.0000;2;0;0;2;0;0;
EBT;UF;3204906;583.5000;16;0;2;4;7;3;
EBT;UF;3205002;1848.8125;129;3;15;52;51;8;
EBT;UF;3205069;9.1875;11;1;6;4;0;0;
EBT;UF;3205101;50.0625;14;1;0;9;4;0;
EBT;UF;3205200;2376.0000;69;0;9;25;27;8;
EBT;UF;3205309;49207.5625;161;3;17;21;70;50;
EBT;UF;3300100;114.7500;15;0;3;6;6;0;
EBT;UF;3300209;10.0000;3;0;0;1;2;0;
EBT;UF;3300258;2.0000;1;0;0;1;0;0;
EBT;UF;3300308;12.2500;3;0;1;1;1;0;
EBT;UF;3300407;34.2500;9;0;1;6;2;0;
EBT;UF;3300456;39.6250;20;0;4;15;1;0;
EBT;UF;3300704;18.0000;6;0;0;5;1;0;
EBT;UF;3300803;4.0000;2;0;0;2;0;0;
EBT;UF;3301009;174.1250;33;0;12;14;7;0;
EBT;UF;3301108;2.0000;1;0;0;1;0;0;
EBT;UF;3301306;2.5000;3;0;2;1;0;0;
EBT;UF;3301702;3245.8125;69;1;10;35;9;14;
EBT;UF;3301900;2580.5000;8;0;1;4;2;1;
EBT;UF;3302007;8.0000;6;0;2;4;0;0;
EBT;UF;3302205;16.5000;9;0;1;8;0;0;
EBT;UF;3302254;151.0000;13;0;0;7;5;1;
EBT;UF;3302403;2005.3750;179;2;7;73;91;6;
EBT;UF;3302502;4.0000;2;0;0;2;0;0;
EBT;UF;3302700;2.0000;1;0;0;1;0;0;
EBT;UF;3302858;47.6250;7;0;2;4;0;1;
EBT;UF;3303203;13.5000;11;0;4;7;0;0;
EBT;UF;3303302;3306.1250;175;0;7;137;23;8;
EBT;UF;3303401;10.0000;1;0;0;0;1;0;
EBT;UF;3303500;228.8281;37;1;5;26;4;1;
EBT;UF;3303609;1.0000;1;0;0;1;0;0;
EBT;UF;3303807;2.0000;1;0;0;1;0;0;
EBT;UF;3303906;720.4883;46;0;6;31;7;2;
EBT;UF;3304003;1.5000;2;0;1;1;0;0;
EBT;UF;3304110;1015.8750;31;0;6;10;7;8;
EBT;UF;3304144;6.0000;3;0;0;3;0;0;
EBT;UF;3304201;444.2500;29;0;1;16;10;2;
EBT;UF;3304300;1.5000;2;0;1;1;0;0;
EBT;UF;3304524;181.2500;35;0;5;18;12;0;
EBT;UF;3304557;286228.156;4601;10;232;2586;1304;469;
EBT;UF;3304706;1.0000;1;0;0;1;0;0;
EBT;UF;3304904;178.1250;72;0;13;50;9;0;
EBT;UF;3305000;34.2500;11;0;1;9;1;0;
EBT;UF;3305109;118.5625;38;1;3;27;7;0;
EBT;UF;3305208;5.5000;5;0;3;2;0;0;
EBT;UF;3305554;499.0000;4;0;0;0;1;3;
EBT;UF;3305802;47.3750;10;0;2;7;1;0;
EBT;UF;3306008;130.0000;17;0;0;8;9;0;
EBT;UF;3306305;639.0000;31;0;2;14;12;3;
EBT;UF;3501004;0.2500;1;0;1;0;0;0;
EBT;UF;3501152;2.0000;1;0;0;1;0;0;
EBT;UF;3501608;3033.2500;108;0;22;61;7;18;
EBT;UF;3501707;310.0000;2;0;0;0;0;2;
EBT;UF;3502101;624.0000;2;0;0;1;0;1;
EBT;UF;3502804;169.5000;5;0;1;2;1;1;
EBT;UF;3503000;2.5000;2;0;1;1;0;0;
EBT;UF;3503208;3664.0000;74;2;8;29;13;22;
EBT;UF;3503307;11.0000;9;0;3;6;0;0;
EBT;UF;3504008;322.3750;7;0;2;2;1;2;
EBT;UF;3504107;20.5000;13;0;3;10;0;0;
EBT;UF;3505302;4.0000;2;0;0;2;0;0;
EBT;UF;3505500;320.0000;3;0;0;0;1;2;
EBT;UF;3505708;32769.2188;341;5;26;132;77;101;
EBT;UF;3505906;1.7598;5;1;3;1;0;0;
EBT;UF;3506003;12808.5000;157;0;7;49;29;72;
EBT;UF;3506102;1462.6250;33;4;5;11;4;9;
EBT;UF;3506359;3.2500;5;0;4;1;0;0;
EBT;UF;3507506;1295.0000;20;0;0;10;2;8;
EBT;UF;3507605;1349.0625;25;1;8;2;6;8;
EBT;UF;3507803;2.2500;2;0;1;1;0;0;
EBT;UF;3508207;2.5000;2;0;1;1;0;0;
EBT;UF;3508405;4.5000;4;0;1;3;0;0;
EBT;UF;3508504;128.2500;3;0;1;1;0;1;
EBT;UF;3508603;1342.0000;4;0;0;0;1;3;
EBT;UF;3509205;503.7500;27;0;7;16;1;3;
EBT;UF;3509254;155.2500;2;0;1;0;0;1;
EBT;UF;3509403;1.5000;3;0;2;1;0;0;
EBT;UF;3509502;33962.3242;333;1;39;134;45;114;
EBT;UF;3509700;0.6250;2;0;2;0;0;0;
EBT;UF;3510005;0.7500;2;0;2;0;0;0;
EBT;UF;3510500;342.0000;3;0;0;0;1;2;
EBT;UF;3511102;339.0000;7;0;0;3;2;2;
EBT;UF;3512803;2.0625;2;1;0;1;0;0;
EBT;UF;3513009;296.6250;36;2;6;21;5;2;
EBT;UF;3513405;0.5000;1;0;1;0;0;0;
EBT;UF;3513504;902.1250;23;0;3;9;6;5;
EBT;UF;3513702;1.5625;6;1;5;0;0;0;
EBT;UF;3513801;2702.8438;195;0;27;139;14;15;
EBT;UF;3515186;2.2500;2;0;1;1;0;0;
EBT;UF;3516200;2268.0098;41;7;8;9;3;14;
EBT;UF;3516705;7.2500;5;0;1;4;0;0;
EBT;UF;3517406;1.2646;4;2;1;1;0;0;
EBT;UF;3517703;3.7686;5;1;2;2;0;0;
EBT;UF;3518305;155.0000;1;0;0;0;0;1;
EBT;UF;3518701;436.0000;47;2;12;26;5;2;
EBT;UF;3518800;1067.1250;250;4;51;174;16;5;
EBT;UF;3519071;4903.6250;44;0;4;11;8;21;
EBT;UF;3520103;0.5000;1;0;1;0;0;0;
EBT;UF;3520509;2263.5625;41;1;5;15;6;14;
EBT;UF;3521002;4.0000;2;0;0;2;0;0;
EBT;UF;3521309;1.2686;3;1;1;1;0;0;
EBT;UF;3522109;0.2500;1;0;1;0;0;0;
EBT;UF;3522307;754.5000;7;0;1;0;1;5;
EBT;UF;3522505;8.0000;1;0;0;0;1;0;
EBT;UF;3522604;2.5625;4;1;2;1;0;0;
EBT;UF;3523107;164.5000;12;2;5;4;0;1;
EBT;UF;3523909;2170.5000;46;0;6;18;8;14;
EBT;UF;3524006;0.1250;1;0;1;0;0;0;
EBT;UF;3524105;5.7500;9;0;6;3;0;0;
EBT;UF;3524402;174.5625;38;1;8;25;3;1;
EBT;UF;3524709;469.2500;9;0;4;2;0;3;
EBT;UF;3525003;157.0000;2;0;0;1;0;1;
EBT;UF;3525102;5.2500;7;0;3;4;0;0;
EBT;UF;3525300;2461.2500;47;0;1;25;6;15;
EBT;UF;3525904;6517.7500;124;0;19;61;13;31;
EBT;UF;3526803;1292.0000;12;0;0;2;2;8;
EBT;UF;3526902;2266.5625;43;0;6;18;5;14;
EBT;UF;3527108;2390.5000;33;4;5;4;5;15;
EBT;UF;3527306;344.0000;3;0;0;0;1;2;
EBT;UF;3527405;155.0000;1;0;0;0;0;1;
EBT;UF;3528403;2.7500;3;0;2;1;0;0;
EBT;UF;3528502;3.2500;4;0;3;1;0;0;
EBT;UF;3529005;3086.6250;80;4;8;35;14;19;
EBT;UF;3529302;163.0000;2;0;0;0;1;1;
EBT;UF;3529401;1634.2500;121;4;23;74;10;10;
EBT;UF;3529708;3.7500;4;0;2;2;0;0;
EBT;UF;3530300;465.0000;3;0;0;0;0;3;
EBT;UF;3530508;3.0000;4;0;3;1;0;0;
EBT;UF;3530607;2869.1250;164;6;38;104;10;6;
EBT;UF;3530706;42.5000;28;0;6;22;0;0;
EBT;UF;3530805;170.2500;10;0;1;8;0;1;
EBT;UF;3531100;4.3750;4;0;2;2;0;0;
EBT;UF;3531902;3.5000;6;0;4;2;0;0;
EBT;UF;3533403;5.5000;4;0;1;3;0;0;
EBT;UF;3534401;4441.0098;54;1;3;20;13;17;
EBT;UF;3534708;1340.5000;23;0;1;7;6;9;
EBT;UF;3536703;1.0000;1;0;0;1;0;0;
EBT;UF;3537404;3.0625;5;1;3;1;0;0;
EBT;UF;3538006;132.2500;11;0;3;4;3;1;
EBT;UF;3538709;2112.8594;58;2;13;26;4;13;
EBT;UF;3539301;8.8125;7;1;2;4;0;0;
EBT;UF;3539806;1046.2500;39;0;1;0;33;5;
EBT;UF;3541000;13.7500;15;0;7;8;0;0;
EBT;UF;3541406;2460.5625;62;1;7;29;10;15;
EBT;UF;3541505;16.0000;1;0;0;0;1;0;
EBT;UF;3543303;14.7500;10;0;2;8;0;0;
EBT;UF;3543402;12385.0703;240;0;9;104;55;72;
EBT;UF;3543907;1314.8496;54;3;9;33;1;8;
EBT;UF;3544004;2.2500;4;0;3;1;0;0;
EBT;UF;3544103;5.0000;3;0;0;3;0;0;
EBT;UF;3544202;2.0000;1;0;0;1;0;0;
EBT;UF;3545209;322.0000;6;0;0;3;1;2;
EBT;UF;3545803;37.2500;17;0;1;15;1;0;
EBT;UF;3546405;11.0000;3;0;2;0;1;0;
EBT;UF;3547304;7927.1250;32;0;1;9;9;13;
EBT;UF;3547809;14680.0625;278;3;66;138;21;50;
EBT;UF;3548203;0.0625;1;1;0;0;0;0;
EBT;UF;3548500;8873.0000;206;0;21;101;45;39;
EBT;UF;3548708;12269.5000;425;6;87;221;53;58;
EBT;UF;3548807;6776.0625;91;1;13;54;10;13;
EBT;UF;3548906;3008.6250;33;0;3;9;11;10;
EBT;UF;3549409;1.9375;6;1;4;1;0;0;
EBT;UF;3549805;3453.0000;50;0;0;10;18;22;
EBT;UF;3549904;7437.9219;212;2;43;111;34;22;
EBT;UF;3550100;2.2500;4;2;1;1;0;0;
EBT;UF;3550308;343148.791;6501;137;656;3495;968;1245;
EBT;UF;3551009;1903.3125;80;1;22;42;9;6;
EBT;UF;3551702;577.0000;6;0;0;1;1;4;
EBT;UF;3552205;10735.0000;160;0;8;63;30;59;
EBT;UF;3552403;18.0000;12;0;3;9;0;0;
EBT;UF;3552502;27.7500;22;0;9;13;0;0;
EBT;UF;3552809;5969.5000;27;0;1;13;6;7;
EBT;UF;3554102;1656.5000;74;2;15;37;8;12;
EBT;UF;3554508;9.0000;4;0;0;3;1;0;
EBT;UF;3555000;2.0000;1;0;0;1;0;0;
EBT;UF;3555406;0.5000;1;0;1;0;0;0;
EBT;UF;3556206;344.0000;20;0;5;12;1;2;
EBT;UF;3556701;497.0000;4;0;0;0;1;3;
EBT;UF;3557006;472.0000;7;0;0;4;0;3;
EBT;UF;3557303;0.2500;1;0;1;0;0;0;
EBT;UF;4100400;12.7500;9;0;3;5;1;0;
EBT;UF;4100509;1.0000;1;0;0;1;0;0;
EBT;UF;4100608;1.0000;1;0;0;1;0;0;
EBT;UF;4100707;1.0000;1;0;0;1;0;0;
EBT;UF;4100806;1.0000;1;0;0;1;0;0;
EBT;UF;4100905;0.2500;1;0;1;0;0;0;
EBT;UF;4101101;9.7500;8;0;2;6;0;0;
EBT;UF;4101408;103.3125;23;3;1;14;5;0;
EBT;UF;4101507;52.5000;9;0;2;2;5;0;
EBT;UF;4101606;1.0000;1;0;0;1;0;0;
EBT;UF;4101705;1.0000;1;0;0;1;0;0;
EBT;UF;4101804;231.3125;100;5;29;56;10;0;
EBT;UF;4101903;1.0000;1;0;0;1;0;0;
EBT;UF;4102000;1.0000;1;0;0;1;0;0;
EBT;UF;4102109;1.0000;1;0;0;1;0;0;
EBT;UF;4102307;7.5000;5;0;1;4;0;0;
EBT;UF;4102406;1.1875;5;1;4;0;0;0;
EBT;UF;4102505;1.0000;1;0;0;1;0;0;
EBT;UF;4102802;1.2500;2;0;1;1;0;0;
EBT;UF;4102901;1.0000;1;0;0;1;0;0;
EBT;UF;4103206;0.2500;1;0;1;0;0;0;
EBT;UF;4103354;0.2500;1;0;1;0;0;0;
EBT;UF;4103602;2.0000;1;0;0;1;0;0;
EBT;UF;4103701;43.0000;39;4;14;20;1;0;
EBT;UF;4103800;0.2500;1;0;1;0;0;0;
EBT;UF;4104006;2.2500;3;0;1;2;0;0;
EBT;UF;4104204;67.2500;19;0;1;13;5;0;
EBT;UF;4104253;4.2500;4;0;1;3;0;0;
EBT;UF;4104428;10.2500;4;0;1;2;1;0;
EBT;UF;4104501;1.2500;2;0;1;1;0;0;
EBT;UF;4104600;1.0000;1;0;0;1;0;0;
EBT;UF;4104709;2.0000;1;0;0;1;0;0;
EBT;UF;4104808;257.2500;108;8;29;60;11;0;
EBT;UF;4104907;8.7500;23;10;10;3;0;0;
EBT;UF;4105102;1.0000;1;0;0;1;0;0;
EBT;UF;4105409;3.1250;3;0;1;2;0;0;
EBT;UF;4105508;81.0000;29;2;8;14;5;0;
EBT;UF;4105706;1.0000;1;0;0;1;0;0;
EBT;UF;4105805;199.8750;36;4;14;15;2;1;
EBT;UF;4105904;1.0000;1;0;0;1;0;0;
EBT;UF;4106001;0.2500;1;0;1;0;0;0;
EBT;UF;4106209;1.0000;1;0;0;1;0;0;
EBT;UF;4106308;1.0000;1;0;0;1;0;0;
EBT;UF;4106407;14.7500;7;2;3;0;2;0;
EBT;UF;4106506;1.0625;2;1;0;1;0;0;
EBT;UF;4106605;1.0000;1;0;0;1;0;0;
EBT;UF;4106902;22641.5000;1268;24;218;632;349;45;
EBT;UF;4107009;1.0000;1;0;0;1;0;0;
EBT;UF;4107108;0.2500;1;0;1;0;0;0;
EBT;UF;4107207;14.2500;6;0;2;3;1;0;
EBT;UF;4107256;12.0000;1;0;0;0;1;0;
EBT;UF;4107306;0.2500;1;0;1;0;0;0;
EBT;UF;4107538;1.0000;1;0;0;1;0;0;
EBT;UF;4107603;2.0000;2;0;0;2;0;0;
EBT;UF;4107652;314.4375;7;1;2;2;0;2;
EBT;UF;4107736;2.0000;1;0;0;1;0;0;
EBT;UF;4107801;0.2500;1;0;1;0;0;0;
EBT;UF;4108007;1.2500;2;0;1;1;0;0;
EBT;UF;4108205;1.0000;1;0;0;1;0;0;
EBT;UF;4108304;319.3125;107;11;39;51;5;1;
EBT;UF;4108320;0.2500;1;0;1;0;0;0;
EBT;UF;4108403;23.5625;15;1;6;7;1;0;
EBT;UF;4108601;3.3125;6;1;3;2;0;0;
EBT;UF;4108700;1.0000;1;0;0;1;0;0;
EBT;UF;4108809;6.0000;6;0;2;4;0;0;
EBT;UF;4109302;1.0000;1;0;0;1;0;0;
EBT;UF;4109401;13.8750;11;0;6;4;1;0;
EBT;UF;4109500;2.0000;1;0;0;1;0;0;
EBT;UF;4109609;11.0000;6;0;0;6;0;0;
EBT;UF;4109708;1.0000;1;0;0;1;0;0;
EBT;UF;4109807;7.3750;17;4;8;5;0;0;
EBT;UF;4110607;1.0000;1;0;0;1;0;0;
EBT;UF;4110706;10.7500;24;6;14;4;0;0;
EBT;UF;4110953;1.0000;1;0;0;1;0;0;
EBT;UF;4111506;1.2500;2;0;1;1;0;0;
EBT;UF;4111803;0.5000;1;0;1;0;0;0;
EBT;UF;4112009;1.0000;1;0;0;1;0;0;
EBT;UF;4112108;0.3750;3;2;1;0;0;0;
EBT;UF;4112504;1.0000;1;0;0;1;0;0;
EBT;UF;4112702;1.2500;2;0;1;1;0;0;
EBT;UF;4112751;1.0000;1;0;0;1;0;0;
EBT;UF;4112801;1.0000;1;0;0;1;0;0;
EBT;UF;4113205;1.0625;2;1;0;1;0;0;
EBT;UF;4113304;1.7500;3;0;2;1;0;0;
EBT;UF;4113502;1.0000;1;0;0;1;0;0;
EBT;UF;4113601;14.0000;4;0;0;3;1;0;
EBT;UF;4113700;2232.9375;181;15;52;70;38;6;
EBT;UF;4114005;1.0000;1;0;0;1;0;0;
EBT;UF;4114104;1.5000;2;0;1;1;0;0;
EBT;UF;4114203;17.5000;7;0;4;2;1;0;
EBT;UF;4114302;0.2500;1;0;1;0;0;0;
EBT;UF;4114351;0.2500;1;0;1;0;0;0;
EBT;UF;4114401;1.0000;1;0;0;1;0;0;
EBT;UF;4114500;1.0000;1;0;0;1;0;0;
EBT;UF;4114609;0.5000;1;0;1;0;0;0;
EBT;UF;4114807;2.8750;3;0;2;1;0;0;
EBT;UF;4114906;1.0000;1;0;0;1;0;0;
EBT;UF;4115200;1917.7500;197;10;55;92;37;3;
EBT;UF;4115309;0.2500;1;0;1;0;0;0;
EBT;UF;4115358;1.0000;1;0;0;1;0;0;
EBT;UF;4115408;1.0000;1;0;0;1;0;0;
EBT;UF;4115606;3.2500;3;0;1;2;0;0;
EBT;UF;4115705;5.0000;3;0;0;3;0;0;
EBT;UF;4115804;0.5000;1;0;1;0;0;0;
EBT;UF;4116208;1.0000;1;0;0;1;0;0;
EBT;UF;4116703;1.0000;1;0;0;1;0;0;
EBT;UF;4116901;1.8750;4;0;3;1;0;0;
EBT;UF;4117107;2.0000;2;0;0;2;0;0;
EBT;UF;4117271;0.2500;1;0;1;0;0;0;
EBT;UF;4117305;1.0000;1;0;0;1;0;0;
EBT;UF;4117503;3.3750;4;0;2;2;0;0;
EBT;UF;4117602;3.5000;3;0;1;2;0;0;
EBT;UF;4117701;1.0000;1;0;0;1;0;0;
EBT;UF;4117909;5.5000;5;0;2;3;0;0;
EBT;UF;4118105;1.0000;1;0;0;1;0;0;
EBT;UF;4118204;268.0625;66;5;16;40;4;1;
EBT;UF;4118402;23.7500;29;6;12;11;0;0;
EBT;UF;4118451;0.2500;1;0;1;0;0;0;
EBT;UF;4118501;29.1250;15;2;3;9;1;0;
EBT;UF;4118907;1.0000;1;0;0;1;0;0;
EBT;UF;4119152;129.2500;30;0;3;19;8;0;
EBT;UF;4119301;1.5625;4;1;2;1;0;0;
EBT;UF;4119400;2.0000;1;0;0;1;0;0;
EBT;UF;4119509;8.8125;7;1;1;5;0;0;
EBT;UF;4119608;1.0000;1;0;0;1;0;0;
EBT;UF;4119806;1.0000;1;0;0;1;0;0;
EBT;UF;4119905;388.9375;101;13;28;42;17;1;
EBT;UF;4119954;41.0000;7;0;0;5;2;0;
EBT;UF;4120002;1.0000;1;0;0;1;0;0;
EBT;UF;4120101;0.2500;1;0;1;0;0;0;
EBT;UF;4120606;3.2500;3;0;1;2;0;0;
EBT;UF;4120705;0.2500;1;0;1;0;0;0;
EBT;UF;4120804;374.7500;18;0;5;7;4;2;
EBT;UF;4120853;1.0000;1;0;0;1;0;0;
EBT;UF;4120903;1.0000;1;0;0;1;0;0;
EBT;UF;4121406;1.0000;1;0;0;1;0;0;
EBT;UF;4121505;1.0000;1;0;0;1;0;0;
EBT;UF;4121604;0.2500;1;0;1;0;0;0;
EBT;UF;4121703;1.0000;1;0;0;1;0;0;
EBT;UF;4121901;1.0000;1;0;0;1;0;0;
EBT;UF;4122008;0.5000;1;0;1;0;0;0;
EBT;UF;4122206;1.7500;3;0;2;1;0;0;
EBT;UF;4122305;8.6250;16;2;10;4;0;0;
EBT;UF;4122404;69.5000;25;0;2;20;3;0;
EBT;UF;4122800;0.2500;1;0;1;0;0;0;
EBT;UF;4123204;1.0000;1;0;0;1;0;0;
EBT;UF;4123501;1.0000;1;0;0;1;0;0;
EBT;UF;4123709;1.0000;1;0;0;1;0;0;
EBT;UF;4123808;1.0000;1;0;0;1;0;0;
EBT;UF;4123907;1.2500;2;0;1;1;0;0;
EBT;UF;4124053;1.0625;2;1;0;1;0;0;
EBT;UF;4124103;3.0625;3;1;0;2;0;0;
EBT;UF;4124400;1.0000;1;0;0;1;0;0;
EBT;UF;4124509;1.5000;2;0;1;1;0;0;
EBT;UF;4124707;1.0000;1;0;0;1;0;0;
EBT;UF;4125001;2.0000;2;0;0;2;0;0;
EBT;UF;4125456;0.2500;1;0;1;0;0;0;
EBT;UF;4125506;22703.8750;222;6;48;124;34;10;
EBT;UF;4125605;1.0000;1;0;0;1;0;0;
EBT;UF;4125704;2.0000;1;0;0;1;0;0;
EBT;UF;4126009;0.2500;1;0;1;0;0;0;
EBT;UF;4126256;13.5000;15;0;8;7;0;0;
EBT;UF;4126306;1.0000;1;0;0;1;0;0;
EBT;UF;4126504;1.0000;1;0;0;1;0;0;
EBT;UF;4126603;1.0000;1;0;0;1;0;0;
EBT;UF;4126678;0.2500;1;0;1;0;0;0;
EBT;UF;4126801;1.0000;1;0;0;1;0;0;
EBT;UF;4127106;10.0000;5;0;0;5;0;0;
EBT;UF;4127403;1.0000;1;0;0;1;0;0;
EBT;UF;4127502;1.0000;1;0;0;1;0;0;
EBT;UF;4127700;43.9375;23;5;6;8;4;0;
EBT;UF;4127809;1.0000;1;0;0;1;0;0;
EBT;UF;4128005;1.0000;1;0;0;1;0;0;
EBT;UF;4128104;92.1250;18;0;3;9;6;0;
EBT;UF;4128203;16.2500;9;0;1;8;0;0;
EBT;UF;4128401;1.0000;1;0;0;1;0;0;
EBT;UF;4128500;1.5000;2;0;1;1;0;0;
EBT;UF;4128708;2.5000;3;0;2;1;0;0;
EBT;UF;4128807;0.2500;1;0;1;0;0;0;
EBT;UF;4200101;1.3750;3;0;2;1;0;0;
EBT;UF;4201307;69.3125;18;1;1;9;7;0;
EBT;UF;4201703;0.2500;1;0;1;0;0;0;
EBT;UF;4202008;129.2500;24;0;1;11;12;0;
EBT;UF;4202305;93.4375;36;3;18;9;6;0;
EBT;UF;4202404;1349.9375;153;5;35;66;43;4;
EBT;UF;4202602;5.3750;4;0;2;1;1;0;
EBT;UF;4202909;491.0625;46;1;6;17;19;3;
EBT;UF;4203006;133.1250;12;2;4;2;3;1;
EBT;UF;4203204;21.6250;16;0;7;8;1;0;
EBT;UF;4203956;16.7500;6;0;2;3;1;0;
EBT;UF;4204202;526.3125;53;7;13;17;13;3;
EBT;UF;4204251;32.2500;2;0;1;0;1;0;
EBT;UF;4204301;445.0000;12;0;0;1;8;3;
EBT;UF;4204350;0.6875;4;1;3;0;0;0;
EBT;UF;4204509;3.6250;5;0;3;2;0;0;
EBT;UF;4204558;4.0000;1;0;0;0;1;0;
EBT;UF;4204608;345.6875;50;9;7;11;22;1;
EBT;UF;4204806;0.5000;1;0;1;0;0;0;
EBT;UF;4205191;10.0000;1;0;0;0;1;0;
EBT;UF;4205407;6296.1016;232;9;32;80;100;11;
EBT;UF;4205506;2.9375;9;3;5;1;0;0;
EBT;UF;4205704;17.1250;11;2;3;5;1;0;
EBT;UF;4205803;4.0000;1;0;0;0;1;0;
EBT;UF;4205902;81.3750;22;2;9;4;7;0;
EBT;UF;4206504;64.1875;18;1;4;9;4;0;
EBT;UF;4206702;2.6250;3;0;2;1;0;0;
EBT;UF;4207007;37.3125;10;1;3;3;3;0;
EBT;UF;4207502;213.5625;31;1;1;18;10;1;
EBT;UF;4208203;933.1250;168;2;15;98;50;3;
EBT;UF;4208807;1.2500;2;0;1;1;0;0;
EBT;UF;4208906;324.5625;38;1;6;20;10;1;
EBT;UF;4209003;222.5000;19;0;1;8;9;1;
EBT;UF;4209102;1338.5508;236;17;48;105;63;3;
EBT;UF;4209300;179.7500;42;2;9;14;17;0;
EBT;UF;4209706;1.2500;2;0;1;1;0;0;
EBT;UF;4210035;4.2500;4;0;1;3;0;0;
EBT;UF;4210100;12.9375;20;3;12;5;0;0;
EBT;UF;4210209;3.2500;3;0;1;2;0;0;
EBT;UF;4210605;3.5625;5;1;2;2;0;0;
EBT;UF;4211306;97.8125;34;1;5;17;11;0;
EBT;UF;4211603;2.2500;3;0;1;2;0;0;
EBT;UF;4211702;2.2500;4;0;3;1;0;0;
EBT;UF;4211900;166.5625;47;1;15;19;12;0;
EBT;UF;4213005;0.3125;3;1;2;0;0;0;
EBT;UF;4213203;21.5000;4;0;2;1;1;0;
EBT;UF;4214706;2.2500;2;0;1;1;0;0;
EBT;UF;4214805;297.2500;57;0;13;21;23;0;
EBT;UF;4215000;24.0000;2;0;0;1;1;0;
EBT;UF;4215109;102.7500;4;0;2;1;0;1;
EBT;UF;4215802;174.5625;78;15;16;38;9;0;
EBT;UF;4216107;1.0000;1;0;0;1;0;0;
EBT;UF;4216206;131.4375;20;3;4;4;9;0;
EBT;UF;4216602;316.2500;58;2;6;27;23;0;
EBT;UF;4216909;37.7500;6;0;3;2;1;0;
EBT;UF;4217006;2.0000;1;0;0;1;0;0;
EBT;UF;4217402;3.5000;4;0;2;2;0;0;
EBT;UF;4217709;166.0000;3;0;0;0;1;2;
EBT;UF;4218202;124.5000;11;0;1;7;2;1;
EBT;UF;4218707;40.0625;9;1;0;5;3;0;
EBT;UF;4218806;2.0000;1;0;0;1;0;0;
EBT;UF;4219309;44.7500;17;0;11;2;4;0;
EBT;UF;4219507;8.2500;13;0;8;5;0;0;
EBT;UF;4219705;10.6250;7;2;2;2;1;0;
EBT;UF;4300406;202.2500;28;12;7;0;8;1;
EBT;UF;4300604;137.7500;21;0;6;5;10;0;
EBT;UF;4301602;404.6250;29;0;6;6;16;1;
EBT;UF;4302105;729.0000;93;4;4;31;54;0;
EBT;UF;4302352;1.0000;1;0;0;1;0;0;
EBT;UF;4302907;0.1250;1;0;1;0;0;0;
EBT;UF;4303004;15.9375;18;5;8;4;1;0;
EBT;UF;4303103;362.0000;39;0;5;8;26;0;
EBT;UF;4303509;241.0000;19;0;2;5;11;1;
EBT;UF;4303905;828.1875;50;3;10;15;18;4;
EBT;UF;4304408;9.1875;11;1;7;2;1;0;
EBT;UF;4304606;946.6250;116;12;22;28;52;2;
EBT;UF;4304630;68.5625;7;1;1;0;5;0;
EBT;UF;4304705;131.2500;20;4;7;5;3;1;
EBT;UF;4304804;20.6875;8;1;3;3;1;0;
EBT;UF;4305108;1546.2500;278;18;39;109;111;1;
EBT;UF;4305975;2.0000;1;0;0;1;0;0;
EBT;UF;4306106;179.9375;35;7;12;11;4;1;
EBT;UF;4306205;0.0625;1;1;0;0;0;0;
EBT;UF;4306601;6.0000;1;0;0;0;1;0;
EBT;UF;4306767;328.0000;22;0;0;9;11;2;
EBT;UF;4307005;370.0625;34;1;0;15;18;0;
EBT;UF;4307559;173.0625;4;1;0;1;1;1;
EBT;UF;4307609;40.0000;13;0;5;4;4;0;
EBT;UF;4307708;46.8750;26;6;10;5;5;0;
EBT;UF;4307807;11.2500;7;2;3;1;1;0;
EBT;UF;4307906;350.7500;40;0;2;10;28;0;
EBT;UF;4308102;1.0000;1;0;0;1;0;0;
EBT;UF;4308607;200.6875;41;1;7;18;15;0;
EBT;UF;4308904;10.5000;6;0;4;1;1;0;
EBT;UF;4309050;0.6250;2;0;2;0;0;0;
EBT;UF;4309100;50.6250;14;0;9;3;2;0;
EBT;UF;4309209;304.8750;82;8;25;15;34;0;
EBT;UF;4309308;73.1875;19;3;8;3;5;0;
EBT;UF;4310108;12.7500;11;6;2;0;3;0;
EBT;UF;4310207;127.1250;12;2;2;1;7;0;
EBT;UF;4310330;0.1250;2;2;0;0;0;0;
EBT;UF;4310801;1.1250;5;0;5;0;0;0;
EBT;UF;4311403;197.3750;19;4;4;5;5;1;
EBT;UF;4311809;3.0625;8;1;6;1;0;0;
EBT;UF;4312401;22.1250;20;6;8;3;3;0;
EBT;UF;4312906;5.2500;3;0;1;1;1;0;
EBT;UF;4313201;8.6875;7;3;3;0;1;0;
EBT;UF;4313409;680.9375;97;7;10;24;56;0;
EBT;UF;4313508;38.8750;23;10;7;2;4;0;
EBT;UF;4313904;6.2500;19;4;13;2;0;0;
EBT;UF;4314050;10.4375;15;3;8;4;0;0;
EBT;UF;4314100;851.6250;61;2;11;24;22;2;
EBT;UF;4314308;0.2500;1;0;1;0;0;0;
EBT;UF;4314407;1110.5000;53;4;13;13;20;3;
EBT;UF;4314506;4.0000;1;0;0;0;1;0;
EBT;UF;4314803;9.7500;5;0;3;1;1;0;
EBT;UF;4314902;35207.1250;646;14;60;140;378;54;
EBT;UF;4315602;352.2500;60;10;18;11;19;2;
EBT;UF;4316402;10.8750;9;2;4;2;1;0;
EBT;UF;4316501;0.3125;2;1;1;0;0;0;
EBT;UF;4316808;534.5625;27;3;8;1;13;2;
EBT;UF;4316907;697.7500;98;30;22;21;22;3;
EBT;UF;4317103;60.2500;10;0;1;6;3;0;
EBT;UF;4317400;8.5000;2;0;1;0;1;0;
EBT;UF;4317509;8.7500;3;0;2;0;1;0;
EBT;UF;4317608;2.0000;5;0;4;1;0;0;
EBT;UF;4318705;290.6875;61;5;15;22;19;0;
EBT;UF;4319505;2.1875;6;1;4;1;0;0;
EBT;UF;4319901;71.5000;10;0;1;4;5;0;
EBT;UF;4320008;110.1875;26;5;6;5;10;0;
EBT;UF;4321204;5.2500;8;0;5;3;0;0;
EBT;UF;4321451;499.6875;16;5;6;1;1;3;
EBT;UF;4321501;17.0625;19;5;10;2;2;0;
EBT;UF;4321600;19.4375;16;3;8;3;2;0;
EBT;UF;4322004;32.0000;1;0;0;0;1;0;
EBT;UF;4322400;311.6250;23;0;7;6;9;1;
EBT;UF;4322509;245.3750;20;0;2;5;12;1;
EBT;UF;4322608;10.0000;2;0;0;1;1;0;
EBT;UF;4323002;49.1250;15;0;8;4;3;0;
EBT;UF;4323408;1.2500;2;0;1;1;0;0;
EBT;UF;4323804;0.6250;6;4;2;0;0;0;
EBT;UF;5000203;34.0000;4;0;0;0;4;0;
EBT;UF;5002704;4165.3125;290;25;54;91;109;11;
EBT;UF;5003702;904.1250;31;0;3;9;17;2;
EBT;UF;5004502;1.2500;3;0;3;0;0;0;
EBT;UF;5005400;40.0000;4;0;0;0;4;0;
EBT;UF;5006309;4.0000;2;0;0;2;0;0;
EBT;UF;5006606;2.0000;1;0;0;1;0;0;
EBT;UF;5007109;38.0000;6;0;0;1;5;0;
EBT;UF;5007554;1.0000;1;0;0;1;0;0;
EBT;UF;5007901;34.0000;1;0;0;0;1;0;
EBT;UF;5008305;211.0000;27;0;0;10;17;0;
EBT;UF;5101704;34.0000;1;0;0;0;1;0;
EBT;UF;5102504;85.9375;44;5;11;22;6;0;
EBT;UF;5103403;14189.1875;742;37;120;414;137;34;
EBT;UF;5105002;9.0000;5;0;0;5;0;0;
EBT;UF;5105259;789.0000;134;10;22;75;23;4;
EBT;UF;5105622;84.5000;13;0;3;8;2;0;
EBT;UF;5106224;423.0000;75;4;10;41;19;1;
EBT;UF;5106752;265.1250;53;6;15;25;6;1;
EBT;UF;5107198;0.5625;2;1;1;0;0;0;
EBT;UF;5107602;1950.6250;177;6;21;94;42;14;
EBT;UF;5107909;6743.3750;150;6;13;92;28;11;
EBT;UF;5107925;755.7500;103;2;16;51;30;4;
EBT;UF;5107958;2.3750;5;0;4;1;0;0;
EBT;UF;5108402;632.3125;118;3;22;61;31;1;
EBT;UF;5200258;3.7500;4;0;2;2;0;0;
EBT;UF;5200308;5.0000;6;0;3;3;0;0;
EBT;UF;5201108;1363.8125;118;7;17;74;16;4;
EBT;UF;5201405;318.0000;157;4;33;105;15;0;
EBT;UF;5204508;25.0000;6;0;2;2;2;0;
EBT;UF;5204706;6.0000;6;0;3;3;0;0;
EBT;UF;5205109;269.3750;32;0;6;14;11;1;
EBT;UF;5206206;24.7500;6;0;2;2;2;0;
EBT;UF;5208707;2862.2500;482;18;85;283;88;8;
EBT;UF;5209101;0.2500;1;0;1;0;0;0;
EBT;UF;5209937;2.0000;1;0;0;1;0;0;
EBT;UF;5210000;8.0000;4;0;0;4;0;0;
EBT;UF;5211503;68.5625;25;1;1;18;5;0;
EBT;UF;5211909;106.0000;3;0;0;1;1;1;
EBT;UF;5212501;37.3125;27;1;11;14;1;0;
EBT;UF;5213806;4.6250;9;2;4;3;0;0;
EBT;UF;5215231;2.0625;6;1;4;1;0;0;
EBT;UF;5218003;12.5000;3;0;1;1;1;0;
EBT;UF;5218508;0.2500;1;0;1;0;0;0;
EBT;UF;5218805;141.0625;39;1;5;22;11;0;
EBT;UF;5219605;2.0000;1;0;0;1;0;0;
EBT;UF;5219753;4.0000;2;0;0;2;0;0;
EBT;UF;5220454;23.0000;12;0;0;12;0;0;
EBT;UF;5221403;18.5625;5;1;1;1;2;0;
EBT;UF;5221601;13.5625;9;1;6;1;1;0;
EBT;UF;5221858;27.3750;21;2;7;11;1;0;
EBT;UF;5300108;117071.563;2350;57;375;1070;640;208;
09;890;
