01;CLA;IPL4;201303;
EBT;UF;1300029;1.2500;4;4;0;0;0;0;
EBT;UF;1300060;2.2500;3;1;2;0;0;0;
EBT;UF;1300086;0.5000;2;2;0;0;0;0;
EBT;UF;1300102;0.5000;2;2;0;0;0;0;
EBT;UF;1300144;1.6250;4;3;1;0;0;0;
EBT;UF;1300201;0.7500;3;3;0;0;0;0;
EBT;UF;1300300;0.5000;1;1;0;0;0;0;
EBT;UF;1300409;2.0000;4;3;1;0;0;0;
EBT;UF;1300508;0.5000;2;2;0;0;0;0;
EBT;UF;1300607;4.8125;6;3;3;0;0;0;
EBT;UF;1300631;0.5625;3;3;0;0;0;0;
EBT;UF;1300680;0.5000;2;2;0;0;0;0;
EBT;UF;1300706;0.1250;1;1;0;0;0;0;
EBT;UF;1300805;0.2500;1;1;0;0;0;0;
EBT;UF;1300839;0.5000;3;3;0;0;0;0;
EBT;UF;1300904;0.5000;2;2;0;0;0;0;
EBT;UF;1301001;0.5000;3;3;0;0;0;0;
EBT;UF;1301100;0.7500;4;4;0;0;0;0;
EBT;UF;1301159;0.7500;3;3;0;0;0;0;
EBT;UF;1301209;3.8750;7;5;2;0;0;0;
EBT;UF;1301308;0.5000;2;2;0;0;0;0;
EBT;UF;1301407;6.3125;10;7;3;0;0;0;
EBT;UF;1301506;0.2500;1;1;0;0;0;0;
EBT;UF;1301605;2.5000;3;1;2;0;0;0;
EBT;UF;1301654;0.7500;3;3;0;0;0;0;
EBT;UF;1301704;0.1875;2;2;0;0;0;0;
EBT;UF;1301803;0.5000;2;2;0;0;0;0;
EBT;UF;1301852;0.2500;2;2;0;0;0;0;
EBT;UF;1301902;3.7500;11;11;0;0;0;0;
EBT;UF;1301951;0.2500;1;1;0;0;0;0;
EBT;UF;1302009;0.5000;2;2;0;0;0;0;
EBT;UF;1302108;1.0000;4;4;0;0;0;0;
EBT;UF;1302207;2.7500;5;3;2;0;0;0;
EBT;UF;1302306;0.5000;2;2;0;0;0;0;
EBT;UF;1302405;2.5000;7;6;1;0;0;0;
EBT;UF;1302504;5.3750;12;12;0;0;0;0;
EBT;UF;1302553;0.5000;2;2;0;0;0;0;
EBT;UF;1302603;10.3125;23;18;5;0;0;0;
EBT;UF;1302702;0.2500;3;3;0;0;0;0;
EBT;UF;1302801;0.6250;3;3;0;0;0;0;
EBT;UF;1302900;3.3750;9;9;0;0;0;0;
EBT;UF;1303007;0.5000;2;2;0;0;0;0;
EBT;UF;1303106;1.5625;5;4;1;0;0;0;
EBT;UF;1303205;2.1250;5;4;1;0;0;0;
EBT;UF;1303304;0.6250;3;3;0;0;0;0;
EBT;UF;1303403;5.6250;14;14;0;0;0;0;
EBT;UF;1303502;0.6250;3;3;0;0;0;0;
EBT;UF;1303536;0.8750;4;4;0;0;0;0;
EBT;UF;1303569;0.6250;4;4;0;0;0;0;
EBT;UF;1303601;0.6250;4;4;0;0;0;0;
EBT;UF;1303700;0.5000;2;2;0;0;0;0;
EBT;UF;1303809;4.6250;6;4;2;0;0;0;
EBT;UF;1303908;0.5000;2;2;0;0;0;0;
EBT;UF;1303957;0.5000;2;2;0;0;0;0;
EBT;UF;1304005;0.2500;1;1;0;0;0;0;
EBT;UF;1304062;9.5000;11;6;5;0;0;0;
EBT;UF;1304104;0.2500;1;1;0;0;0;0;
EBT;UF;1304203;8.6250;15;12;3;0;0;0;
EBT;UF;1304237;1.0000;4;4;0;0;0;0;
EBT;UF;1304260;0.5000;2;2;0;0;0;0;
EBT;UF;1304302;0.6250;3;3;0;0;0;0;
EBT;UF;1304401;2.7500;4;3;1;0;0;0;
EBT;UF;1400050;0.2500;3;3;0;0;0;0;
EBT;UF;1400100;1.8750;7;7;0;0;0;0;
EBT;UF;1400209;1.5000;2;1;1;0;0;0;
EBT;UF;1400308;0.2500;3;3;0;0;0;0;
EBT;UF;1400456;4.0000;7;5;2;0;0;0;
EBT;UF;1400472;1.3750;5;5;0;0;0;0;
EBT;UF;1400605;0.5625;2;2;0;0;0;0;
EBT;UF;1500404;0.2500;1;1;0;0;0;0;
EBT;UF;1500503;2.2500;4;3;1;0;0;0;
EBT;UF;1500602;0.5000;3;3;0;0;0;0;
EBT;UF;1500800;0.2500;4;4;0;0;0;0;
EBT;UF;1501303;0.1250;2;2;0;0;0;0;
EBT;UF;1501402;2.9375;15;14;1;0;0;0;
EBT;UF;1501451;0.7500;2;2;0;0;0;0;
EBT;UF;1501709;0.7500;2;2;0;0;0;0;
EBT;UF;1501782;0.1250;1;1;0;0;0;0;
EBT;UF;1501808;3.0000;6;6;0;0;0;0;
EBT;UF;1502103;0.8125;3;3;0;0;0;0;
EBT;UF;1502152;0.0625;1;1;0;0;0;0;
EBT;UF;1502202;0.1250;1;1;0;0;0;0;
EBT;UF;1502301;0.0684;1;1;0;0;0;0;
EBT;UF;1502400;0.2500;2;2;0;0;0;0;
EBT;UF;1502707;1.0625;5;5;0;0;0;0;
EBT;UF;1502954;2.1875;2;1;1;0;0;0;
EBT;UF;1503309;0.1250;1;1;0;0;0;0;
EBT;UF;1503457;0.8750;3;3;0;0;0;0;
EBT;UF;1503606;1.8750;6;6;0;0;0;0;
EBT;UF;1503804;0.1250;1;1;0;0;0;0;
EBT;UF;1503903;2.0625;2;1;1;0;0;0;
EBT;UF;1504059;0.2500;2;2;0;0;0;0;
EBT;UF;1504208;7.5625;12;9;3;0;0;0;
EBT;UF;1504422;0.0625;1;1;0;0;0;0;
EBT;UF;1504802;0.1250;1;1;0;0;0;0;
EBT;UF;1505031;1.0000;2;2;0;0;0;0;
EBT;UF;1505106;1.1250;2;1;1;0;0;0;
EBT;UF;1505304;1.6250;4;4;0;0;0;0;
EBT;UF;1505403;0.1250;1;1;0;0;0;0;
EBT;UF;1505437;0.3125;2;2;0;0;0;0;
EBT;UF;1505502;2.6250;4;2;2;0;0;0;
EBT;UF;1505536;9.2500;13;10;3;0;0;0;
EBT;UF;1505601;0.1250;1;1;0;0;0;0;
EBT;UF;1505650;0.2500;2;2;0;0;0;0;
EBT;UF;1506138;0.4375;4;4;0;0;0;0;
EBT;UF;1506187;4.0625;2;1;0;1;0;0;
EBT;UF;1506203;0.3125;3;3;0;0;0;0;
EBT;UF;1506351;2.0000;1;0;1;0;0;0;
EBT;UF;1506500;0.2500;2;2;0;0;0;0;
EBT;UF;1506609;0.2500;1;1;0;0;0;0;
EBT;UF;1506708;0.2500;1;1;0;0;0;0;
EBT;UF;1506807;1.3906;6;6;0;0;0;0;
EBT;UF;1507607;0.2500;2;2;0;0;0;0;
EBT;UF;1507904;1.5000;3;3;0;0;0;0;
EBT;UF;1507953;0.1250;1;1;0;0;0;0;
EBT;UF;1508001;0.3125;2;2;0;0;0;0;
EBT;UF;1508084;4.6250;4;3;0;1;0;0;
EBT;UF;1508100;0.7500;3;3;0;0;0;0;
EBT;UF;1508209;0.5000;1;1;0;0;0;0;
EBT;UF;1508407;3.1436;9;8;1;0;0;0;
EBT;UF;1600105;0.5000;1;1;0;0;0;0;
EBT;UF;1600212;0.0625;1;1;0;0;0;0;
EBT;UF;1600238;0.6250;2;2;0;0;0;0;
EBT;UF;1600279;2.2500;2;1;1;0;0;0;
EBT;UF;1600303;2.1875;7;6;1;0;0;0;
EBT;UF;1600402;1.0000;3;3;0;0;0;0;
EBT;UF;1600501;0.8750;3;3;0;0;0;0;
EBT;UF;1600709;0.1250;1;1;0;0;0;0;
EBT;UF;2100055;0.2500;3;3;0;0;0;0;
EBT;UF;2100154;0.0625;1;1;0;0;0;0;
EBT;UF;2100204;0.1875;2;2;0;0;0;0;
EBT;UF;2100303;0.0625;1;1;0;0;0;0;
EBT;UF;2100402;0.0625;1;1;0;0;0;0;
EBT;UF;2100436;0.0625;1;1;0;0;0;0;
EBT;UF;2100477;0.0625;1;1;0;0;0;0;
EBT;UF;2100501;0.1875;2;2;0;0;0;0;
EBT;UF;2100600;0.0625;1;1;0;0;0;0;
EBT;UF;2100709;0.0625;1;1;0;0;0;0;
EBT;UF;2100808;0.0625;1;1;0;0;0;0;
EBT;UF;2100832;0.0625;1;1;0;0;0;0;
EBT;UF;2100873;0.0625;1;1;0;0;0;0;
EBT;UF;2100907;0.0625;1;1;0;0;0;0;
EBT;UF;2100956;0.1875;2;2;0;0;0;0;
EBT;UF;2101004;0.2500;3;3;0;0;0;0;
EBT;UF;2101103;0.0625;1;1;0;0;0;0;
EBT;UF;2101202;0.3125;2;2;0;0;0;0;
EBT;UF;2101251;0.0625;1;1;0;0;0;0;
EBT;UF;2101301;0.0625;1;1;0;0;0;0;
EBT;UF;2101400;0.2500;1;1;0;0;0;0;
EBT;UF;2101509;0.1250;2;2;0;0;0;0;
EBT;UF;2101608;0.1875;2;2;0;0;0;0;
EBT;UF;2101707;0.1875;3;3;0;0;0;0;
EBT;UF;2101772;0.0625;1;1;0;0;0;0;
EBT;UF;2101905;0.0625;1;1;0;0;0;0;
EBT;UF;2101970;0.1875;3;3;0;0;0;0;
EBT;UF;2102002;0.0625;1;1;0;0;0;0;
EBT;UF;2102036;0.0625;1;1;0;0;0;0;
EBT;UF;2102077;0.0625;1;1;0;0;0;0;
EBT;UF;2102101;0.0625;1;1;0;0;0;0;
EBT;UF;2102150;0.0625;1;1;0;0;0;0;
EBT;UF;2102200;0.0625;1;1;0;0;0;0;
EBT;UF;2102309;0.1875;3;3;0;0;0;0;
EBT;UF;2102408;0.0625;1;1;0;0;0;0;
EBT;UF;2102507;0.0625;1;1;0;0;0;0;
EBT;UF;2102606;0.0625;1;1;0;0;0;0;
EBT;UF;2102705;1.0625;2;1;1;0;0;0;
EBT;UF;2102754;0.0625;1;1;0;0;0;0;
EBT;UF;2102804;1.5039;4;3;1;0;0;0;
EBT;UF;2103000;0.1250;1;1;0;0;0;0;
EBT;UF;2103125;0.0625;1;1;0;0;0;0;
EBT;UF;2103208;0.0625;1;1;0;0;0;0;
EBT;UF;2103307;0.1875;2;2;0;0;0;0;
EBT;UF;2103406;0.1250;2;2;0;0;0;0;
EBT;UF;2103505;0.0625;1;1;0;0;0;0;
EBT;UF;2103554;0.0625;1;1;0;0;0;0;
EBT;UF;2103604;0.0625;1;1;0;0;0;0;
EBT;UF;2103703;0.6250;3;3;0;0;0;0;
EBT;UF;2103802;0.0625;1;1;0;0;0;0;
EBT;UF;2104008;0.0625;1;1;0;0;0;0;
EBT;UF;2104057;0.3750;5;5;0;0;0;0;
EBT;UF;2104107;0.1250;2;2;0;0;0;0;
EBT;UF;2104206;0.0625;1;1;0;0;0;0;
EBT;UF;2104404;0.0625;1;1;0;0;0;0;
EBT;UF;2104503;0.0625;1;1;0;0;0;0;
EBT;UF;2104552;0.0625;1;1;0;0;0;0;
EBT;UF;2104602;0.0625;1;1;0;0;0;0;
EBT;UF;2104677;0.1250;2;2;0;0;0;0;
EBT;UF;2104701;0.0625;1;1;0;0;0;0;
EBT;UF;2104800;0.3125;3;3;0;0;0;0;
EBT;UF;2104909;0.0625;1;1;0;0;0;0;
EBT;UF;2105005;0.0625;1;1;0;0;0;0;
EBT;UF;2105104;0.0625;1;1;0;0;0;0;
EBT;UF;2105153;0.0625;1;1;0;0;0;0;
EBT;UF;2105203;0.0625;1;1;0;0;0;0;
EBT;UF;2105302;0.5000;5;5;0;0;0;0;
EBT;UF;2105351;0.0625;1;1;0;0;0;0;
EBT;UF;2105401;0.0625;1;1;0;0;0;0;
EBT;UF;2105500;0.0625;1;1;0;0;0;0;
EBT;UF;2105609;0.0625;1;1;0;0;0;0;
EBT;UF;2105708;0.1875;2;2;0;0;0;0;
EBT;UF;2105807;0.0625;1;1;0;0;0;0;
EBT;UF;2105906;0.0625;1;1;0;0;0;0;
EBT;UF;2105948;0.0625;1;1;0;0;0;0;
EBT;UF;2105989;0.0625;1;1;0;0;0;0;
EBT;UF;2106102;0.1875;2;2;0;0;0;0;
EBT;UF;2106300;0.0625;1;1;0;0;0;0;
EBT;UF;2106326;0.1875;2;2;0;0;0;0;
EBT;UF;2106409;0.0625;1;1;0;0;0;0;
EBT;UF;2106508;0.0625;1;1;0;0;0;0;
EBT;UF;2106607;0.0625;1;1;0;0;0;0;
EBT;UF;2106706;0.1250;2;2;0;0;0;0;
EBT;UF;2106755;0.0625;1;1;0;0;0;0;
EBT;UF;2106904;0.0625;1;1;0;0;0;0;
EBT;UF;2107001;0.0625;1;1;0;0;0;0;
EBT;UF;2107100;0.0625;1;1;0;0;0;0;
EBT;UF;2107209;0.0625;1;1;0;0;0;0;
EBT;UF;2107357;0.0625;1;1;0;0;0;0;
EBT;UF;2107407;0.0625;1;1;0;0;0;0;
EBT;UF;2107456;0.0625;1;1;0;0;0;0;
EBT;UF;2107506;0.1875;2;2;0;0;0;0;
EBT;UF;2107605;0.0625;1;1;0;0;0;0;
EBT;UF;2107704;0.0625;1;1;0;0;0;0;
EBT;UF;2107803;0.1250;2;2;0;0;0;0;
EBT;UF;2107902;0.0625;1;1;0;0;0;0;
EBT;UF;2108009;0.1250;2;2;0;0;0;0;
EBT;UF;2108058;0.0625;1;1;0;0;0;0;
EBT;UF;2108108;0.0625;1;1;0;0;0;0;
EBT;UF;2108207;0.1875;2;2;0;0;0;0;
EBT;UF;2108256;0.0625;1;1;0;0;0;0;
EBT;UF;2108306;0.1875;2;2;0;0;0;0;
EBT;UF;2108405;0.0625;1;1;0;0;0;0;
EBT;UF;2108454;0.2500;3;3;0;0;0;0;
EBT;UF;2108504;0.1875;2;2;0;0;0;0;
EBT;UF;2108603;0.7500;4;4;0;0;0;0;
EBT;UF;2108702;0.0625;1;1;0;0;0;0;
EBT;UF;2108801;0.0625;1;1;0;0;0;0;
EBT;UF;2108900;0.0625;1;1;0;0;0;0;
EBT;UF;2109007;0.1250;2;2;0;0;0;0;
EBT;UF;2109106;0.3750;2;2;0;0;0;0;
EBT;UF;2109205;0.0625;1;1;0;0;0;0;
EBT;UF;2109239;0.0625;1;1;0;0;0;0;
EBT;UF;2109270;0.0625;1;1;0;0;0;0;
EBT;UF;2109304;0.0625;1;1;0;0;0;0;
EBT;UF;2109502;0.0625;1;1;0;0;0;0;
EBT;UF;2109601;0.5625;2;2;0;0;0;0;
EBT;UF;2109809;0.0625;1;1;0;0;0;0;
EBT;UF;2110005;0.1875;2;2;0;0;0;0;
EBT;UF;2110039;0.1875;2;2;0;0;0;0;
EBT;UF;2110104;0.0625;1;1;0;0;0;0;
EBT;UF;2110203;0.0625;1;1;0;0;0;0;
EBT;UF;2110237;0.0625;1;1;0;0;0;0;
EBT;UF;2110302;0.0625;1;1;0;0;0;0;
EBT;UF;2110401;0.1250;2;2;0;0;0;0;
EBT;UF;2110500;0.1875;2;2;0;0;0;0;
EBT;UF;2110609;0.0625;1;1;0;0;0;0;
EBT;UF;2110708;0.0625;1;1;0;0;0;0;
EBT;UF;2110906;0.0625;1;1;0;0;0;0;
EBT;UF;2111003;0.0625;1;1;0;0;0;0;
EBT;UF;2111078;0.0625;1;1;0;0;0;0;
EBT;UF;2111102;0.0625;1;1;0;0;0;0;
EBT;UF;2111201;0.1250;2;2;0;0;0;0;
EBT;UF;2111300;0.7500;7;7;0;0;0;0;
EBT;UF;2111409;0.1250;2;2;0;0;0;0;
EBT;UF;2111508;0.1875;2;2;0;0;0;0;
EBT;UF;2111607;0.1875;2;2;0;0;0;0;
EBT;UF;2111706;0.0625;1;1;0;0;0;0;
EBT;UF;2111722;0.0625;1;1;0;0;0;0;
EBT;UF;2111763;0.0625;1;1;0;0;0;0;
EBT;UF;2111789;0.0625;1;1;0;0;0;0;
EBT;UF;2111805;0.0625;1;1;0;0;0;0;
EBT;UF;2112001;0.0625;1;1;0;0;0;0;
EBT;UF;2112100;0.0625;1;1;0;0;0;0;
EBT;UF;2112233;0.0625;1;1;0;0;0;0;
EBT;UF;2112506;0.0625;1;1;0;0;0;0;
EBT;UF;2112605;0.0625;1;1;0;0;0;0;
EBT;UF;2112704;0.1250;2;2;0;0;0;0;
EBT;UF;2112803;0.0625;1;1;0;0;0;0;
EBT;UF;2112902;0.0625;1;1;0;0;0;0;
EBT;UF;2114007;0.1875;2;2;0;0;0;0;
EBT;UF;2201945;0.0625;1;1;0;0;0;0;
EBT;UF;2202083;0.5000;1;1;0;0;0;0;
EBT;UF;2202505;0.5000;1;1;0;0;0;0;
EBT;UF;2202729;0.1250;1;1;0;0;0;0;
EBT;UF;2203909;0.6250;2;2;0;0;0;0;
EBT;UF;2204303;0.6875;1;0;1;0;0;0;
EBT;UF;2205276;0.0625;1;1;0;0;0;0;
EBT;UF;2205557;0.0625;1;1;0;0;0;0;
EBT;UF;2205565;0.1250;1;1;0;0;0;0;
EBT;UF;2208304;0.5000;1;1;0;0;0;0;
EBT;UF;2209401;0.1250;1;1;0;0;0;0;
EBT;UF;2209971;0.0625;1;1;0;0;0;0;
EBT;UF;2210052;0.0625;1;1;0;0;0;0;
EBT;UF;2211001;0.3125;1;1;0;0;0;0;
EBT;UF;2300101;0.0625;1;1;0;0;0;0;
EBT;UF;2300200;0.1250;2;2;0;0;0;0;
EBT;UF;2300309;0.1875;3;3;0;0;0;0;
EBT;UF;2300408;0.1875;3;3;0;0;0;0;
EBT;UF;2300507;0.0625;1;1;0;0;0;0;
EBT;UF;2300705;0.0625;1;1;0;0;0;0;
EBT;UF;2300754;0.0625;1;1;0;0;0;0;
EBT;UF;2300804;0.0625;1;1;0;0;0;0;
EBT;UF;2301000;0.2500;3;3;0;0;0;0;
EBT;UF;2301109;0.1250;2;2;0;0;0;0;
EBT;UF;2301208;0.0625;1;1;0;0;0;0;
EBT;UF;2301257;1.1250;2;1;1;0;0;0;
EBT;UF;2301307;0.0625;1;1;0;0;0;0;
EBT;UF;2301406;0.0625;1;1;0;0;0;0;
EBT;UF;2301505;0.0625;1;1;0;0;0;0;
EBT;UF;2301703;0.0625;1;1;0;0;0;0;
EBT;UF;2301802;0.0625;1;1;0;0;0;0;
EBT;UF;2301851;0.0625;1;1;0;0;0;0;
EBT;UF;2301901;0.0625;1;1;0;0;0;0;
EBT;UF;2302008;0.0625;1;1;0;0;0;0;
EBT;UF;2302057;0.0625;1;1;0;0;0;0;
EBT;UF;2302107;0.0625;1;1;0;0;0;0;
EBT;UF;2302206;0.0625;1;1;0;0;0;0;
EBT;UF;2302305;0.0625;1;1;0;0;0;0;
EBT;UF;2302404;0.1250;2;2;0;0;0;0;
EBT;UF;2302503;0.0625;1;1;0;0;0;0;
EBT;UF;2302602;0.1250;2;2;0;0;0;0;
EBT;UF;2302701;0.1250;2;2;0;0;0;0;
EBT;UF;2302800;0.1875;2;2;0;0;0;0;
EBT;UF;2302909;0.0625;1;1;0;0;0;0;
EBT;UF;2303006;0.0625;1;1;0;0;0;0;
EBT;UF;2303105;0.1250;2;2;0;0;0;0;
EBT;UF;2303303;0.1250;2;2;0;0;0;0;
EBT;UF;2303402;0.0625;1;1;0;0;0;0;
EBT;UF;2303501;0.1250;2;2;0;0;0;0;
EBT;UF;2303600;0.0625;1;1;0;0;0;0;
EBT;UF;2303659;0.0625;1;1;0;0;0;0;
EBT;UF;2303709;0.2500;3;3;0;0;0;0;
EBT;UF;2303808;0.0625;1;1;0;0;0;0;
EBT;UF;2303907;0.1250;2;2;0;0;0;0;
EBT;UF;2303931;0.0625;1;1;0;0;0;0;
EBT;UF;2303956;0.0625;1;1;0;0;0;0;
EBT;UF;2304004;0.0625;1;1;0;0;0;0;
EBT;UF;2304103;0.0625;1;1;0;0;0;0;
EBT;UF;2304202;0.1250;2;2;0;0;0;0;
EBT;UF;2304236;0.0625;1;1;0;0;0;0;
EBT;UF;2304251;0.0625;1;1;0;0;0;0;
EBT;UF;2304269;0.0625;1;1;0;0;0;0;
EBT;UF;2304277;0.0625;1;1;0;0;0;0;
EBT;UF;2304285;0.0625;1;1;0;0;0;0;
EBT;UF;2304301;0.0625;1;1;0;0;0;0;
EBT;UF;2304350;0.0625;1;1;0;0;0;0;
EBT;UF;2304400;1.3125;20;20;0;0;0;0;
EBT;UF;2304459;0.0625;1;1;0;0;0;0;
EBT;UF;2304509;0.0625;1;1;0;0;0;0;
EBT;UF;2304657;0.0625;1;1;0;0;0;0;
EBT;UF;2304707;0.1250;2;2;0;0;0;0;
EBT;UF;2304806;0.0625;1;1;0;0;0;0;
EBT;UF;2304905;0.0625;1;1;0;0;0;0;
EBT;UF;2304954;0.0625;1;1;0;0;0;0;
EBT;UF;2305001;0.1250;2;2;0;0;0;0;
EBT;UF;2305209;0.0625;1;1;0;0;0;0;
EBT;UF;2305266;0.0625;1;1;0;0;0;0;
EBT;UF;2305308;0.1250;2;2;0;0;0;0;
EBT;UF;2305332;0.0625;1;1;0;0;0;0;
EBT;UF;2305357;0.0625;1;1;0;0;0;0;
EBT;UF;2305407;0.0625;1;1;0;0;0;0;
EBT;UF;2305506;0.0625;1;1;0;0;0;0;
EBT;UF;2305605;0.0625;1;1;0;0;0;0;
EBT;UF;2305654;0.0625;1;1;0;0;0;0;
EBT;UF;2305704;0.1250;2;2;0;0;0;0;
EBT;UF;2305803;0.1250;1;1;0;0;0;0;
EBT;UF;2305902;0.0625;1;1;0;0;0;0;
EBT;UF;2306009;0.1250;2;2;0;0;0;0;
EBT;UF;2306108;0.1250;2;2;0;0;0;0;
EBT;UF;2306256;0.0625;1;1;0;0;0;0;
EBT;UF;2306306;0.0625;1;1;0;0;0;0;
EBT;UF;2306405;0.0625;1;1;0;0;0;0;
EBT;UF;2306504;0.0625;1;1;0;0;0;0;
EBT;UF;2306553;0.2500;3;3;0;0;0;0;
EBT;UF;2306603;0.1250;2;2;0;0;0;0;
EBT;UF;2306702;0.0625;1;1;0;0;0;0;
EBT;UF;2306801;0.0625;1;1;0;0;0;0;
EBT;UF;2306900;0.1250;2;2;0;0;0;0;
EBT;UF;2307007;0.1250;2;2;0;0;0;0;
EBT;UF;2307106;0.0625;1;1;0;0;0;0;
EBT;UF;2307205;0.0625;1;1;0;0;0;0;
EBT;UF;2307254;0.1875;3;3;0;0;0;0;
EBT;UF;2307304;0.3125;5;5;0;0;0;0;
EBT;UF;2307403;0.0625;1;1;0;0;0;0;
EBT;UF;2307502;0.0625;1;1;0;0;0;0;
EBT;UF;2307601;0.0625;1;1;0;0;0;0;
EBT;UF;2307635;0.0625;1;1;0;0;0;0;
EBT;UF;2307650;0.1875;2;2;0;0;0;0;
EBT;UF;2307700;0.2500;3;3;0;0;0;0;
EBT;UF;2307809;0.0625;1;1;0;0;0;0;
EBT;UF;2307908;0.0625;1;1;0;0;0;0;
EBT;UF;2308005;0.0625;1;1;0;0;0;0;
EBT;UF;2308104;0.1250;2;2;0;0;0;0;
EBT;UF;2308203;0.0625;1;1;0;0;0;0;
EBT;UF;2308351;0.0625;1;1;0;0;0;0;
EBT;UF;2308377;0.0625;1;1;0;0;0;0;
EBT;UF;2308500;0.0625;1;1;0;0;0;0;
EBT;UF;2308609;0.1250;2;2;0;0;0;0;
EBT;UF;2308708;0.1250;2;2;0;0;0;0;
EBT;UF;2308807;0.0625;1;1;0;0;0;0;
EBT;UF;2308906;0.0625;1;1;0;0;0;0;
EBT;UF;2309003;0.0625;1;1;0;0;0;0;
EBT;UF;2309201;0.0625;1;1;0;0;0;0;
EBT;UF;2309300;0.1250;2;2;0;0;0;0;
EBT;UF;2309409;0.1250;2;2;0;0;0;0;
EBT;UF;2309458;0.0625;1;1;0;0;0;0;
EBT;UF;2309508;0.1250;2;2;0;0;0;0;
EBT;UF;2309607;0.0625;1;1;0;0;0;0;
EBT;UF;2309706;0.1875;2;2;0;0;0;0;
EBT;UF;2309805;0.0625;1;1;0;0;0;0;
EBT;UF;2309904;0.0625;1;1;0;0;0;0;
EBT;UF;2310001;0.0625;1;1;0;0;0;0;
EBT;UF;2310100;1.1250;2;1;1;0;0;0;
EBT;UF;2310209;0.1250;2;2;0;0;0;0;
EBT;UF;2310258;0.1250;2;2;0;0;0;0;
EBT;UF;2310308;0.1250;2;2;0;0;0;0;
EBT;UF;2310407;0.0625;1;1;0;0;0;0;
EBT;UF;2310506;0.1250;2;2;0;0;0;0;
EBT;UF;2310605;0.0625;1;1;0;0;0;0;
EBT;UF;2310704;0.1250;2;2;0;0;0;0;
EBT;UF;2310803;0.1250;2;2;0;0;0;0;
EBT;UF;2310852;0.0625;1;1;0;0;0;0;
EBT;UF;2310902;0.0625;1;1;0;0;0;0;
EBT;UF;2310951;0.0625;1;1;0;0;0;0;
EBT;UF;2311009;0.0625;1;1;0;0;0;0;
EBT;UF;2311108;0.0625;1;1;0;0;0;0;
EBT;UF;2311207;0.0625;1;1;0;0;0;0;
EBT;UF;2311231;0.0625;1;1;0;0;0;0;
EBT;UF;2311264;0.0625;1;1;0;0;0;0;
EBT;UF;2311306;0.0625;1;1;0;0;0;0;
EBT;UF;2311355;0.0625;1;1;0;0;0;0;
EBT;UF;2311405;0.6250;3;3;0;0;0;0;
EBT;UF;2311504;0.0625;1;1;0;0;0;0;
EBT;UF;2311603;0.0625;1;1;0;0;0;0;
EBT;UF;2311702;0.0625;1;1;0;0;0;0;
EBT;UF;2311801;0.0625;1;1;0;0;0;0;
EBT;UF;2311900;0.1250;2;2;0;0;0;0;
EBT;UF;2311959;0.0625;1;1;0;0;0;0;
EBT;UF;2312007;0.1250;2;2;0;0;0;0;
EBT;UF;2312106;0.0625;1;1;0;0;0;0;
EBT;UF;2312205;0.0625;1;1;0;0;0;0;
EBT;UF;2312304;0.1250;2;2;0;0;0;0;
EBT;UF;2312403;0.1250;2;2;0;0;0;0;
EBT;UF;2312502;0.0625;1;1;0;0;0;0;
EBT;UF;2312601;0.0625;1;1;0;0;0;0;
EBT;UF;2312700;0.0625;1;1;0;0;0;0;
EBT;UF;2312809;0.0625;1;1;0;0;0;0;
EBT;UF;2312908;0.1250;2;2;0;0;0;0;
EBT;UF;2313005;0.1250;2;2;0;0;0;0;
EBT;UF;2313104;0.0625;1;1;0;0;0;0;
EBT;UF;2313203;0.1250;2;2;0;0;0;0;
EBT;UF;2313252;0.0625;1;1;0;0;0;0;
EBT;UF;2313302;0.6250;3;3;0;0;0;0;
EBT;UF;2313351;0.0625;1;1;0;0;0;0;
EBT;UF;2313401;0.0625;1;1;0;0;0;0;
EBT;UF;2313500;0.0625;1;1;0;0;0;0;
EBT;UF;2313559;0.0625;1;1;0;0;0;0;
EBT;UF;2313609;0.1875;3;3;0;0;0;0;
EBT;UF;2313708;0.0625;1;1;0;0;0;0;
EBT;UF;2313757;0.0625;1;1;0;0;0;0;
EBT;UF;2313807;0.1250;2;2;0;0;0;0;
EBT;UF;2313906;0.0625;1;1;0;0;0;0;
EBT;UF;2313955;0.0625;1;1;0;0;0;0;
EBT;UF;2314003;0.1250;2;2;0;0;0;0;
EBT;UF;2314102;0.1875;3;3;0;0;0;0;
EBT;UF;2400109;1.0000;1;0;1;0;0;0;
EBT;UF;2400208;0.5000;1;1;0;0;0;0;
EBT;UF;2400307;0.0625;1;1;0;0;0;0;
EBT;UF;2400406;0.0625;1;1;0;0;0;0;
EBT;UF;2400505;0.0625;1;1;0;0;0;0;
EBT;UF;2400703;0.0625;1;1;0;0;0;0;
EBT;UF;2400802;0.0625;1;1;0;0;0;0;
EBT;UF;2401008;0.0625;1;1;0;0;0;0;
EBT;UF;2401107;0.0625;1;1;0;0;0;0;
EBT;UF;2401206;0.0625;1;1;0;0;0;0;
EBT;UF;2401305;0.0625;1;1;0;0;0;0;
EBT;UF;2401404;0.0625;1;1;0;0;0;0;
EBT;UF;2401453;0.0625;1;1;0;0;0;0;
EBT;UF;2401503;0.0625;1;1;0;0;0;0;
EBT;UF;2401602;0.0625;1;1;0;0;0;0;
EBT;UF;2401651;0.0625;1;1;0;0;0;0;
EBT;UF;2401701;0.0625;1;1;0;0;0;0;
EBT;UF;2401800;0.0625;1;1;0;0;0;0;
EBT;UF;2401909;0.0625;1;1;0;0;0;0;
EBT;UF;2402105;0.0625;1;1;0;0;0;0;
EBT;UF;2402204;0.0625;1;1;0;0;0;0;
EBT;UF;2402303;0.0625;1;1;0;0;0;0;
EBT;UF;2402402;1.0625;2;1;1;0;0;0;
EBT;UF;2402501;0.0625;1;1;0;0;0;0;
EBT;UF;2402600;0.1250;2;2;0;0;0;0;
EBT;UF;2402709;0.1250;2;2;0;0;0;0;
EBT;UF;2402808;0.0625;1;1;0;0;0;0;
EBT;UF;2402907;0.0625;1;1;0;0;0;0;
EBT;UF;2403004;0.0625;1;1;0;0;0;0;
EBT;UF;2403103;1.0000;1;0;1;0;0;0;
EBT;UF;2403202;0.0625;1;1;0;0;0;0;
EBT;UF;2403251;0.0625;1;1;0;0;0;0;
EBT;UF;2403301;0.0625;1;1;0;0;0;0;
EBT;UF;2403400;0.0625;1;1;0;0;0;0;
EBT;UF;2403509;0.0625;1;1;0;0;0;0;
EBT;UF;2403608;0.0625;1;1;0;0;0;0;
EBT;UF;2403707;0.1250;2;2;0;0;0;0;
EBT;UF;2403756;0.0625;1;1;0;0;0;0;
EBT;UF;2403806;0.0625;1;1;0;0;0;0;
EBT;UF;2403905;0.0625;1;1;0;0;0;0;
EBT;UF;2404002;0.0625;1;1;0;0;0;0;
EBT;UF;2404101;0.0625;1;1;0;0;0;0;
EBT;UF;2404200;0.0625;1;1;0;0;0;0;
EBT;UF;2404309;0.0625;1;1;0;0;0;0;
EBT;UF;2404408;0.0625;1;1;0;0;0;0;
EBT;UF;2404507;1.0625;2;1;1;0;0;0;
EBT;UF;2404606;0.0625;1;1;0;0;0;0;
EBT;UF;2404705;0.0625;1;1;0;0;0;0;
EBT;UF;2404804;0.0625;1;1;0;0;0;0;
EBT;UF;2404853;0.0625;1;1;0;0;0;0;
EBT;UF;2404903;0.0625;1;1;0;0;0;0;
EBT;UF;2405009;1.0625;2;1;1;0;0;0;
EBT;UF;2405108;0.0625;1;1;0;0;0;0;
EBT;UF;2405207;0.0625;1;1;0;0;0;0;
EBT;UF;2405306;0.0625;1;1;0;0;0;0;
EBT;UF;2405405;0.0625;1;1;0;0;0;0;
EBT;UF;2405504;0.0625;1;1;0;0;0;0;
EBT;UF;2405603;0.0625;1;1;0;0;0;0;
EBT;UF;2405702;0.0625;1;1;0;0;0;0;
EBT;UF;2405801;0.0625;1;1;0;0;0;0;
EBT;UF;2405900;0.0625;1;1;0;0;0;0;
EBT;UF;2406007;0.0625;1;1;0;0;0;0;
EBT;UF;2406106;0.0625;1;1;0;0;0;0;
EBT;UF;2406155;0.0625;1;1;0;0;0;0;
EBT;UF;2406205;0.0625;1;1;0;0;0;0;
EBT;UF;2406304;0.0625;1;1;0;0;0;0;
EBT;UF;2406403;0.0625;1;1;0;0;0;0;
EBT;UF;2406502;0.1250;2;2;0;0;0;0;
EBT;UF;2406601;0.0625;1;1;0;0;0;0;
EBT;UF;2406700;0.0625;1;1;0;0;0;0;
EBT;UF;2406809;0.0625;1;1;0;0;0;0;
EBT;UF;2406908;0.0625;1;1;0;0;0;0;
EBT;UF;2407104;0.0625;1;1;0;0;0;0;
EBT;UF;2407203;0.0625;1;1;0;0;0;0;
EBT;UF;2407252;0.0625;1;1;0;0;0;0;
EBT;UF;2407302;0.0625;1;1;0;0;0;0;
EBT;UF;2407401;0.0625;1;1;0;0;0;0;
EBT;UF;2407500;0.0625;1;1;0;0;0;0;
EBT;UF;2407609;0.0625;1;1;0;0;0;0;
EBT;UF;2407708;0.0625;1;1;0;0;0;0;
EBT;UF;2407807;0.0625;1;1;0;0;0;0;
EBT;UF;2407906;0.0625;1;1;0;0;0;0;
EBT;UF;2408102;3.7500;4;2;2;0;0;0;
EBT;UF;2408201;0.0625;1;1;0;0;0;0;
EBT;UF;2408300;0.0625;1;1;0;0;0;0;
EBT;UF;2408409;0.0625;1;1;0;0;0;0;
EBT;UF;2408508;0.0625;1;1;0;0;0;0;
EBT;UF;2408607;0.0625;1;1;0;0;0;0;
EBT;UF;2408805;0.0625;1;1;0;0;0;0;
EBT;UF;2408904;0.0625;1;1;0;0;0;0;
EBT;UF;2408953;1.3125;3;2;1;0;0;0;
EBT;UF;2409100;0.0625;1;1;0;0;0;0;
EBT;UF;2409209;0.0625;1;1;0;0;0;0;
EBT;UF;2409308;0.0625;1;1;0;0;0;0;
EBT;UF;2409332;0.0625;1;1;0;0;0;0;
EBT;UF;2409506;0.0625;1;1;0;0;0;0;
EBT;UF;2409605;0.0625;1;1;0;0;0;0;
EBT;UF;2409704;1.0625;2;1;1;0;0;0;
EBT;UF;2409803;0.0625;1;1;0;0;0;0;
EBT;UF;2409902;0.0625;1;1;0;0;0;0;
EBT;UF;2410009;0.0625;1;1;0;0;0;0;
EBT;UF;2410108;0.0625;1;1;0;0;0;0;
EBT;UF;2410207;0.0625;1;1;0;0;0;0;
EBT;UF;2410306;0.0625;1;1;0;0;0;0;
EBT;UF;2410405;0.0625;1;1;0;0;0;0;
EBT;UF;2410504;0.0625;1;1;0;0;0;0;
EBT;UF;2410603;0.0625;1;1;0;0;0;0;
EBT;UF;2410702;0.0625;1;1;0;0;0;0;
EBT;UF;2410801;0.0625;1;1;0;0;0;0;
EBT;UF;2410900;0.0625;1;1;0;0;0;0;
EBT;UF;2411007;0.0625;1;1;0;0;0;0;
EBT;UF;2411106;0.0625;1;1;0;0;0;0;
EBT;UF;2411205;0.0625;1;1;0;0;0;0;
EBT;UF;2411403;0.0625;1;1;0;0;0;0;
EBT;UF;2411429;0.0625;1;1;0;0;0;0;
EBT;UF;2411502;0.0625;1;1;0;0;0;0;
EBT;UF;2411601;0.0625;1;1;0;0;0;0;
EBT;UF;2411700;0.0625;1;1;0;0;0;0;
EBT;UF;2411809;0.0625;1;1;0;0;0;0;
EBT;UF;2411908;0.0625;1;1;0;0;0;0;
EBT;UF;2412005;0.3125;2;2;0;0;0;0;
EBT;UF;2412104;0.0625;1;1;0;0;0;0;
EBT;UF;2412203;0.0625;1;1;0;0;0;0;
EBT;UF;2412302;0.0625;1;1;0;0;0;0;
EBT;UF;2412401;0.0625;1;1;0;0;0;0;
EBT;UF;2412609;0.0625;1;1;0;0;0;0;
EBT;UF;2412708;0.0625;1;1;0;0;0;0;
EBT;UF;2412807;0.0625;1;1;0;0;0;0;
EBT;UF;2413003;0.0625;1;1;0;0;0;0;
EBT;UF;2413102;0.0625;1;1;0;0;0;0;
EBT;UF;2413201;0.0625;1;1;0;0;0;0;
EBT;UF;2413300;0.0625;1;1;0;0;0;0;
EBT;UF;2413359;0.0625;1;1;0;0;0;0;
EBT;UF;2413409;0.3125;2;2;0;0;0;0;
EBT;UF;2413508;0.0625;1;1;0;0;0;0;
EBT;UF;2413557;0.0625;1;1;0;0;0;0;
EBT;UF;2413607;0.0625;1;1;0;0;0;0;
EBT;UF;2413706;0.0625;1;1;0;0;0;0;
EBT;UF;2413805;0.0625;1;1;0;0;0;0;
EBT;UF;2413904;0.0625;1;1;0;0;0;0;
EBT;UF;2414001;0.0625;1;1;0;0;0;0;
EBT;UF;2414100;0.0625;1;1;0;0;0;0;
EBT;UF;2414159;0.0625;1;1;0;0;0;0;
EBT;UF;2414209;0.0625;1;1;0;0;0;0;
EBT;UF;2414308;0.0625;1;1;0;0;0;0;
EBT;UF;2414407;0.0625;1;1;0;0;0;0;
EBT;UF;2414456;0.0625;1;1;0;0;0;0;
EBT;UF;2414506;0.0625;1;1;0;0;0;0;
EBT;UF;2414605;0.0625;1;1;0;0;0;0;
EBT;UF;2414704;0.0625;1;1;0;0;0;0;
EBT;UF;2414753;0.0625;1;1;0;0;0;0;
EBT;UF;2414803;0.0625;1;1;0;0;0;0;
EBT;UF;2414902;0.0625;1;1;0;0;0;0;
EBT;UF;2415008;0.0625;1;1;0;0;0;0;
EBT;UF;2500106;0.1250;2;2;0;0;0;0;
EBT;UF;2500205;1.0625;2;1;1;0;0;0;
EBT;UF;2500304;0.0625;1;1;0;0;0;0;
EBT;UF;2500403;0.1250;2;2;0;0;0;0;
EBT;UF;2500502;0.1875;3;3;0;0;0;0;
EBT;UF;2500536;0.0625;1;1;0;0;0;0;
EBT;UF;2500601;1.1875;4;3;1;0;0;0;
EBT;UF;2500700;0.2500;4;4;0;0;0;0;
EBT;UF;2500775;0.0625;1;1;0;0;0;0;
EBT;UF;2500809;0.0625;1;1;0;0;0;0;
EBT;UF;2501005;0.1875;3;3;0;0;0;0;
EBT;UF;2501104;0.0625;1;1;0;0;0;0;
EBT;UF;2501203;0.0625;1;1;0;0;0;0;
EBT;UF;2501302;0.1250;2;2;0;0;0;0;
EBT;UF;2501401;0.1875;2;2;0;0;0;0;
EBT;UF;2501500;0.1250;2;2;0;0;0;0;
EBT;UF;2501575;0.1875;3;3;0;0;0;0;
EBT;UF;2501609;0.1250;2;2;0;0;0;0;
EBT;UF;2501708;1.0625;2;1;1;0;0;0;
EBT;UF;2501906;1.1875;4;3;1;0;0;0;
EBT;UF;2502003;0.0625;1;1;0;0;0;0;
EBT;UF;2502102;0.0625;1;1;0;0;0;0;
EBT;UF;2502151;0.0625;1;1;0;0;0;0;
EBT;UF;2502201;0.0625;1;1;0;0;0;0;
EBT;UF;2502300;0.0625;1;1;0;0;0;0;
EBT;UF;2502409;0.1875;3;3;0;0;0;0;
EBT;UF;2502508;0.2500;4;4;0;0;0;0;
EBT;UF;2502607;1.0625;2;1;1;0;0;0;
EBT;UF;2502706;0.0625;1;1;0;0;0;0;
EBT;UF;2502805;0.1875;3;3;0;0;0;0;
EBT;UF;2502904;0.0625;1;1;0;0;0;0;
EBT;UF;2503001;0.1250;2;2;0;0;0;0;
EBT;UF;2503100;0.1875;3;3;0;0;0;0;
EBT;UF;2503209;0.0625;1;1;0;0;0;0;
EBT;UF;2503308;0.0625;1;1;0;0;0;0;
EBT;UF;2503407;0.0625;1;1;0;0;0;0;
EBT;UF;2503506;0.0625;1;1;0;0;0;0;
EBT;UF;2503555;0.0625;1;1;0;0;0;0;
EBT;UF;2503605;0.1250;2;2;0;0;0;0;
EBT;UF;2503704;0.0625;1;1;0;0;0;0;
EBT;UF;2503803;0.0625;1;1;0;0;0;0;
EBT;UF;2503902;0.0625;1;1;0;0;0;0;
EBT;UF;2504009;0.1875;3;3;0;0;0;0;
EBT;UF;2504074;0.0625;1;1;0;0;0;0;
EBT;UF;2504108;0.0625;1;1;0;0;0;0;
EBT;UF;2504207;0.0625;1;1;0;0;0;0;
EBT;UF;2504306;0.1875;3;3;0;0;0;0;
EBT;UF;2504405;0.1875;3;3;0;0;0;0;
EBT;UF;2504504;0.0625;1;1;0;0;0;0;
EBT;UF;2504603;0.0625;1;1;0;0;0;0;
EBT;UF;2504702;0.0625;1;1;0;0;0;0;
EBT;UF;2504801;0.1875;3;3;0;0;0;0;
EBT;UF;2504850;1.0000;1;0;1;0;0;0;
EBT;UF;2504900;0.5000;4;4;0;0;0;0;
EBT;UF;2505006;0.0625;1;1;0;0;0;0;
EBT;UF;2505105;0.1875;3;3;0;0;0;0;
EBT;UF;2505204;0.0625;1;1;0;0;0;0;
EBT;UF;2505238;0.0625;1;1;0;0;0;0;
EBT;UF;2505279;0.1250;2;2;0;0;0;0;
EBT;UF;2505303;0.0625;1;1;0;0;0;0;
EBT;UF;2505402;0.0625;1;1;0;0;0;0;
EBT;UF;2505501;0.0625;1;1;0;0;0;0;
EBT;UF;2505600;1.0625;2;1;1;0;0;0;
EBT;UF;2505709;0.1250;2;2;0;0;0;0;
EBT;UF;2505808;0.0625;1;1;0;0;0;0;
EBT;UF;2505907;0.0625;1;1;0;0;0;0;
EBT;UF;2506004;0.0625;1;1;0;0;0;0;
EBT;UF;2506202;0.0625;1;1;0;0;0;0;
EBT;UF;2506400;0.1250;2;2;0;0;0;0;
EBT;UF;2506608;0.1250;2;2;0;0;0;0;
EBT;UF;2506707;0.0625;1;1;0;0;0;0;
EBT;UF;2506806;1.1250;3;2;1;0;0;0;
EBT;UF;2506905;0.0625;1;1;0;0;0;0;
EBT;UF;2507002;0.1875;3;3;0;0;0;0;
EBT;UF;2507101;0.0625;1;1;0;0;0;0;
EBT;UF;2507200;0.0625;1;1;0;0;0;0;
EBT;UF;2507309;0.1875;3;3;0;0;0;0;
EBT;UF;2507408;0.1250;2;2;0;0;0;0;
EBT;UF;2507507;1.3125;6;5;1;0;0;0;
EBT;UF;2507606;0.0625;1;1;0;0;0;0;
EBT;UF;2507705;0.1250;2;2;0;0;0;0;
EBT;UF;2507804;0.0625;1;1;0;0;0;0;
EBT;UF;2507903;0.0625;1;1;0;0;0;0;
EBT;UF;2508000;0.0625;1;1;0;0;0;0;
EBT;UF;2508109;0.0625;1;1;0;0;0;0;
EBT;UF;2508208;0.0625;1;1;0;0;0;0;
EBT;UF;2508406;0.0625;1;1;0;0;0;0;
EBT;UF;2508505;0.0625;1;1;0;0;0;0;
EBT;UF;2508604;0.0625;1;1;0;0;0;0;
EBT;UF;2508703;0.0625;1;1;0;0;0;0;
EBT;UF;2508802;0.3125;5;5;0;0;0;0;
EBT;UF;2508901;0.3125;2;2;0;0;0;0;
EBT;UF;2509057;1.0625;2;1;1;0;0;0;
EBT;UF;2509107;0.0625;1;1;0;0;0;0;
EBT;UF;2509156;0.0625;1;1;0;0;0;0;
EBT;UF;2509305;0.1250;2;2;0;0;0;0;
EBT;UF;2509396;0.0625;1;1;0;0;0;0;
EBT;UF;2509404;0.0625;1;1;0;0;0;0;
EBT;UF;2509602;0.0625;1;1;0;0;0;0;
EBT;UF;2509701;0.6250;4;4;0;0;0;0;
EBT;UF;2509800;0.0625;1;1;0;0;0;0;
EBT;UF;2509909;0.0625;1;1;0;0;0;0;
EBT;UF;2510006;0.0625;1;1;0;0;0;0;
EBT;UF;2510204;0.0625;1;1;0;0;0;0;
EBT;UF;2510303;0.0625;1;1;0;0;0;0;
EBT;UF;2510402;0.0625;1;1;0;0;0;0;
EBT;UF;2510501;0.0625;1;1;0;0;0;0;
EBT;UF;2510600;0.0625;1;1;0;0;0;0;
EBT;UF;2510659;0.1875;3;3;0;0;0;0;
EBT;UF;2510709;0.0625;1;1;0;0;0;0;
EBT;UF;2510808;0.3750;3;3;0;0;0;0;
EBT;UF;2510907;0.0625;1;1;0;0;0;0;
EBT;UF;2511004;1.0625;2;1;1;0;0;0;
EBT;UF;2511103;0.0625;1;1;0;0;0;0;
EBT;UF;2511202;0.2500;4;4;0;0;0;0;
EBT;UF;2511301;0.1875;3;3;0;0;0;0;
EBT;UF;2511400;0.2500;4;4;0;0;0;0;
EBT;UF;2511509;1.1875;4;3;1;0;0;0;
EBT;UF;2511608;0.1875;3;3;0;0;0;0;
EBT;UF;2511707;0.0625;1;1;0;0;0;0;
EBT;UF;2511806;0.1875;3;3;0;0;0;0;
EBT;UF;2512002;0.1250;2;2;0;0;0;0;
EBT;UF;2512101;0.1250;2;2;0;0;0;0;
EBT;UF;2512200;0.1875;3;3;0;0;0;0;
EBT;UF;2512309;1.1875;4;3;1;0;0;0;
EBT;UF;2512507;0.0625;1;1;0;0;0;0;
EBT;UF;2512705;0.1875;3;3;0;0;0;0;
EBT;UF;2512754;0.0625;1;1;0;0;0;0;
EBT;UF;2512788;1.0000;1;0;1;0;0;0;
EBT;UF;2512804;0.0625;1;1;0;0;0;0;
EBT;UF;2512903;0.8125;6;6;0;0;0;0;
EBT;UF;2513000;0.0625;1;1;0;0;0;0;
EBT;UF;2513208;0.0625;1;1;0;0;0;0;
EBT;UF;2513307;1.0684;2;1;1;0;0;0;
EBT;UF;2513406;0.1875;3;3;0;0;0;0;
EBT;UF;2513505;0.0625;1;1;0;0;0;0;
EBT;UF;2513604;0.1250;2;2;0;0;0;0;
EBT;UF;2513703;0.1250;2;2;0;0;0;0;
EBT;UF;2513802;0.0625;1;1;0;0;0;0;
EBT;UF;2513851;0.0625;1;1;0;0;0;0;
EBT;UF;2513901;0.1875;3;3;0;0;0;0;
EBT;UF;2514008;0.2500;4;4;0;0;0;0;
EBT;UF;2514107;0.0625;1;1;0;0;0;0;
EBT;UF;2514206;0.0625;1;1;0;0;0;0;
EBT;UF;2514305;0.0625;1;1;0;0;0;0;
EBT;UF;2514404;0.0625;1;1;0;0;0;0;
EBT;UF;2514503;0.1875;3;3;0;0;0;0;
EBT;UF;2514602;0.0625;1;1;0;0;0;0;
EBT;UF;2514701;0.0625;1;1;0;0;0;0;
EBT;UF;2514800;0.0625;1;1;0;0;0;0;
EBT;UF;2514909;0.1250;2;2;0;0;0;0;
EBT;UF;2515005;0.0625;1;1;0;0;0;0;
EBT;UF;2515104;0.0625;1;1;0;0;0;0;
EBT;UF;2515203;0.0625;1;1;0;0;0;0;
EBT;UF;2515302;0.0625;1;1;0;0;0;0;
EBT;UF;2515500;1.1875;4;3;1;0;0;0;
EBT;UF;2515609;0.0625;1;1;0;0;0;0;
EBT;UF;2515708;0.0625;1;1;0;0;0;0;
EBT;UF;2515906;0.1875;3;3;0;0;0;0;
EBT;UF;2516003;0.0625;1;1;0;0;0;0;
EBT;UF;2516102;0.1250;2;2;0;0;0;0;
EBT;UF;2516201;0.1250;2;2;0;0;0;0;
EBT;UF;2516300;0.1250;2;2;0;0;0;0;
EBT;UF;2516409;0.0625;1;1;0;0;0;0;
EBT;UF;2516508;1.1875;4;3;1;0;0;0;
EBT;UF;2516607;0.0625;1;1;0;0;0;0;
EBT;UF;2516706;0.1875;3;3;0;0;0;0;
EBT;UF;2516805;0.0625;1;1;0;0;0;0;
EBT;UF;2516904;1.2500;5;4;1;0;0;0;
EBT;UF;2517001;0.1875;3;3;0;0;0;0;
EBT;UF;2517100;0.0625;1;1;0;0;0;0;
EBT;UF;2600054;0.0625;1;1;0;0;0;0;
EBT;UF;2600203;0.0625;1;1;0;0;0;0;
EBT;UF;2600500;0.5000;1;1;0;0;0;0;
EBT;UF;2600708;0.0625;1;1;0;0;0;0;
EBT;UF;2600906;0.0625;1;1;0;0;0;0;
EBT;UF;2601052;0.0625;1;1;0;0;0;0;
EBT;UF;2601607;0.5000;1;1;0;0;0;0;
EBT;UF;2602209;10.0625;6;1;5;0;0;0;
EBT;UF;2602605;2.5000;2;1;1;0;0;0;
EBT;UF;2602704;0.0625;1;1;0;0;0;0;
EBT;UF;2602902;0.3750;4;4;0;0;0;0;
EBT;UF;2603108;0.0625;1;1;0;0;0;0;
EBT;UF;2603207;0.5000;1;1;0;0;0;0;
EBT;UF;2603454;0.1250;1;1;0;0;0;0;
EBT;UF;2603603;0.0625;1;1;0;0;0;0;
EBT;UF;2603900;0.2500;1;1;0;0;0;0;
EBT;UF;2603926;0.2500;2;2;0;0;0;0;
EBT;UF;2604106;0.5000;1;1;0;0;0;0;
EBT;UF;2604155;0.0625;1;1;0;0;0;0;
EBT;UF;2604700;0.0625;1;1;0;0;0;0;
EBT;UF;2604908;0.0625;1;1;0;0;0;0;
EBT;UF;2605004;0.5000;1;1;0;0;0;0;
EBT;UF;2605152;0.0625;1;1;0;0;0;0;
EBT;UF;2605301;2.0000;1;0;1;0;0;0;
EBT;UF;2605400;0.0625;1;1;0;0;0;0;
EBT;UF;2605459;5.2500;5;1;4;0;0;0;
EBT;UF;2605509;0.0625;1;1;0;0;0;0;
EBT;UF;2605608;1.0000;2;2;0;0;0;0;
EBT;UF;2606002;2.2500;2;1;1;0;0;0;
EBT;UF;2606200;0.0625;1;1;0;0;0;0;
EBT;UF;2606606;0.7500;3;3;0;0;0;0;
EBT;UF;2606804;0.1250;1;1;0;0;0;0;
EBT;UF;2607208;0.0625;1;1;0;0;0;0;
EBT;UF;2607307;0.1250;1;1;0;0;0;0;
EBT;UF;2607604;0.0625;1;1;0;0;0;0;
EBT;UF;2607653;0.0625;1;1;0;0;0;0;
EBT;UF;2607752;0.0625;1;1;0;0;0;0;
EBT;UF;2607901;0.2500;3;3;0;0;0;0;
EBT;UF;2608107;0.0625;1;1;0;0;0;0;
EBT;UF;2608453;0.0625;1;1;0;0;0;0;
EBT;UF;2608750;0.0625;1;1;0;0;0;0;
EBT;UF;2609006;0.0625;1;1;0;0;0;0;
EBT;UF;2609105;0.0625;1;1;0;0;0;0;
EBT;UF;2609402;0.1875;2;2;0;0;0;0;
EBT;UF;2609709;0.0625;1;1;0;0;0;0;
EBT;UF;2609907;0.1250;1;1;0;0;0;0;
EBT;UF;2610509;0.1250;2;2;0;0;0;0;
EBT;UF;2610707;0.0625;1;1;0;0;0;0;
EBT;UF;2610905;0.1250;1;1;0;0;0;0;
EBT;UF;2611101;4.5625;4;2;2;0;0;0;
EBT;UF;2611507;0.0625;1;1;0;0;0;0;
EBT;UF;2611606;3.0000;3;2;1;0;0;0;
EBT;UF;2611804;0.0625;1;1;0;0;0;0;
EBT;UF;2612109;0.0625;1;1;0;0;0;0;
EBT;UF;2612505;2.0000;1;0;1;0;0;0;
EBT;UF;2612554;0.0625;1;1;0;0;0;0;
EBT;UF;2613107;0.0625;1;1;0;0;0;0;
EBT;UF;2613206;0.5000;1;1;0;0;0;0;
EBT;UF;2613503;0.5000;1;1;0;0;0;0;
EBT;UF;2613701;0.0625;1;1;0;0;0;0;
EBT;UF;2613800;0.0625;1;1;0;0;0;0;
EBT;UF;2614204;0.0625;1;1;0;0;0;0;
EBT;UF;2614501;3.0000;2;0;2;0;0;0;
EBT;UF;2614857;0.3750;2;2;0;0;0;0;
EBT;UF;2615300;0.0625;1;1;0;0;0;0;
EBT;UF;2615409;0.2500;1;1;0;0;0;0;
EBT;UF;2615607;0.5000;1;1;0;0;0;0;
EBT;UF;2616183;0.0625;1;1;0;0;0;0;
EBT;UF;2616308;0.0625;1;1;0;0;0;0;
EBT;UF;2700102;1.0625;2;1;1;0;0;0;
EBT;UF;2700201;0.0625;1;1;0;0;0;0;
EBT;UF;2700300;0.1875;3;3;0;0;0;0;
EBT;UF;2700409;0.1250;2;2;0;0;0;0;
EBT;UF;2700508;1.5000;2;1;1;0;0;0;
EBT;UF;2700607;2.0000;2;0;2;0;0;0;
EBT;UF;2700706;1.1250;3;2;1;0;0;0;
EBT;UF;2700805;0.0625;1;1;0;0;0;0;
EBT;UF;2700904;0.0625;1;1;0;0;0;0;
EBT;UF;2701001;0.1250;2;2;0;0;0;0;
EBT;UF;2701100;1.0625;2;1;1;0;0;0;
EBT;UF;2701209;0.0625;1;1;0;0;0;0;
EBT;UF;2701308;0.0625;1;1;0;0;0;0;
EBT;UF;2701357;0.0625;1;1;0;0;0;0;
EBT;UF;2701407;0.1250;2;2;0;0;0;0;
EBT;UF;2701506;0.0625;1;1;0;0;0;0;
EBT;UF;2701605;0.1250;2;2;0;0;0;0;
EBT;UF;2701704;1.1250;3;2;1;0;0;0;
EBT;UF;2701803;1.0625;2;1;1;0;0;0;
EBT;UF;2701902;0.0625;1;1;0;0;0;0;
EBT;UF;2702009;0.0625;1;1;0;0;0;0;
EBT;UF;2702108;1.0625;2;1;1;0;0;0;
EBT;UF;2702207;1.0000;1;0;1;0;0;0;
EBT;UF;2702306;0.1875;3;3;0;0;0;0;
EBT;UF;2702355;0.0625;1;1;0;0;0;0;
EBT;UF;2702405;0.6875;4;4;0;0;0;0;
EBT;UF;2702504;1.0625;2;1;1;0;0;0;
EBT;UF;2702553;0.0625;1;1;0;0;0;0;
EBT;UF;2702603;0.0625;1;1;0;0;0;0;
EBT;UF;2702702;1.0625;2;1;1;0;0;0;
EBT;UF;2702900;0.0625;1;1;0;0;0;0;
EBT;UF;2703106;0.0625;1;1;0;0;0;0;
EBT;UF;2703205;0.5625;2;2;0;0;0;0;
EBT;UF;2703304;0.0625;1;1;0;0;0;0;
EBT;UF;2703403;1.0625;2;1;1;0;0;0;
EBT;UF;2703502;1.0000;1;0;1;0;0;0;
EBT;UF;2703700;0.0625;1;1;0;0;0;0;
EBT;UF;2703809;0.0625;1;1;0;0;0;0;
EBT;UF;2703908;0.0625;1;1;0;0;0;0;
EBT;UF;2704005;0.0625;1;1;0;0;0;0;
EBT;UF;2704104;1.0625;2;1;1;0;0;0;
EBT;UF;2704203;0.5625;2;2;0;0;0;0;
EBT;UF;2704302;2.1875;13;12;1;0;0;0;
EBT;UF;2704401;0.0625;1;1;0;0;0;0;
EBT;UF;2704500;0.1250;2;2;0;0;0;0;
EBT;UF;2704609;0.5000;1;1;0;0;0;0;
EBT;UF;2704708;0.0625;1;1;0;0;0;0;
EBT;UF;2704807;1.0000;1;0;1;0;0;0;
EBT;UF;2704906;0.0625;1;1;0;0;0;0;
EBT;UF;2705002;0.1250;2;2;0;0;0;0;
EBT;UF;2705101;0.0625;1;1;0;0;0;0;
EBT;UF;2705200;1.0000;1;0;1;0;0;0;
EBT;UF;2705309;0.0625;1;1;0;0;0;0;
EBT;UF;2705408;1.0625;2;1;1;0;0;0;
EBT;UF;2705507;0.0625;1;1;0;0;0;0;
EBT;UF;2705705;0.0625;1;1;0;0;0;0;
EBT;UF;2705804;0.0625;1;1;0;0;0;0;
EBT;UF;2705903;0.0625;1;1;0;0;0;0;
EBT;UF;2706000;0.0625;1;1;0;0;0;0;
EBT;UF;2706109;0.0625;1;1;0;0;0;0;
EBT;UF;2706208;0.0625;1;1;0;0;0;0;
EBT;UF;2706307;0.0625;1;1;0;0;0;0;
EBT;UF;2706406;0.1250;2;2;0;0;0;0;
EBT;UF;2706422;6.0625;7;1;6;0;0;0;
EBT;UF;2706448;1.0000;1;0;1;0;0;0;
EBT;UF;2706505;1.0000;1;0;1;0;0;0;
EBT;UF;2706703;0.0625;1;1;0;0;0;0;
EBT;UF;2706802;1.3125;3;2;1;0;0;0;
EBT;UF;2706901;0.0625;1;1;0;0;0;0;
EBT;UF;2707008;0.0625;1;1;0;0;0;0;
EBT;UF;2707107;0.0625;1;1;0;0;0;0;
EBT;UF;2707206;0.0625;1;1;0;0;0;0;
EBT;UF;2707305;0.5625;2;2;0;0;0;0;
EBT;UF;2707503;1.0000;1;0;1;0;0;0;
EBT;UF;2707602;0.3125;2;2;0;0;0;0;
EBT;UF;2707701;0.1875;2;2;0;0;0;0;
EBT;UF;2708006;0.1797;3;3;0;0;0;0;
EBT;UF;2708105;0.0625;1;1;0;0;0;0;
EBT;UF;2708204;1.0625;2;1;1;0;0;0;
EBT;UF;2708303;0.0625;1;1;0;0;0;0;
EBT;UF;2708402;0.0625;1;1;0;0;0;0;
EBT;UF;2708501;0.0625;1;1;0;0;0;0;
EBT;UF;2708600;0.0625;1;1;0;0;0;0;
EBT;UF;2708709;1.0625;2;1;1;0;0;0;
EBT;UF;2708808;0.5625;2;2;0;0;0;0;
EBT;UF;2708907;1.0000;1;0;1;0;0;0;
EBT;UF;2708956;0.0625;1;1;0;0;0;0;
EBT;UF;2709004;1.5000;2;1;1;0;0;0;
EBT;UF;2709103;0.0625;1;1;0;0;0;0;
EBT;UF;2709152;0.6250;3;3;0;0;0;0;
EBT;UF;2709202;0.0625;1;1;0;0;0;0;
EBT;UF;2709301;0.0625;1;1;0;0;0;0;
EBT;UF;2709400;0.5625;2;2;0;0;0;0;
EBT;UF;2800308;1.1250;7;7;0;0;0;0;
EBT;UF;2800506;0.7500;2;2;0;0;0;0;
EBT;UF;2801108;0.0625;1;1;0;0;0;0;
EBT;UF;2801207;0.0625;1;1;0;0;0;0;
EBT;UF;2801405;0.2500;3;3;0;0;0;0;
EBT;UF;2802106;0.0078;1;1;0;0;0;0;
EBT;UF;2802205;0.0625;1;1;0;0;0;0;
EBT;UF;2802403;0.0625;1;1;0;0;0;0;
EBT;UF;2803203;0.0078;1;1;0;0;0;0;
EBT;UF;2803401;0.1250;2;2;0;0;0;0;
EBT;UF;2803807;0.1875;2;2;0;0;0;0;
EBT;UF;2804003;0.0625;1;1;0;0;0;0;
EBT;UF;2804201;0.0625;1;1;0;0;0;0;
EBT;UF;2804409;0.0625;1;1;0;0;0;0;
EBT;UF;2804805;1.0625;3;3;0;0;0;0;
EBT;UF;2804904;0.6250;3;3;0;0;0;0;
EBT;UF;2805307;0.5000;1;1;0;0;0;0;
EBT;UF;2805406;0.5000;1;1;0;0;0;0;
EBT;UF;2805604;1.0625;2;1;1;0;0;0;
EBT;UF;2806008;0.0625;1;1;0;0;0;0;
EBT;UF;2806503;0.0625;1;1;0;0;0;0;
EBT;UF;2806701;0.1250;2;2;0;0;0;0;
EBT;UF;2806800;0.0625;1;1;0;0;0;0;
EBT;UF;2807402;0.5000;1;1;0;0;0;0;
EBT;UF;2900108;0.0625;1;1;0;0;0;0;
EBT;UF;2900355;0.0625;1;1;0;0;0;0;
EBT;UF;2900900;0.1250;1;1;0;0;0;0;
EBT;UF;2901205;0.5000;1;1;0;0;0;0;
EBT;UF;2901304;0.0625;1;1;0;0;0;0;
EBT;UF;2901502;0.0625;1;1;0;0;0;0;
EBT;UF;2901601;0.1309;2;2;0;0;0;0;
EBT;UF;2902906;0.5000;1;1;0;0;0;0;
EBT;UF;2903201;9.1250;6;3;2;1;0;0;
EBT;UF;2903409;0.0625;1;1;0;0;0;0;
EBT;UF;2903508;0.0625;1;1;0;0;0;0;
EBT;UF;2903904;0.7500;1;0;1;0;0;0;
EBT;UF;2904001;0.0625;1;1;0;0;0;0;
EBT;UF;2904100;0.2500;1;1;0;0;0;0;
EBT;UF;2904605;0.0625;1;1;0;0;0;0;
EBT;UF;2904704;0.5000;2;2;0;0;0;0;
EBT;UF;2904753;0.0625;1;1;0;0;0;0;
EBT;UF;2905404;0.1250;2;2;0;0;0;0;
EBT;UF;2905701;1.2500;5;5;0;0;0;0;
EBT;UF;2905800;0.2500;1;1;0;0;0;0;
EBT;UF;2905909;0.5000;1;1;0;0;0;0;
EBT;UF;2906006;0.5000;2;2;0;0;0;0;
EBT;UF;2906303;0.5000;1;1;0;0;0;0;
EBT;UF;2906501;0.6250;2;2;0;0;0;0;
EBT;UF;2906709;0.0625;1;1;0;0;0;0;
EBT;UF;2906907;1.1250;3;3;0;0;0;0;
EBT;UF;2907103;1.0000;1;0;1;0;0;0;
EBT;UF;2907202;0.2500;1;1;0;0;0;0;
EBT;UF;2907301;0.2500;1;1;0;0;0;0;
EBT;UF;2907806;0.2500;1;1;0;0;0;0;
EBT;UF;2907905;0.0625;1;1;0;0;0;0;
EBT;UF;2908002;0.2500;1;1;0;0;0;0;
EBT;UF;2908101;0.3125;2;2;0;0;0;0;
EBT;UF;2908606;0.1250;1;1;0;0;0;0;
EBT;UF;2908705;0.2500;1;1;0;0;0;0;
EBT;UF;2908804;1.0000;2;2;0;0;0;0;
EBT;UF;2909307;0.5625;3;3;0;0;0;0;
EBT;UF;2909406;0.1250;1;1;0;0;0;0;
EBT;UF;2909901;0.0625;1;1;0;0;0;0;
EBT;UF;2910503;0.2500;1;1;0;0;0;0;
EBT;UF;2910602;1.0625;3;3;0;0;0;0;
EBT;UF;2910701;0.3125;2;2;0;0;0;0;
EBT;UF;2910800;2.8750;5;4;1;0;0;0;
EBT;UF;2911105;2.0000;1;0;1;0;0;0;
EBT;UF;2911204;0.2500;1;1;0;0;0;0;
EBT;UF;2911709;3.0000;3;2;1;0;0;0;
EBT;UF;2911808;0.0625;1;1;0;0;0;0;
EBT;UF;2912103;0.3125;2;2;0;0;0;0;
EBT;UF;2912202;0.0625;1;1;0;0;0;0;
EBT;UF;2912400;0.2500;1;1;0;0;0;0;
EBT;UF;2913200;0.0625;1;1;0;0;0;0;
EBT;UF;2913408;0.1250;1;1;0;0;0;0;
EBT;UF;2913507;0.0625;1;1;0;0;0;0;
EBT;UF;2914000;0.2500;1;1;0;0;0;0;
EBT;UF;2914307;0.1250;1;1;0;0;0;0;
EBT;UF;2914604;0.9375;5;5;0;0;0;0;
EBT;UF;2914653;0.1250;2;2;0;0;0;0;
EBT;UF;2914703;0.2500;1;1;0;0;0;0;
EBT;UF;2914802;0.3125;2;2;0;0;0;0;
EBT;UF;2914901;0.5000;2;2;0;0;0;0;
EBT;UF;2915205;0.0547;1;1;0;0;0;0;
EBT;UF;2915700;0.0625;1;1;0;0;0;0;
EBT;UF;2916203;0.0625;1;1;0;0;0;0;
EBT;UF;2917003;0.2500;1;1;0;0;0;0;
EBT;UF;2917102;0.0625;1;1;0;0;0;0;
EBT;UF;2918001;0.5000;1;1;0;0;0;0;
EBT;UF;2918407;2.5625;8;8;0;0;0;0;
EBT;UF;2918456;2.1250;2;1;1;0;0;0;
EBT;UF;2919207;0.0625;1;1;0;0;0;0;
EBT;UF;2919405;0.2500;1;1;0;0;0;0;
EBT;UF;2919553;0.5000;1;1;0;0;0;0;
EBT;UF;2919801;0.0625;1;1;0;0;0;0;
EBT;UF;2920452;0.1875;2;2;0;0;0;0;
EBT;UF;2920502;0.0625;1;1;0;0;0;0;
EBT;UF;2920700;0.1250;2;2;0;0;0;0;
EBT;UF;2921005;1.0000;1;0;1;0;0;0;
EBT;UF;2921104;0.0625;1;1;0;0;0;0;
EBT;UF;2921203;0.0625;1;1;0;0;0;0;
EBT;UF;2921500;0.0625;1;1;0;0;0;0;
EBT;UF;2921708;0.0625;1;1;0;0;0;0;
EBT;UF;2921906;0.0625;1;1;0;0;0;0;
EBT;UF;2922003;0.3125;2;2;0;0;0;0;
EBT;UF;2923100;0.0625;1;1;0;0;0;0;
EBT;UF;2923209;1.0625;2;1;1;0;0;0;
EBT;UF;2923407;0.0625;1;1;0;0;0;0;
EBT;UF;2923506;0.5000;1;1;0;0;0;0;
EBT;UF;2923605;0.2500;1;1;0;0;0;0;
EBT;UF;2924009;2.0000;3;2;1;0;0;0;
EBT;UF;2924207;0.1250;1;1;0;0;0;0;
EBT;UF;2924405;1.0000;1;0;1;0;0;0;
EBT;UF;2924652;0.0625;1;1;0;0;0;0;
EBT;UF;2924900;0.1406;1;1;0;0;0;0;
EBT;UF;2925303;2.1250;4;3;1;0;0;0;
EBT;UF;2925501;0.5000;1;1;0;0;0;0;
EBT;UF;2925709;0.1250;1;1;0;0;0;0;
EBT;UF;2925956;0.0625;1;1;0;0;0;0;
EBT;UF;2926004;0.0625;1;1;0;0;0;0;
EBT;UF;2926509;0.0625;1;1;0;0;0;0;
EBT;UF;2926608;0.6875;3;3;0;0;0;0;
EBT;UF;2927101;0.2500;1;1;0;0;0;0;
EBT;UF;2927408;1.2578;8;8;0;0;0;0;
EBT;UF;2927804;0.0625;1;1;0;0;0;0;
EBT;UF;2928059;1.0000;1;0;1;0;0;0;
EBT;UF;2928109;0.2500;1;1;0;0;0;0;
EBT;UF;2928406;1.5625;3;2;1;0;0;0;
EBT;UF;2928703;0.0625;1;1;0;0;0;0;
EBT;UF;2928802;0.5625;3;3;0;0;0;0;
EBT;UF;2928901;1.6250;8;8;0;0;0;0;
EBT;UF;2929206;0.0625;1;1;0;0;0;0;
EBT;UF;2929909;0.5000;1;1;0;0;0;0;
EBT;UF;2930154;0.1250;2;2;0;0;0;0;
EBT;UF;2930204;2.0000;1;0;1;0;0;0;
EBT;UF;2931004;0.2500;1;1;0;0;0;0;
EBT;UF;2931707;0.3750;3;3;0;0;0;0;
EBT;UF;2931905;0.2500;1;1;0;0;0;0;
EBT;UF;2932002;1.0000;1;0;1;0;0;0;
EBT;UF;2932200;0.0625;1;1;0;0;0;0;
EBT;UF;2932606;0.1250;1;1;0;0;0;0;
EBT;UF;2932903;0.5000;1;1;0;0;0;0;
EBT;UF;2933307;0.5000;1;1;0;0;0;0;
EBT;UF;2933604;0.3125;2;2;0;0;0;0;
EBT;UF;3100708;0.1250;1;1;0;0;0;0;
EBT;UF;3101003;0.5000;1;1;0;0;0;0;
EBT;UF;3101102;0.2500;1;1;0;0;0;0;
EBT;UF;3101300;0.0625;1;1;0;0;0;0;
EBT;UF;3101409;0.1250;1;1;0;0;0;0;
EBT;UF;3101508;0.7500;2;2;0;0;0;0;
EBT;UF;3101607;0.2500;1;1;0;0;0;0;
EBT;UF;3102100;0.2500;1;1;0;0;0;0;
EBT;UF;3102209;0.0625;1;1;0;0;0;0;
EBT;UF;3102506;0.1250;2;2;0;0;0;0;
EBT;UF;3102605;0.3750;1;1;0;0;0;0;
EBT;UF;3102852;0.1250;1;1;0;0;0;0;
EBT;UF;3103009;0.3750;3;3;0;0;0;0;
EBT;UF;3103405;4.1250;3;1;2;0;0;0;
EBT;UF;3103504;1.1250;7;7;0;0;0;0;
EBT;UF;3103603;0.0625;1;1;0;0;0;0;
EBT;UF;3103702;0.1250;1;1;0;0;0;0;
EBT;UF;3104007;2.1875;6;6;0;0;0;0;
EBT;UF;3104106;0.5000;1;1;0;0;0;0;
EBT;UF;3104205;1.3125;3;2;1;0;0;0;
EBT;UF;3104304;0.6250;2;2;0;0;0;0;
EBT;UF;3104601;0.0625;1;1;0;0;0;0;
EBT;UF;3105103;0.1250;2;2;0;0;0;0;
EBT;UF;3105202;0.1250;1;1;0;0;0;0;
EBT;UF;3105400;0.2500;1;1;0;0;0;0;
EBT;UF;3105608;0.2500;2;2;0;0;0;0;
EBT;UF;3105707;0.0625;1;1;0;0;0;0;
EBT;UF;3105905;0.2500;1;1;0;0;0;0;
EBT;UF;3106200;2.1875;11;11;0;0;0;0;
EBT;UF;3106309;0.2500;2;2;0;0;0;0;
EBT;UF;3106655;0.1250;1;1;0;0;0;0;
EBT;UF;3106705;2.7500;4;2;2;0;0;0;
EBT;UF;3106804;0.0625;1;1;0;0;0;0;
EBT;UF;3107000;0.0625;1;1;0;0;0;0;
EBT;UF;3107109;0.3750;2;2;0;0;0;0;
EBT;UF;3107406;0.5000;4;4;0;0;0;0;
EBT;UF;3107604;0.1875;2;2;0;0;0;0;
EBT;UF;3107703;0.1250;1;1;0;0;0;0;
EBT;UF;3108206;0.4375;3;3;0;0;0;0;
EBT;UF;3108305;0.5625;2;2;0;0;0;0;
EBT;UF;3108602;0.3750;2;2;0;0;0;0;
EBT;UF;3108701;0.0625;1;1;0;0;0;0;
EBT;UF;3108800;0.0625;1;1;0;0;0;0;
EBT;UF;3108909;0.5000;1;1;0;0;0;0;
EBT;UF;3109105;0.1250;1;1;0;0;0;0;
EBT;UF;3109253;0.0625;1;1;0;0;0;0;
EBT;UF;3109303;0.2500;1;1;0;0;0;0;
EBT;UF;3109402;0.1250;1;1;0;0;0;0;
EBT;UF;3109451;0.0625;1;1;0;0;0;0;
EBT;UF;3109501;0.5000;1;1;0;0;0;0;
EBT;UF;3109600;0.0625;1;1;0;0;0;0;
EBT;UF;3109808;0.0625;1;1;0;0;0;0;
EBT;UF;3110004;0.5000;2;2;0;0;0;0;
EBT;UF;3110202;0.0625;1;1;0;0;0;0;
EBT;UF;3110301;0.8125;5;5;0;0;0;0;
EBT;UF;3110509;0.1250;2;2;0;0;0;0;
EBT;UF;3110608;0.7500;3;3;0;0;0;0;
EBT;UF;3110806;0.1250;1;1;0;0;0;0;
EBT;UF;3111002;0.5000;1;1;0;0;0;0;
EBT;UF;3111150;0.1250;1;1;0;0;0;0;
EBT;UF;3111309;0.5625;2;2;0;0;0;0;
EBT;UF;3111606;0.5000;1;1;0;0;0;0;
EBT;UF;3111705;0.1250;2;2;0;0;0;0;
EBT;UF;3112208;0.0625;1;1;0;0;0;0;
EBT;UF;3112307;0.2500;1;1;0;0;0;0;
EBT;UF;3112406;0.3750;1;1;0;0;0;0;
EBT;UF;3112505;0.3125;2;2;0;0;0;0;
EBT;UF;3112653;0.2500;1;1;0;0;0;0;
EBT;UF;3112802;0.0625;1;1;0;0;0;0;
EBT;UF;3113008;0.5000;1;1;0;0;0;0;
EBT;UF;3113404;1.8750;6;5;1;0;0;0;
EBT;UF;3113503;0.0625;1;1;0;0;0;0;
EBT;UF;3113701;0.5000;1;1;0;0;0;0;
EBT;UF;3113909;0.1250;1;1;0;0;0;0;
EBT;UF;3114303;0.1250;1;1;0;0;0;0;
EBT;UF;3114402;0.1875;3;3;0;0;0;0;
EBT;UF;3114501;0.1875;2;2;0;0;0;0;
EBT;UF;3114550;0.2500;1;1;0;0;0;0;
EBT;UF;3114907;0.1250;2;2;0;0;0;0;
EBT;UF;3115003;0.6250;2;2;0;0;0;0;
EBT;UF;3115102;0.1250;1;1;0;0;0;0;
EBT;UF;3115201;0.0625;1;1;0;0;0;0;
EBT;UF;3115409;0.1250;1;1;0;0;0;0;
EBT;UF;3115474;0.0625;1;1;0;0;0;0;
EBT;UF;3115508;0.3750;4;4;0;0;0;0;
EBT;UF;3115607;0.1875;2;2;0;0;0;0;
EBT;UF;3115904;0.0625;1;1;0;0;0;0;
EBT;UF;3116001;0.0625;1;1;0;0;0;0;
EBT;UF;3116159;0.2500;3;3;0;0;0;0;
EBT;UF;3116308;0.0625;1;1;0;0;0;0;
EBT;UF;3116407;0.0625;1;1;0;0;0;0;
EBT;UF;3116605;0.6250;3;3;0;0;0;0;
EBT;UF;3116704;0.0625;1;1;0;0;0;0;
EBT;UF;3116803;0.1875;2;2;0;0;0;0;
EBT;UF;3116902;0.1250;1;1;0;0;0;0;
EBT;UF;3117009;0.1250;1;1;0;0;0;0;
EBT;UF;3117108;0.2500;4;4;0;0;0;0;
EBT;UF;3117207;0.1250;1;1;0;0;0;0;
EBT;UF;3117306;0.3750;2;2;0;0;0;0;
EBT;UF;3117405;0.0625;1;1;0;0;0;0;
EBT;UF;3117504;0.2500;1;1;0;0;0;0;
EBT;UF;3118007;1.4375;5;4;1;0;0;0;
EBT;UF;3118106;0.1875;2;2;0;0;0;0;
EBT;UF;3118205;1.0000;2;2;0;0;0;0;
EBT;UF;3118502;0.1250;2;2;0;0;0;0;
EBT;UF;3118601;0.5625;2;2;0;0;0;0;
EBT;UF;3119005;0.1875;2;2;0;0;0;0;
EBT;UF;3119104;0.2500;1;1;0;0;0;0;
EBT;UF;3119302;0.5000;1;1;0;0;0;0;
EBT;UF;3119401;1.0625;3;3;0;0;0;0;
EBT;UF;3119609;0.1250;2;2;0;0;0;0;
EBT;UF;3119708;0.0625;1;1;0;0;0;0;
EBT;UF;3119807;0.5625;3;3;0;0;0;0;
EBT;UF;3120003;0.0625;1;1;0;0;0;0;
EBT;UF;3120102;0.1250;2;2;0;0;0;0;
EBT;UF;3120151;0.1250;2;2;0;0;0;0;
EBT;UF;3120409;0.0625;1;1;0;0;0;0;
EBT;UF;3120508;0.5000;1;1;0;0;0;0;
EBT;UF;3120607;0.2500;1;1;0;0;0;0;
EBT;UF;3120706;0.0625;1;1;0;0;0;0;
EBT;UF;3120805;0.1250;1;1;0;0;0;0;
EBT;UF;3120839;0.0625;1;1;0;0;0;0;
EBT;UF;3120870;0.1250;1;1;0;0;0;0;
EBT;UF;3120904;0.3750;2;2;0;0;0;0;
EBT;UF;3121001;0.0625;1;1;0;0;0;0;
EBT;UF;3121100;0.3750;1;1;0;0;0;0;
EBT;UF;3121258;0.1250;1;1;0;0;0;0;
EBT;UF;3121308;0.0625;1;1;0;0;0;0;
EBT;UF;3121407;0.1875;3;3;0;0;0;0;
EBT;UF;3121506;0.0625;1;1;0;0;0;0;
EBT;UF;3121605;2.5000;3;1;2;0;0;0;
EBT;UF;3121704;0.0625;1;1;0;0;0;0;
EBT;UF;3121902;0.0625;1;1;0;0;0;0;
EBT;UF;3122306;0.1250;1;1;0;0;0;0;
EBT;UF;3122454;0.4375;4;4;0;0;0;0;
EBT;UF;3122504;0.0625;1;1;0;0;0;0;
EBT;UF;3122702;0.0625;1;1;0;0;0;0;
EBT;UF;3122900;0.3125;2;2;0;0;0;0;
EBT;UF;3123205;0.3750;3;3;0;0;0;0;
EBT;UF;3123304;0.0625;1;1;0;0;0;0;
EBT;UF;3123403;0.0625;1;1;0;0;0;0;
EBT;UF;3123502;0.1250;1;1;0;0;0;0;
EBT;UF;3123601;0.5000;1;1;0;0;0;0;
EBT;UF;3123858;0.1875;3;3;0;0;0;0;
EBT;UF;3124005;0.1250;1;1;0;0;0;0;
EBT;UF;3124104;0.3750;2;2;0;0;0;0;
EBT;UF;3124203;0.2500;3;3;0;0;0;0;
EBT;UF;3124401;0.0625;1;1;0;0;0;0;
EBT;UF;3124609;0.2500;1;1;0;0;0;0;
EBT;UF;3124708;0.0625;1;1;0;0;0;0;
EBT;UF;3124807;0.0625;1;1;0;0;0;0;
EBT;UF;3124906;0.0625;1;1;0;0;0;0;
EBT;UF;3125101;0.2500;1;1;0;0;0;0;
EBT;UF;3125200;0.1875;2;2;0;0;0;0;
EBT;UF;3125309;0.0625;1;1;0;0;0;0;
EBT;UF;3125606;0.3750;3;3;0;0;0;0;
EBT;UF;3125705;0.4375;4;4;0;0;0;0;
EBT;UF;3125804;0.0625;1;1;0;0;0;0;
EBT;UF;3125952;1.0000;5;5;0;0;0;0;
EBT;UF;3126000;0.2500;1;1;0;0;0;0;
EBT;UF;3126109;1.0000;3;3;0;0;0;0;
EBT;UF;3126208;0.0625;1;1;0;0;0;0;
EBT;UF;3126703;0.2500;1;1;0;0;0;0;
EBT;UF;3126752;0.1875;3;3;0;0;0;0;
EBT;UF;3126802;0.0625;1;1;0;0;0;0;
EBT;UF;3126901;0.2500;1;1;0;0;0;0;
EBT;UF;3126950;0.1250;1;1;0;0;0;0;
EBT;UF;3127008;0.5000;1;1;0;0;0;0;
EBT;UF;3127073;0.0625;1;1;0;0;0;0;
EBT;UF;3127107;0.7500;4;4;0;0;0;0;
EBT;UF;3127354;0.1250;1;1;0;0;0;0;
EBT;UF;3127370;0.0625;1;1;0;0;0;0;
EBT;UF;3127388;0.6875;3;3;0;0;0;0;
EBT;UF;3127404;0.3750;1;1;0;0;0;0;
EBT;UF;3127701;4.0625;16;15;1;0;0;0;
EBT;UF;3127800;0.8125;3;3;0;0;0;0;
EBT;UF;3127909;0.1250;1;1;0;0;0;0;
EBT;UF;3128006;0.3750;2;2;0;0;0;0;
EBT;UF;3128204;0.1875;3;3;0;0;0;0;
EBT;UF;3128253;0.1250;1;1;0;0;0;0;
EBT;UF;3128303;0.1250;1;1;0;0;0;0;
EBT;UF;3128600;0.1250;2;2;0;0;0;0;
EBT;UF;3129509;0.5000;1;1;0;0;0;0;
EBT;UF;3129608;0.2500;3;3;0;0;0;0;
EBT;UF;3129657;0.0625;1;1;0;0;0;0;
EBT;UF;3129806;0.3125;2;2;0;0;0;0;
EBT;UF;3129905;0.1250;2;2;0;0;0;0;
EBT;UF;3130002;0.1250;1;1;0;0;0;0;
EBT;UF;3130051;0.0625;1;1;0;0;0;0;
EBT;UF;3130101;0.0625;1;1;0;0;0;0;
EBT;UF;3130309;0.0625;1;1;0;0;0;0;
EBT;UF;3130507;0.0625;1;1;0;0;0;0;
EBT;UF;3130556;0.1875;2;2;0;0;0;0;
EBT;UF;3130655;0.0625;1;1;0;0;0;0;
EBT;UF;3131109;0.0625;1;1;0;0;0;0;
EBT;UF;3131208;0.2500;1;1;0;0;0;0;
EBT;UF;3131307;0.1250;1;1;0;0;0;0;
EBT;UF;3131703;2.0625;3;1;2;0;0;0;
EBT;UF;3131802;0.0625;1;1;0;0;0;0;
EBT;UF;3131901;0.2500;1;1;0;0;0;0;
EBT;UF;3132107;0.8750;5;5;0;0;0;0;
EBT;UF;3132602;0.0625;1;1;0;0;0;0;
EBT;UF;3133006;0.7500;2;2;0;0;0;0;
EBT;UF;3133105;0.7500;3;3;0;0;0;0;
EBT;UF;3133204;0.2500;1;1;0;0;0;0;
EBT;UF;3133402;0.3125;5;5;0;0;0;0;
EBT;UF;3133709;0.3750;2;2;0;0;0;0;
EBT;UF;3133907;0.1250;2;2;0;0;0;0;
EBT;UF;3134103;0.0625;1;1;0;0;0;0;
EBT;UF;3134301;0.0625;1;1;0;0;0;0;
EBT;UF;3134608;1.0000;3;3;0;0;0;0;
EBT;UF;3134707;0.1250;1;1;0;0;0;0;
EBT;UF;3134905;0.5000;1;1;0;0;0;0;
EBT;UF;3135050;0.7500;3;3;0;0;0;0;
EBT;UF;3135076;0.0625;1;1;0;0;0;0;
EBT;UF;3135100;1.2500;2;1;1;0;0;0;
EBT;UF;3135308;0.0625;1;1;0;0;0;0;
EBT;UF;3135407;0.0625;1;1;0;0;0;0;
EBT;UF;3135605;0.0625;1;1;0;0;0;0;
EBT;UF;3136108;0.0625;1;1;0;0;0;0;
EBT;UF;3136207;1.3750;3;2;1;0;0;0;
EBT;UF;3136306;0.5000;2;2;0;0;0;0;
EBT;UF;3136405;0.1250;2;2;0;0;0;0;
EBT;UF;3136520;0.0625;1;1;0;0;0;0;
EBT;UF;3136603;0.2500;1;1;0;0;0;0;
EBT;UF;3136652;0.1250;1;1;0;0;0;0;
EBT;UF;3136702;1.0000;5;5;0;0;0;0;
EBT;UF;3136900;0.0625;1;1;0;0;0;0;
EBT;UF;3136959;0.3125;4;4;0;0;0;0;
EBT;UF;3137536;0.0625;1;1;0;0;0;0;
EBT;UF;3137601;1.0625;3;3;0;0;0;0;
EBT;UF;3137809;1.1875;6;6;0;0;0;0;
EBT;UF;3137908;0.0625;1;1;0;0;0;0;
EBT;UF;3138005;0.0625;1;1;0;0;0;0;
EBT;UF;3138104;0.0625;1;1;0;0;0;0;
EBT;UF;3138203;4.1250;8;6;2;0;0;0;
EBT;UF;3138401;0.6250;3;3;0;0;0;0;
EBT;UF;3138500;0.2500;1;1;0;0;0;0;
EBT;UF;3138609;0.2500;1;1;0;0;0;0;
EBT;UF;3138674;0.1250;2;2;0;0;0;0;
EBT;UF;3138682;0.2500;4;4;0;0;0;0;
EBT;UF;3138708;0.2500;2;2;0;0;0;0;
EBT;UF;3138906;0.0625;1;1;0;0;0;0;
EBT;UF;3139201;0.2500;2;2;0;0;0;0;
EBT;UF;3139300;0.2500;1;1;0;0;0;0;
EBT;UF;3139409;2.0000;1;0;1;0;0;0;
EBT;UF;3139508;0.7500;3;3;0;0;0;0;
EBT;UF;3140159;0.2500;1;1;0;0;0;0;
EBT;UF;3140209;0.1250;2;2;0;0;0;0;
EBT;UF;3140308;0.1250;1;1;0;0;0;0;
EBT;UF;3140407;0.0625;1;1;0;0;0;0;
EBT;UF;3140530;0.5625;2;2;0;0;0;0;
EBT;UF;3140555;0.0625;1;1;0;0;0;0;
EBT;UF;3140704;0.2500;1;1;0;0;0;0;
EBT;UF;3140803;0.3125;2;2;0;0;0;0;
EBT;UF;3140852;0.1875;2;2;0;0;0;0;
EBT;UF;3141108;0.2500;1;1;0;0;0;0;
EBT;UF;3141306;0.1875;2;2;0;0;0;0;
EBT;UF;3141504;0.0625;1;1;0;0;0;0;
EBT;UF;3141603;0.0625;1;1;0;0;0;0;
EBT;UF;3141702;0.5625;2;2;0;0;0;0;
EBT;UF;3142007;0.0625;1;1;0;0;0;0;
EBT;UF;3142106;0.0625;1;1;0;0;0;0;
EBT;UF;3142205;0.1250;1;1;0;0;0;0;
EBT;UF;3142254;0.1875;2;2;0;0;0;0;
EBT;UF;3142304;0.0625;1;1;0;0;0;0;
EBT;UF;3142502;0.2500;3;3;0;0;0;0;
EBT;UF;3142601;0.2500;2;2;0;0;0;0;
EBT;UF;3142700;0.2500;1;1;0;0;0;0;
EBT;UF;3142908;0.2500;2;2;0;0;0;0;
EBT;UF;3143005;0.1875;3;3;0;0;0;0;
EBT;UF;3143104;0.1250;1;1;0;0;0;0;
EBT;UF;3143153;0.1250;2;2;0;0;0;0;
EBT;UF;3143302;0.7500;4;4;0;0;0;0;
EBT;UF;3143401;0.5000;1;1;0;0;0;0;
EBT;UF;3143450;0.1250;1;1;0;0;0;0;
EBT;UF;3143500;0.3750;3;3;0;0;0;0;
EBT;UF;3143609;0.1875;2;2;0;0;0;0;
EBT;UF;3143807;0.0625;1;1;0;0;0;0;
EBT;UF;3143906;0.3750;2;2;0;0;0;0;
EBT;UF;3144003;0.1250;1;1;0;0;0;0;
EBT;UF;3144102;0.0625;1;1;0;0;0;0;
EBT;UF;3144300;0.5000;2;2;0;0;0;0;
EBT;UF;3144359;0.1250;2;2;0;0;0;0;
EBT;UF;3144375;0.1250;1;1;0;0;0;0;
EBT;UF;3144409;0.5000;1;1;0;0;0;0;
EBT;UF;3144607;0.1250;1;1;0;0;0;0;
EBT;UF;3144656;0.2500;4;4;0;0;0;0;
EBT;UF;3144672;0.1250;1;1;0;0;0;0;
EBT;UF;3144805;0.6250;4;4;0;0;0;0;
EBT;UF;3144904;0.1250;1;1;0;0;0;0;
EBT;UF;3145000;0.1250;1;1;0;0;0;0;
EBT;UF;3145059;0.1875;3;3;0;0;0;0;
EBT;UF;3145109;0.0625;1;1;0;0;0;0;
EBT;UF;3145356;0.0625;1;1;0;0;0;0;
EBT;UF;3145372;0.1250;1;1;0;0;0;0;
EBT;UF;3145604;0.3750;3;3;0;0;0;0;
EBT;UF;3145851;0.1250;2;2;0;0;0;0;
EBT;UF;3145877;0.0625;1;1;0;0;0;0;
EBT;UF;3145901;1.5000;3;2;1;0;0;0;
EBT;UF;3146107;1.1250;3;2;1;0;0;0;
EBT;UF;3146206;0.0625;1;1;0;0;0;0;
EBT;UF;3146503;0.0625;1;1;0;0;0;0;
EBT;UF;3146552;0.1875;2;2;0;0;0;0;
EBT;UF;3146602;0.1875;2;2;0;0;0;0;
EBT;UF;3146701;0.3125;2;2;0;0;0;0;
EBT;UF;3146750;0.0625;1;1;0;0;0;0;
EBT;UF;3146909;0.0625;1;1;0;0;0;0;
EBT;UF;3147006;1.3750;4;4;0;0;0;0;
EBT;UF;3147600;1.2500;4;4;0;0;0;0;
EBT;UF;3147709;0.0625;1;1;0;0;0;0;
EBT;UF;3147808;0.0625;1;1;0;0;0;0;
EBT;UF;3147907;0.5000;1;1;0;0;0;0;
EBT;UF;3148004;0.1250;1;1;0;0;0;0;
EBT;UF;3148103;0.5000;1;1;0;0;0;0;
EBT;UF;3148202;0.2500;3;3;0;0;0;0;
EBT;UF;3148301;0.0625;1;1;0;0;0;0;
EBT;UF;3148707;0.2500;1;1;0;0;0;0;
EBT;UF;3148756;0.0625;1;1;0;0;0;0;
EBT;UF;3148806;0.0625;1;1;0;0;0;0;
EBT;UF;3149101;0.5000;1;1;0;0;0;0;
EBT;UF;3149150;0.1250;2;2;0;0;0;0;
EBT;UF;3149309;1.2500;2;1;1;0;0;0;
EBT;UF;3149507;0.0625;1;1;0;0;0;0;
EBT;UF;3149804;0.5000;1;1;0;0;0;0;
EBT;UF;3149903;0.8750;3;3;0;0;0;0;
EBT;UF;3150000;0.1250;1;1;0;0;0;0;
EBT;UF;3150158;0.0625;1;1;0;0;0;0;
EBT;UF;3150208;0.0625;1;1;0;0;0;0;
EBT;UF;3150307;0.0625;1;1;0;0;0;0;
EBT;UF;3150406;0.3750;2;2;0;0;0;0;
EBT;UF;3150604;0.0625;1;1;0;0;0;0;
EBT;UF;3150901;0.0625;1;1;0;0;0;0;
EBT;UF;3151107;0.0625;1;1;0;0;0;0;
EBT;UF;3151206;1.5000;3;2;1;0;0;0;
EBT;UF;3151404;3.0000;3;0;3;0;0;0;
EBT;UF;3151602;0.1875;3;3;0;0;0;0;
EBT;UF;3151701;1.6875;5;4;1;0;0;0;
EBT;UF;3151800;0.8750;3;3;0;0;0;0;
EBT;UF;3151909;0.0625;1;1;0;0;0;0;
EBT;UF;3152006;0.2500;1;1;0;0;0;0;
EBT;UF;3152131;0.0625;1;1;0;0;0;0;
EBT;UF;3152170;0.0625;1;1;0;0;0;0;
EBT;UF;3152204;0.2500;1;1;0;0;0;0;
EBT;UF;3152303;0.0625;1;1;0;0;0;0;
EBT;UF;3152501;0.7500;4;4;0;0;0;0;
EBT;UF;3152600;0.2500;2;2;0;0;0;0;
EBT;UF;3152808;2.0000;1;0;1;0;0;0;
EBT;UF;3152907;0.5000;1;1;0;0;0;0;
EBT;UF;3153103;0.1250;2;2;0;0;0;0;
EBT;UF;3153202;0.1250;1;1;0;0;0;0;
EBT;UF;3153301;0.0625;1;1;0;0;0;0;
EBT;UF;3153608;1.2500;2;1;1;0;0;0;
EBT;UF;3153707;0.1875;2;2;0;0;0;0;
EBT;UF;3153806;0.0625;1;1;0;0;0;0;
EBT;UF;3154101;0.0625;1;1;0;0;0;0;
EBT;UF;3154150;0.0625;1;1;0;0;0;0;
EBT;UF;3154200;0.1250;1;1;0;0;0;0;
EBT;UF;3154309;0.6250;3;3;0;0;0;0;
EBT;UF;3154507;0.2500;1;1;0;0;0;0;
EBT;UF;3154606;0.8125;3;3;0;0;0;0;
EBT;UF;3154804;0.2500;1;1;0;0;0;0;
EBT;UF;3154903;0.4375;3;3;0;0;0;0;
EBT;UF;3155009;0.1875;2;2;0;0;0;0;
EBT;UF;3155108;0.1875;2;2;0;0;0;0;
EBT;UF;3155207;0.1250;2;2;0;0;0;0;
EBT;UF;3155306;0.2500;1;1;0;0;0;0;
EBT;UF;3155603;0.0625;1;1;0;0;0;0;
EBT;UF;3155702;0.1250;1;1;0;0;0;0;
EBT;UF;3155801;0.1250;1;1;0;0;0;0;
EBT;UF;3155900;0.0625;1;1;0;0;0;0;
EBT;UF;3156106;0.0625;1;1;0;0;0;0;
EBT;UF;3156452;0.0625;1;1;0;0;0;0;
EBT;UF;3156502;0.1875;2;2;0;0;0;0;
EBT;UF;3156700;1.6875;5;4;1;0;0;0;
EBT;UF;3156908;0.7500;2;2;0;0;0;0;
EBT;UF;3157005;0.2500;1;1;0;0;0;0;
EBT;UF;3157104;0.3125;2;2;0;0;0;0;
EBT;UF;3157252;0.1875;2;2;0;0;0;0;
EBT;UF;3157278;0.0625;1;1;0;0;0;0;
EBT;UF;3157302;0.0625;1;1;0;0;0;0;
EBT;UF;3157377;0.2500;2;2;0;0;0;0;
EBT;UF;3157401;0.0625;1;1;0;0;0;0;
EBT;UF;3157658;0.1250;2;2;0;0;0;0;
EBT;UF;3157807;0.2500;1;1;0;0;0;0;
EBT;UF;3158003;0.2500;1;1;0;0;0;0;
EBT;UF;3158300;0.1875;3;3;0;0;0;0;
EBT;UF;3158409;0.0625;1;1;0;0;0;0;
EBT;UF;3158706;0.0625;1;1;0;0;0;0;
EBT;UF;3158805;0.1250;1;1;0;0;0;0;
EBT;UF;3158953;0.0625;1;1;0;0;0;0;
EBT;UF;3159001;1.0000;3;3;0;0;0;0;
EBT;UF;3159100;0.0625;1;1;0;0;0;0;
EBT;UF;3159209;0.1875;3;3;0;0;0;0;
EBT;UF;3159308;0.0625;1;1;0;0;0;0;
EBT;UF;3159357;0.0625;1;1;0;0;0;0;
EBT;UF;3159407;0.0625;1;1;0;0;0;0;
EBT;UF;3160009;0.0625;1;1;0;0;0;0;
EBT;UF;3160108;0.1250;1;1;0;0;0;0;
EBT;UF;3160207;0.0625;1;1;0;0;0;0;
EBT;UF;3160306;0.0625;1;1;0;0;0;0;
EBT;UF;3160454;0.1875;2;2;0;0;0;0;
EBT;UF;3160603;0.1250;2;2;0;0;0;0;
EBT;UF;3160702;0.1250;1;1;0;0;0;0;
EBT;UF;3160900;0.0625;1;1;0;0;0;0;
EBT;UF;3160959;0.1875;2;2;0;0;0;0;
EBT;UF;3161007;0.2500;1;1;0;0;0;0;
EBT;UF;3161106;0.3750;3;3;0;0;0;0;
EBT;UF;3161403;0.0625;1;1;0;0;0;0;
EBT;UF;3161601;0.7500;11;11;0;0;0;0;
EBT;UF;3161650;0.1250;1;1;0;0;0;0;
EBT;UF;3161700;0.0625;1;1;0;0;0;0;
EBT;UF;3161908;0.1250;1;1;0;0;0;0;
EBT;UF;3162104;0.6250;2;2;0;0;0;0;
EBT;UF;3162203;0.0625;1;1;0;0;0;0;
EBT;UF;3162252;0.0625;1;1;0;0;0;0;
EBT;UF;3162450;0.1250;1;1;0;0;0;0;
EBT;UF;3162500;0.2500;2;2;0;0;0;0;
EBT;UF;3162575;0.1250;1;1;0;0;0;0;
EBT;UF;3162658;0.1250;1;1;0;0;0;0;
EBT;UF;3162708;1.0000;2;2;0;0;0;0;
EBT;UF;3162807;0.2500;1;1;0;0;0;0;
EBT;UF;3162906;1.0000;1;0;1;0;0;0;
EBT;UF;3162922;0.2500;1;1;0;0;0;0;
EBT;UF;3163003;0.1250;1;1;0;0;0;0;
EBT;UF;3163102;0.0625;1;1;0;0;0;0;
EBT;UF;3163300;0.1250;1;1;0;0;0;0;
EBT;UF;3163409;0.1875;3;3;0;0;0;0;
EBT;UF;3163508;0.0625;1;1;0;0;0;0;
EBT;UF;3163607;0.1250;1;1;0;0;0;0;
EBT;UF;3163706;1.5000;2;1;1;0;0;0;
EBT;UF;3163805;0.0625;1;1;0;0;0;0;
EBT;UF;3163904;0.0625;1;1;0;0;0;0;
EBT;UF;3164100;0.1875;2;2;0;0;0;0;
EBT;UF;3164308;0.0625;1;1;0;0;0;0;
EBT;UF;3164431;0.1250;1;1;0;0;0;0;
EBT;UF;3164472;0.0625;1;1;0;0;0;0;
EBT;UF;3164506;0.2500;2;2;0;0;0;0;
EBT;UF;3164605;0.1875;2;2;0;0;0;0;
EBT;UF;3164704;1.2500;4;4;0;0;0;0;
EBT;UF;3165206;0.1250;2;2;0;0;0;0;
EBT;UF;3165305;0.5000;2;2;0;0;0;0;
EBT;UF;3165537;0.1250;1;1;0;0;0;0;
EBT;UF;3165560;0.0625;1;1;0;0;0;0;
EBT;UF;3165578;0.1250;1;1;0;0;0;0;
EBT;UF;3166006;0.1875;2;2;0;0;0;0;
EBT;UF;3166204;0.0625;1;1;0;0;0;0;
EBT;UF;3166501;0.0625;1;1;0;0;0;0;
EBT;UF;3166956;0.1250;1;1;0;0;0;0;
EBT;UF;3167103;0.7500;2;2;0;0;0;0;
EBT;UF;3167202;0.7500;5;5;0;0;0;0;
EBT;UF;3167608;0.0625;1;1;0;0;0;0;
EBT;UF;3167707;0.1250;1;1;0;0;0;0;
EBT;UF;3167905;0.0625;1;1;0;0;0;0;
EBT;UF;3168002;1.2500;3;3;0;0;0;0;
EBT;UF;3168051;0.0625;1;1;0;0;0;0;
EBT;UF;3168507;0.0625;1;1;0;0;0;0;
EBT;UF;3168903;0.6250;2;2;0;0;0;0;
EBT;UF;3169059;0.6875;3;3;0;0;0;0;
EBT;UF;3169208;0.1250;1;1;0;0;0;0;
EBT;UF;3169307;2.1250;5;4;1;0;0;0;
EBT;UF;3169356;0.7500;4;4;0;0;0;0;
EBT;UF;3169406;0.3125;2;2;0;0;0;0;
EBT;UF;3169802;0.1250;2;2;0;0;0;0;
EBT;UF;3169901;0.7500;2;2;0;0;0;0;
EBT;UF;3170107;0.5000;2;2;0;0;0;0;
EBT;UF;3170404;1.5000;2;1;1;0;0;0;
EBT;UF;3170479;0.1250;1;1;0;0;0;0;
EBT;UF;3170503;0.1250;2;2;0;0;0;0;
EBT;UF;3170529;0.1875;3;3;0;0;0;0;
EBT;UF;3170602;0.0625;1;1;0;0;0;0;
EBT;UF;3170651;0.0625;1;1;0;0;0;0;
EBT;UF;3170750;0.1250;1;1;0;0;0;0;
EBT;UF;3171006;0.0625;1;1;0;0;0;0;
EBT;UF;3171030;0.0625;1;1;0;0;0;0;
EBT;UF;3171071;0.0625;1;1;0;0;0;0;
EBT;UF;3171154;0.0625;1;1;0;0;0;0;
EBT;UF;3171204;0.5000;2;2;0;0;0;0;
EBT;UF;3171402;0.0625;1;1;0;0;0;0;
EBT;UF;3171501;0.1250;1;1;0;0;0;0;
EBT;UF;3200102;0.1250;2;2;0;0;0;0;
EBT;UF;3200136;0.0625;1;1;0;0;0;0;
EBT;UF;3200169;0.0625;1;1;0;0;0;0;
EBT;UF;3200201;0.1250;2;2;0;0;0;0;
EBT;UF;3200300;0.0625;1;1;0;0;0;0;
EBT;UF;3200359;0.0625;1;1;0;0;0;0;
EBT;UF;3200409;0.1250;2;2;0;0;0;0;
EBT;UF;3200508;0.0625;1;1;0;0;0;0;
EBT;UF;3200607;0.1250;2;2;0;0;0;0;
EBT;UF;3200706;0.0625;1;1;0;0;0;0;
EBT;UF;3200805;0.2500;3;3;0;0;0;0;
EBT;UF;3200904;0.1250;2;2;0;0;0;0;
EBT;UF;3201001;0.1250;2;2;0;0;0;0;
EBT;UF;3201100;0.0625;1;1;0;0;0;0;
EBT;UF;3201159;0.1250;2;2;0;0;0;0;
EBT;UF;3201209;0.6250;3;3;0;0;0;0;
EBT;UF;3201308;0.1250;2;2;0;0;0;0;
EBT;UF;3201407;0.0625;1;1;0;0;0;0;
EBT;UF;3201506;0.1250;2;2;0;0;0;0;
EBT;UF;3201605;0.2500;1;1;0;0;0;0;
EBT;UF;3201704;0.0625;1;1;0;0;0;0;
EBT;UF;3201803;0.1875;3;3;0;0;0;0;
EBT;UF;3201902;0.3125;4;4;0;0;0;0;
EBT;UF;3202009;0.5625;3;3;0;0;0;0;
EBT;UF;3202108;0.1875;3;3;0;0;0;0;
EBT;UF;3202207;0.1875;3;3;0;0;0;0;
EBT;UF;3202256;0.0625;1;1;0;0;0;0;
EBT;UF;3202306;0.1250;2;2;0;0;0;0;
EBT;UF;3202405;0.2500;3;3;0;0;0;0;
EBT;UF;3202454;0.1250;2;2;0;0;0;0;
EBT;UF;3202504;0.1875;3;3;0;0;0;0;
EBT;UF;3202553;0.1250;2;2;0;0;0;0;
EBT;UF;3202603;0.0625;1;1;0;0;0;0;
EBT;UF;3202652;0.0625;1;1;0;0;0;0;
EBT;UF;3202702;0.1875;3;3;0;0;0;0;
EBT;UF;3202801;0.1250;2;2;0;0;0;0;
EBT;UF;3202900;0.0625;1;1;0;0;0;0;
EBT;UF;3203007;0.1250;2;2;0;0;0;0;
EBT;UF;3203056;0.1250;2;2;0;0;0;0;
EBT;UF;3203106;0.0625;1;1;0;0;0;0;
EBT;UF;3203130;0.1250;2;2;0;0;0;0;
EBT;UF;3203163;0.0625;1;1;0;0;0;0;
EBT;UF;3203205;1.3125;5;5;0;0;0;0;
EBT;UF;3203304;0.0625;1;1;0;0;0;0;
EBT;UF;3203320;0.1250;2;2;0;0;0;0;
EBT;UF;3203346;0.0625;1;1;0;0;0;0;
EBT;UF;3203353;0.0625;1;1;0;0;0;0;
EBT;UF;3203403;0.1250;2;2;0;0;0;0;
EBT;UF;3203502;0.1250;2;2;0;0;0;0;
EBT;UF;3203601;0.0625;1;1;0;0;0;0;
EBT;UF;3203700;0.0625;1;1;0;0;0;0;
EBT;UF;3203809;0.0625;1;1;0;0;0;0;
EBT;UF;3203908;0.0625;1;1;0;0;0;0;
EBT;UF;3204005;0.1250;2;2;0;0;0;0;
EBT;UF;3204054;0.0625;1;1;0;0;0;0;
EBT;UF;3204104;0.3750;3;3;0;0;0;0;
EBT;UF;3204203;0.1250;2;2;0;0;0;0;
EBT;UF;3204302;0.0625;1;1;0;0;0;0;
EBT;UF;3204351;0.0625;1;1;0;0;0;0;
EBT;UF;3204401;0.0625;1;1;0;0;0;0;
EBT;UF;3204500;0.2500;1;1;0;0;0;0;
EBT;UF;3204559;0.1250;2;2;0;0;0;0;
EBT;UF;3204609;0.3125;2;2;0;0;0;0;
EBT;UF;3204658;0.0625;1;1;0;0;0;0;
EBT;UF;3204708;0.1250;2;2;0;0;0;0;
EBT;UF;3204807;0.0625;1;1;0;0;0;0;
EBT;UF;3204906;0.5625;2;2;0;0;0;0;
EBT;UF;3205002;1.0000;9;9;0;0;0;0;
EBT;UF;3205010;0.3125;2;2;0;0;0;0;
EBT;UF;3205036;0.0625;1;1;0;0;0;0;
EBT;UF;3205069;0.1250;2;2;0;0;0;0;
EBT;UF;3205101;0.0625;1;1;0;0;0;0;
EBT;UF;3205150;0.0625;1;1;0;0;0;0;
EBT;UF;3205176;0.1250;2;2;0;0;0;0;
EBT;UF;3205200;0.2500;4;4;0;0;0;0;
EBT;UF;3205309;1.1875;16;16;0;0;0;0;
EBT;UF;3300100;0.5000;4;4;0;0;0;0;
EBT;UF;3300233;0.0625;1;1;0;0;0;0;
EBT;UF;3300308;0.2500;2;2;0;0;0;0;
EBT;UF;3300456;0.5625;2;2;0;0;0;0;
EBT;UF;3300704;0.1250;1;1;0;0;0;0;
EBT;UF;3300803;0.1250;1;1;0;0;0;0;
EBT;UF;3301009;0.7500;7;7;0;0;0;0;
EBT;UF;3301108;0.2500;1;1;0;0;0;0;
EBT;UF;3301306;0.3750;2;2;0;0;0;0;
EBT;UF;3301603;0.0625;1;1;0;0;0;0;
EBT;UF;3301702;0.0625;1;1;0;0;0;0;
EBT;UF;3302205;0.0625;1;1;0;0;0;0;
EBT;UF;3302254;1.5625;3;2;1;0;0;0;
EBT;UF;3302502;0.1250;1;1;0;0;0;0;
EBT;UF;3303203;0.1250;1;1;0;0;0;0;
EBT;UF;3303302;1.1250;2;1;1;0;0;0;
EBT;UF;3303401;0.0625;1;1;0;0;0;0;
EBT;UF;3303500;0.0625;1;1;0;0;0;0;
EBT;UF;3303609;0.1250;1;1;0;0;0;0;
EBT;UF;3303708;0.2500;2;2;0;0;0;0;
EBT;UF;3303807;1.0625;3;3;0;0;0;0;
EBT;UF;3303906;0.7500;3;3;0;0;0;0;
EBT;UF;3303955;0.1250;1;1;0;0;0;0;
EBT;UF;3304110;0.1250;1;1;0;0;0;0;
EBT;UF;3304201;0.5625;5;5;0;0;0;0;
EBT;UF;3304524;0.0625;1;1;0;0;0;0;
EBT;UF;3304557;6.5625;27;26;1;0;0;0;
EBT;UF;3305208;0.2500;2;2;0;0;0;0;
EBT;UF;3305406;0.1250;1;1;0;0;0;0;
EBT;UF;3305554;0.7500;2;2;0;0;0;0;
EBT;UF;3305604;0.2500;1;1;0;0;0;0;
EBT;UF;3305802;0.5000;1;1;0;0;0;0;
EBT;UF;3306008;0.1250;1;1;0;0;0;0;
EBT;UF;3306107;0.0625;1;1;0;0;0;0;
EBT;UF;3306206;0.0625;1;1;0;0;0;0;
EBT;UF;3306305;0.1250;1;1;0;0;0;0;
EBT;UF;3500600;0.0625;1;1;0;0;0;0;
EBT;UF;3502002;0.1250;1;1;0;0;0;0;
EBT;UF;3502101;0.0078;1;1;0;0;0;0;
EBT;UF;3502804;0.2500;1;1;0;0;0;0;
EBT;UF;3503208;1.1250;5;5;0;0;0;0;
EBT;UF;3503307;0.1563;3;3;0;0;0;0;
EBT;UF;3504107;0.8750;3;3;0;0;0;0;
EBT;UF;3504503;0.0625;1;1;0;0;0;0;
EBT;UF;3505401;0.0313;1;1;0;0;0;0;
EBT;UF;3505500;0.1250;1;1;0;0;0;0;
EBT;UF;3505708;0.3750;6;6;0;0;0;0;
EBT;UF;3506003;0.0625;1;1;0;0;0;0;
EBT;UF;3506300;0.0625;1;1;0;0;0;0;
EBT;UF;3506359;0.0625;1;1;0;0;0;0;
EBT;UF;3507506;0.0625;1;1;0;0;0;0;
EBT;UF;3507605;0.0625;1;1;0;0;0;0;
EBT;UF;3507803;0.1250;1;1;0;0;0;0;
EBT;UF;3508702;0.0313;1;1;0;0;0;0;
EBT;UF;3509254;2.0313;2;1;1;0;0;0;
EBT;UF;3509502;0.7188;5;5;0;0;0;0;
EBT;UF;3509908;0.2813;1;1;0;0;0;0;
EBT;UF;3510203;0.6250;2;2;0;0;0;0;
EBT;UF;3510401;0.5000;1;1;0;0;0;0;
EBT;UF;3510500;0.0625;1;1;0;0;0;0;
EBT;UF;3511508;0.0625;1;1;0;0;0;0;
EBT;UF;3512100;0.1250;1;1;0;0;0;0;
EBT;UF;3512209;0.6250;2;2;0;0;0;0;
EBT;UF;3513603;0.0625;1;1;0;0;0;0;
EBT;UF;3513801;2.0000;1;0;1;0;0;0;
EBT;UF;3515004;0.0625;1;1;0;0;0;0;
EBT;UF;3515103;0.0625;1;1;0;0;0;0;
EBT;UF;3516200;0.0625;1;1;0;0;0;0;
EBT;UF;3516408;0.2500;1;1;0;0;0;0;
EBT;UF;3518404;0.2500;3;3;0;0;0;0;
EBT;UF;3518701;0.0625;1;1;0;0;0;0;
EBT;UF;3518800;4.1875;5;3;2;0;0;0;
EBT;UF;3519055;0.0625;1;1;0;0;0;0;
EBT;UF;3519105;0.0625;1;1;0;0;0;0;
EBT;UF;3519303;0.0625;1;1;0;0;0;0;
EBT;UF;3519709;0.0625;1;1;0;0;0;0;
EBT;UF;3520301;0.0625;1;1;0;0;0;0;
EBT;UF;3521101;0.0625;1;1;0;0;0;0;
EBT;UF;3521408;0.0625;1;1;0;0;0;0;
EBT;UF;3523107;0.0625;1;1;0;0;0;0;
EBT;UF;3523404;0.0625;1;1;0;0;0;0;
EBT;UF;3523909;0.0313;1;1;0;0;0;0;
EBT;UF;3524006;0.2500;1;1;0;0;0;0;
EBT;UF;3524709;0.0625;1;1;0;0;0;0;
EBT;UF;3525300;0.1250;2;2;0;0;0;0;
EBT;UF;3525904;0.1250;2;2;0;0;0;0;
EBT;UF;3526209;0.0938;2;2;0;0;0;0;
EBT;UF;3526605;0.1250;1;1;0;0;0;0;
EBT;UF;3527207;0.5000;1;1;0;0;0;0;
EBT;UF;3527603;0.0625;1;1;0;0;0;0;
EBT;UF;3528007;0.0625;1;1;0;0;0;0;
EBT;UF;3528809;0.2500;1;1;0;0;0;0;
EBT;UF;3529302;0.0625;1;1;0;0;0;0;
EBT;UF;3529906;0.2188;3;3;0;0;0;0;
EBT;UF;3530607;0.0625;1;1;0;0;0;0;
EBT;UF;3530706;0.1563;2;2;0;0;0;0;
EBT;UF;3531100;3.0000;2;0;2;0;0;0;
EBT;UF;3531902;0.1250;1;1;0;0;0;0;
EBT;UF;3532207;0.5000;1;1;0;0;0;0;
EBT;UF;3534401;2.0625;2;1;1;0;0;0;
EBT;UF;3536505;0.0625;1;1;0;0;0;0;
EBT;UF;3537404;0.1250;1;1;0;0;0;0;
EBT;UF;3538204;0.0313;1;1;0;0;0;0;
EBT;UF;3539301;0.3750;1;1;0;0;0;0;
EBT;UF;3540705;0.0938;1;1;0;0;0;0;
EBT;UF;3541000;0.0625;1;1;0;0;0;0;
EBT;UF;3542602;0.0938;2;2;0;0;0;0;
EBT;UF;3543402;2.0625;2;1;1;0;0;0;
EBT;UF;3543907;0.0313;1;1;0;0;0;0;
EBT;UF;3544103;0.0625;1;1;0;0;0;0;
EBT;UF;3547502;0.0625;1;1;0;0;0;0;
EBT;UF;3547809;2.0000;1;0;1;0;0;0;
EBT;UF;3548005;0.0625;1;1;0;0;0;0;
EBT;UF;3548500;4.4063;9;7;2;0;0;0;
EBT;UF;3548708;4.5000;7;6;0;1;0;0;
EBT;UF;3548906;0.0625;1;1;0;0;0;0;
EBT;UF;3549102;0.1875;3;3;0;0;0;0;
EBT;UF;3549706;0.1875;2;2;0;0;0;0;
EBT;UF;3549805;1.0000;1;0;1;0;0;0;
EBT;UF;3549904;0.1250;2;2;0;0;0;0;
EBT;UF;3550308;42.4219;51;36;11;4;0;0;
EBT;UF;3550803;0.1250;1;1;0;0;0;0;
EBT;UF;3551702;0.2500;1;1;0;0;0;0;
EBT;UF;3552205;0.1563;3;3;0;0;0;0;
EBT;UF;3552403;0.0625;1;1;0;0;0;0;
EBT;UF;3552502;0.0625;1;1;0;0;0;0;
EBT;UF;3552809;0.1250;2;2;0;0;0;0;
EBT;UF;3553708;0.1250;1;1;0;0;0;0;
EBT;UF;3553955;0.2500;1;1;0;0;0;0;
EBT;UF;3554102;0.0625;1;1;0;0;0;0;
EBT;UF;3555406;0.1250;2;2;0;0;0;0;
EBT;UF;3555604;0.1250;1;1;0;0;0;0;
EBT;UF;3556800;1.0000;1;0;1;0;0;0;
EBT;UF;4100509;0.1250;1;1;0;0;0;0;
EBT;UF;4100806;0.1250;1;1;0;0;0;0;
EBT;UF;4101101;0.1250;1;1;0;0;0;0;
EBT;UF;4101200;0.1875;2;2;0;0;0;0;
EBT;UF;4101408;0.0625;1;1;0;0;0;0;
EBT;UF;4101606;0.1875;2;2;0;0;0;0;
EBT;UF;4102000;0.1250;1;1;0;0;0;0;
EBT;UF;4103701;0.2500;1;1;0;0;0;0;
EBT;UF;4103958;0.1250;1;1;0;0;0;0;
EBT;UF;4104006;0.2500;1;1;0;0;0;0;
EBT;UF;4104105;0.1250;1;1;0;0;0;0;
EBT;UF;4104204;0.0625;1;1;0;0;0;0;
EBT;UF;4104253;0.1875;2;2;0;0;0;0;
EBT;UF;4104303;0.1250;2;2;0;0;0;0;
EBT;UF;4104428;0.1250;1;1;0;0;0;0;
EBT;UF;4104808;0.1875;2;2;0;0;0;0;
EBT;UF;4105409;0.2500;1;1;0;0;0;0;
EBT;UF;4105805;0.0625;1;1;0;0;0;0;
EBT;UF;4105904;0.1250;1;1;0;0;0;0;
EBT;UF;4106001;0.1250;1;1;0;0;0;0;
EBT;UF;4106100;0.0625;1;1;0;0;0;0;
EBT;UF;4106407;0.0625;1;1;0;0;0;0;
EBT;UF;4106902;9.1250;7;2;5;0;0;0;
EBT;UF;4107256;0.1250;1;1;0;0;0;0;
EBT;UF;4107652;0.1250;1;1;0;0;0;0;
EBT;UF;4107850;0.1875;2;2;0;0;0;0;
EBT;UF;4108205;0.1250;1;1;0;0;0;0;
EBT;UF;4108304;0.6250;5;5;0;0;0;0;
EBT;UF;4108650;0.1250;1;1;0;0;0;0;
EBT;UF;4109401;0.5000;4;4;0;0;0;0;
EBT;UF;4109609;0.1875;2;2;0;0;0;0;
EBT;UF;4110201;0.1250;1;1;0;0;0;0;
EBT;UF;4110409;0.0625;1;1;0;0;0;0;
EBT;UF;4110607;0.1250;1;1;0;0;0;0;
EBT;UF;4111407;0.2500;1;1;0;0;0;0;
EBT;UF;4111555;0.1250;1;1;0;0;0;0;
EBT;UF;4111704;0.1250;1;1;0;0;0;0;
EBT;UF;4112009;0.1250;1;1;0;0;0;0;
EBT;UF;4112603;0.2500;2;2;0;0;0;0;
EBT;UF;4112900;0.0625;1;1;0;0;0;0;
EBT;UF;4113304;0.1875;2;2;0;0;0;0;
EBT;UF;4113452;0.1250;1;1;0;0;0;0;
EBT;UF;4113759;0.1250;1;1;0;0;0;0;
EBT;UF;4113809;0.2500;1;1;0;0;0;0;
EBT;UF;4114302;0.1250;1;1;0;0;0;0;
EBT;UF;4114351;0.2500;2;2;0;0;0;0;
EBT;UF;4114609;0.0625;1;1;0;0;0;0;
EBT;UF;4115200;0.4375;3;3;0;0;0;0;
EBT;UF;4115309;0.2500;1;1;0;0;0;0;
EBT;UF;4117057;0.2500;1;1;0;0;0;0;
EBT;UF;4117255;0.0625;1;1;0;0;0;0;
EBT;UF;4117271;0.1250;1;1;0;0;0;0;
EBT;UF;4117602;0.1250;1;1;0;0;0;0;
EBT;UF;4118105;0.1250;1;1;0;0;0;0;
EBT;UF;4118204;0.1875;2;2;0;0;0;0;
EBT;UF;4118501;0.0625;1;1;0;0;0;0;
EBT;UF;4119152;0.1250;1;1;0;0;0;0;
EBT;UF;4119202;0.1250;1;1;0;0;0;0;
EBT;UF;4119251;0.2500;2;2;0;0;0;0;
EBT;UF;4119806;0.5000;2;2;0;0;0;0;
EBT;UF;4119905;0.2500;3;3;0;0;0;0;
EBT;UF;4119954;0.0625;1;1;0;0;0;0;
EBT;UF;4120705;0.1250;1;1;0;0;0;0;
EBT;UF;4120804;4.2500;2;1;0;1;0;0;
EBT;UF;4121208;0.0625;1;1;0;0;0;0;
EBT;UF;4122172;0.1250;1;1;0;0;0;0;
EBT;UF;4123402;0.1250;1;1;0;0;0;0;
EBT;UF;4123857;0.2500;1;1;0;0;0;0;
EBT;UF;4124301;0.1250;1;1;0;0;0;0;
EBT;UF;4125407;0.1250;1;1;0;0;0;0;
EBT;UF;4125506;80.6250;6;5;0;0;0;1;
EBT;UF;4125605;0.1875;2;2;0;0;0;0;
EBT;UF;4126108;0.1250;1;1;0;0;0;0;
EBT;UF;4126678;1.1250;2;1;1;0;0;0;
EBT;UF;4126801;0.1250;1;1;0;0;0;0;
EBT;UF;4127007;0.3750;2;2;0;0;0;0;
EBT;UF;4127304;0.1250;1;1;0;0;0;0;
EBT;UF;4127809;0.1250;1;1;0;0;0;0;
EBT;UF;4127882;0.1250;1;1;0;0;0;0;
EBT;UF;4127908;0.5000;1;1;0;0;0;0;
EBT;UF;4128005;0.2500;1;1;0;0;0;0;
EBT;UF;4128203;0.1250;2;2;0;0;0;0;
EBT;UF;4128658;0.1250;1;1;0;0;0;0;
EBT;UF;4128708;0.0625;1;1;0;0;0;0;
EBT;UF;4128807;0.1250;1;1;0;0;0;0;
EBT;UF;4200408;0.2500;1;1;0;0;0;0;
EBT;UF;4200705;0.2500;1;1;0;0;0;0;
EBT;UF;4200804;0.2500;1;1;0;0;0;0;
EBT;UF;4201000;0.2500;1;1;0;0;0;0;
EBT;UF;4201208;0.2500;1;1;0;0;0;0;
EBT;UF;4201307;0.2500;1;1;0;0;0;0;
EBT;UF;4201406;0.2500;1;1;0;0;0;0;
EBT;UF;4201703;0.2500;1;1;0;0;0;0;
EBT;UF;4201950;0.1250;2;2;0;0;0;0;
EBT;UF;4202008;0.5000;2;2;0;0;0;0;
EBT;UF;4202305;0.3125;2;2;0;0;0;0;
EBT;UF;4202404;2.0625;9;9;0;0;0;0;
EBT;UF;4202602;0.2500;1;1;0;0;0;0;
EBT;UF;4202800;0.2500;1;1;0;0;0;0;
EBT;UF;4202859;0.2500;1;1;0;0;0;0;
EBT;UF;4202909;0.2500;1;1;0;0;0;0;
EBT;UF;4203006;0.2500;1;1;0;0;0;0;
EBT;UF;4203105;0.2500;1;1;0;0;0;0;
EBT;UF;4203204;0.3125;2;2;0;0;0;0;
EBT;UF;4203303;0.2500;1;1;0;0;0;0;
EBT;UF;4203402;0.2500;1;1;0;0;0;0;
EBT;UF;4203501;0.2500;1;1;0;0;0;0;
EBT;UF;4203600;0.2500;1;1;0;0;0;0;
EBT;UF;4203808;1.6250;2;1;1;0;0;0;
EBT;UF;4203907;0.2500;1;1;0;0;0;0;
EBT;UF;4204004;0.2500;1;1;0;0;0;0;
EBT;UF;4204202;1.2500;5;5;0;0;0;0;
EBT;UF;4204301;0.5000;2;2;0;0;0;0;
EBT;UF;4204400;0.2500;1;1;0;0;0;0;
EBT;UF;4204509;0.2500;1;1;0;0;0;0;
EBT;UF;4204608;0.5000;2;2;0;0;0;0;
EBT;UF;4204707;0.2500;1;1;0;0;0;0;
EBT;UF;4204806;0.2500;1;1;0;0;0;0;
EBT;UF;4204905;0.2500;1;1;0;0;0;0;
EBT;UF;4205001;0.2500;1;1;0;0;0;0;
EBT;UF;4205308;0.2500;1;1;0;0;0;0;
EBT;UF;4205407;3.5000;13;13;0;0;0;0;
EBT;UF;4205456;0.3750;3;3;0;0;0;0;
EBT;UF;4205506;0.2500;1;1;0;0;0;0;
EBT;UF;4205704;0.2500;1;1;0;0;0;0;
EBT;UF;4205902;0.2500;1;1;0;0;0;0;
EBT;UF;4206207;0.2500;1;1;0;0;0;0;
EBT;UF;4206405;0.2500;1;1;0;0;0;0;
EBT;UF;4206504;0.2500;1;1;0;0;0;0;
EBT;UF;4206900;0.2500;1;1;0;0;0;0;
EBT;UF;4207007;0.2500;1;1;0;0;0;0;
EBT;UF;4207304;0.2500;1;1;0;0;0;0;
EBT;UF;4207502;0.2500;1;1;0;0;0;0;
EBT;UF;4207650;0.2500;1;1;0;0;0;0;
EBT;UF;4207700;0.2500;1;1;0;0;0;0;
EBT;UF;4207809;0.2500;1;1;0;0;0;0;
EBT;UF;4207908;0.2500;1;1;0;0;0;0;
EBT;UF;4208005;0.2500;1;1;0;0;0;0;
EBT;UF;4208104;0.2500;1;1;0;0;0;0;
EBT;UF;4208203;0.5000;2;2;0;0;0;0;
EBT;UF;4208302;0.2500;1;1;0;0;0;0;
EBT;UF;4208401;0.2500;1;1;0;0;0;0;
EBT;UF;4208500;0.2500;1;1;0;0;0;0;
EBT;UF;4208807;0.2500;1;1;0;0;0;0;
EBT;UF;4208906;0.7500;3;3;0;0;0;0;
EBT;UF;4209003;0.2500;1;1;0;0;0;0;
EBT;UF;4209102;2.0000;8;8;0;0;0;0;
EBT;UF;4209300;0.5000;2;2;0;0;0;0;
EBT;UF;4209607;0.2500;1;1;0;0;0;0;
EBT;UF;4209706;0.2500;1;1;0;0;0;0;
EBT;UF;4210100;0.2500;1;1;0;0;0;0;
EBT;UF;4210308;0.2500;1;1;0;0;0;0;
EBT;UF;4210506;0.2500;1;1;0;0;0;0;
EBT;UF;4210605;0.2500;1;1;0;0;0;0;
EBT;UF;4210803;0.2500;1;1;0;0;0;0;
EBT;UF;4211009;0.2500;1;1;0;0;0;0;
EBT;UF;4211108;0.2500;1;1;0;0;0;0;
EBT;UF;4211207;0.2500;1;1;0;0;0;0;
EBT;UF;4211306;1.0000;3;3;0;0;0;0;
EBT;UF;4211702;0.2500;1;1;0;0;0;0;
EBT;UF;4211900;0.2500;1;1;0;0;0;0;
EBT;UF;4212007;0.2500;1;1;0;0;0;0;
EBT;UF;4212205;0.2500;1;1;0;0;0;0;
EBT;UF;4212809;0.2500;1;1;0;0;0;0;
EBT;UF;4213104;0.2500;1;1;0;0;0;0;
EBT;UF;4213203;0.2500;1;1;0;0;0;0;
EBT;UF;4213302;0.2500;1;1;0;0;0;0;
EBT;UF;4213401;0.2500;1;1;0;0;0;0;
EBT;UF;4213500;0.3125;2;2;0;0;0;0;
EBT;UF;4213609;0.2500;1;1;0;0;0;0;
EBT;UF;4213708;0.2500;1;1;0;0;0;0;
EBT;UF;4213807;0.2500;1;1;0;0;0;0;
EBT;UF;4214201;0.2500;1;1;0;0;0;0;
EBT;UF;4214706;0.5000;2;2;0;0;0;0;
EBT;UF;4214805;0.2500;1;1;0;0;0;0;
EBT;UF;4215000;0.2500;1;1;0;0;0;0;
EBT;UF;4215109;0.2500;1;1;0;0;0;0;
EBT;UF;4215307;0.2500;1;1;0;0;0;0;
EBT;UF;4215505;0.2500;1;1;0;0;0;0;
EBT;UF;4215802;0.5000;2;2;0;0;0;0;
EBT;UF;4216008;0.2500;1;1;0;0;0;0;
EBT;UF;4216206;0.2500;1;1;0;0;0;0;
EBT;UF;4216305;0.2500;1;1;0;0;0;0;
EBT;UF;4216602;1.0000;4;4;0;0;0;0;
EBT;UF;4216701;0.2500;1;1;0;0;0;0;
EBT;UF;4216909;0.2500;1;1;0;0;0;0;
EBT;UF;4217204;0.2500;1;1;0;0;0;0;
EBT;UF;4217303;0.0625;1;1;0;0;0;0;
EBT;UF;4217501;0.2500;1;1;0;0;0;0;
EBT;UF;4217600;0.2500;1;1;0;0;0;0;
EBT;UF;4217709;1.7500;7;7;0;0;0;0;
EBT;UF;4217808;0.2500;1;1;0;0;0;0;
EBT;UF;4217907;0.2500;1;1;0;0;0;0;
EBT;UF;4218004;0.2500;1;1;0;0;0;0;
EBT;UF;4218202;0.2500;1;1;0;0;0;0;
EBT;UF;4218400;0.2500;1;1;0;0;0;0;
EBT;UF;4218509;0.2500;1;1;0;0;0;0;
EBT;UF;4218608;0.2500;1;1;0;0;0;0;
EBT;UF;4218707;0.7500;3;3;0;0;0;0;
EBT;UF;4218905;0.2500;1;1;0;0;0;0;
EBT;UF;4219200;0.2500;1;1;0;0;0;0;
EBT;UF;4219309;0.2500;1;1;0;0;0;0;
EBT;UF;4219507;0.3125;2;2;0;0;0;0;
EBT;UF;4219606;2.2500;2;1;1;0;0;0;
EBT;UF;4219705;0.2500;1;1;0;0;0;0;
EBT;UF;4300406;2.2500;5;4;1;0;0;0;
EBT;UF;4301636;0.0625;1;1;0;0;0;0;
EBT;UF;4301909;1.0000;1;0;1;0;0;0;
EBT;UF;4302378;0.0625;1;1;0;0;0;0;
EBT;UF;4302659;0.1250;1;1;0;0;0;0;
EBT;UF;4303004;0.0625;1;1;0;0;0;0;
EBT;UF;4303103;0.5000;1;1;0;0;0;0;
EBT;UF;4303301;0.2500;1;1;0;0;0;0;
EBT;UF;4303608;0.5000;1;1;0;0;0;0;
EBT;UF;4304606;0.4375;3;3;0;0;0;0;
EBT;UF;4304689;0.0625;1;1;0;0;0;0;
EBT;UF;4305108;0.3125;3;3;0;0;0;0;
EBT;UF;4305116;0.0625;1;1;0;0;0;0;
EBT;UF;4305439;0.2500;1;1;0;0;0;0;
EBT;UF;4306403;0.1875;2;2;0;0;0;0;
EBT;UF;4307807;0.0625;1;1;0;0;0;0;
EBT;UF;4308003;0.0625;1;1;0;0;0;0;
EBT;UF;4309209;0.3125;2;2;0;0;0;0;
EBT;UF;4310207;0.2500;1;1;0;0;0;0;
EBT;UF;4310462;0.1250;2;2;0;0;0;0;
EBT;UF;4310603;0.0625;1;1;0;0;0;0;
EBT;UF;4310751;1.0000;1;0;1;0;0;0;
EBT;UF;4311304;0.0625;1;1;0;0;0;0;
EBT;UF;4311759;0.0625;1;1;0;0;0;0;
EBT;UF;4312401;0.1250;1;1;0;0;0;0;
EBT;UF;4313201;1.0000;1;0;1;0;0;0;
EBT;UF;4313409;0.2500;1;1;0;0;0;0;
EBT;UF;4314076;0.2500;1;1;0;0;0;0;
EBT;UF;4314100;0.0625;1;1;0;0;0;0;
EBT;UF;4314407;0.2500;2;2;0;0;0;0;
EBT;UF;4314902;0.3125;4;4;0;0;0;0;
EBT;UF;4315602;0.1250;1;1;0;0;0;0;
EBT;UF;4315800;0.0625;1;1;0;0;0;0;
EBT;UF;4316808;0.1250;1;1;0;0;0;0;
EBT;UF;4316907;0.0625;1;1;0;0;0;0;
EBT;UF;4317103;0.2500;1;1;0;0;0;0;
EBT;UF;4317202;0.0625;1;1;0;0;0;0;
EBT;UF;4317400;0.3125;2;2;0;0;0;0;
EBT;UF;4318002;0.0625;1;1;0;0;0;0;
EBT;UF;4318408;0.2500;1;1;0;0;0;0;
EBT;UF;4318705;0.0625;1;1;0;0;0;0;
EBT;UF;4319604;0.0625;1;1;0;0;0;0;
EBT;UF;4320008;0.3125;2;2;0;0;0;0;
EBT;UF;4320602;0.2500;1;1;0;0;0;0;
EBT;UF;4320701;0.0625;1;1;0;0;0;0;
EBT;UF;4322533;0.0625;1;1;0;0;0;0;
EBT;UF;4323002;0.3125;2;2;0;0;0;0;
EBT;UF;5000203;0.2500;1;1;0;0;0;0;
EBT;UF;5000252;0.0625;1;1;0;0;0;0;
EBT;UF;5000609;0.1250;2;2;0;0;0;0;
EBT;UF;5000708;0.1250;1;1;0;0;0;0;
EBT;UF;5000906;0.0625;1;1;0;0;0;0;
EBT;UF;5002308;0.2500;1;1;0;0;0;0;
EBT;UF;5002704;0.8125;5;5;0;0;0;0;
EBT;UF;5003306;0.3750;2;2;0;0;0;0;
EBT;UF;5003702;0.8750;5;5;0;0;0;0;
EBT;UF;5003751;0.3750;2;2;0;0;0;0;
EBT;UF;5004106;0.5000;2;2;0;0;0;0;
EBT;UF;5004304;1.0000;1;0;1;0;0;0;
EBT;UF;5004403;0.0625;1;1;0;0;0;0;
EBT;UF;5005202;0.5625;2;2;0;0;0;0;
EBT;UF;5005608;0.2500;1;1;0;0;0;0;
EBT;UF;5005681;0.2500;1;1;0;0;0;0;
EBT;UF;5006200;0.3750;3;3;0;0;0;0;
EBT;UF;5006606;0.3125;2;2;0;0;0;0;
EBT;UF;5006903;0.1250;1;1;0;0;0;0;
EBT;UF;5007109;0.1250;1;1;0;0;0;0;
EBT;UF;5007703;0.0625;1;1;0;0;0;0;
EBT;UF;5008305;0.3125;2;2;0;0;0;0;
EBT;UF;5100359;1.0000;1;0;1;0;0;0;
EBT;UF;5101803;3.0000;2;0;2;0;0;0;
EBT;UF;5101902;1.0000;1;0;1;0;0;0;
EBT;UF;5102603;1.0000;1;0;1;0;0;0;
EBT;UF;5102702;0.5000;2;2;0;0;0;0;
EBT;UF;5102793;2.0000;2;0;2;0;0;0;
EBT;UF;5103700;1.0000;1;0;1;0;0;0;
EBT;UF;5103858;1.0000;1;0;1;0;0;0;
EBT;UF;5103908;1.0000;1;0;1;0;0;0;
EBT;UF;5106422;0.1250;1;1;0;0;0;0;
EBT;UF;5107065;2.0000;2;0;2;0;0;0;
EBT;UF;5107859;1.0000;1;0;1;0;0;0;
EBT;UF;5107941;1.0000;1;0;1;0;0;0;
EBT;UF;5201108;0.1250;1;1;0;0;0;0;
EBT;UF;5220454;0.1875;2;2;0;0;0;0;
EBT;UF;5300108;6.3125;42;41;1;0;0;0;
09;2075;
