01;CLA;IPL4;201209;
EBT;UF;1100023;207.0625;21;1;2;11;7;0;
EBT;UF;1100049;292.0000;60;4;10;32;13;1;
EBT;UF;1100106;4.0000;2;0;0;2;0;0;
EBT;UF;1100114;16.0000;8;0;0;8;0;0;
EBT;UF;1100122;814.6875;93;1;11;62;16;3;
EBT;UF;1100155;4.0000;2;0;0;2;0;0;
EBT;UF;1100189;111.6875;36;1;8;21;6;0;
EBT;UF;1100205;8884.0000;393;12;67;243;50;21;
EBT;UF;1100304;549.9375;79;1;13;52;11;2;
EBT;UF;1100924;2.0000;1;0;0;1;0;0;
EBT;UF;1200252;0.5000;3;0;3;0;0;0;
EBT;UF;1200401;3449.4375;196;11;29;123;26;7;
EBT;UF;1200450;4.0000;2;0;0;2;0;0;
EBT;UF;1301704;0.2500;1;0;1;0;0;0;
EBT;UF;1302603;6150.8125;521;9;64;368;66;14;
EBT;UF;1303403;2.2500;2;0;1;1;0;0;
EBT;UF;1400100;216.2500;51;0;3;32;16;0;
EBT;UF;1500800;7566.5000;87;0;5;59;17;6;
EBT;UF;1501303;22.0000;3;0;0;1;2;0;
EBT;UF;1501402;25219.8750;486;4;13;225;188;56;
EBT;UF;1501501;5.2500;6;0;4;2;0;0;
EBT;UF;1502202;108.0000;8;0;0;1;7;0;
EBT;UF;1502400;93.0000;25;0;3;17;5;0;
EBT;UF;1503606;6.0000;3;0;0;3;0;0;
EBT;UF;1504208;135.5000;39;0;14;19;6;0;
EBT;UF;1504422;99.6875;35;1;5;20;9;0;
EBT;UF;1505304;1.0000;1;0;0;1;0;0;
EBT;UF;1505502;68.0000;11;0;0;8;3;0;
EBT;UF;1506807;120.6875;19;1;6;8;2;2;
EBT;UF;1600303;128.0000;35;0;7;24;4;0;
EBT;UF;1700350;4.0000;3;0;0;3;0;0;
EBT;UF;1700707;5.2500;4;0;1;3;0;0;
EBT;UF;1702109;301.0000;57;2;8;29;18;0;
EBT;UF;1705508;206.0000;5;0;0;3;0;2;
EBT;UF;1709302;26.6875;7;1;3;2;1;0;
EBT;UF;1709500;170.3125;15;1;2;5;6;1;
EBT;UF;1713205;8.5625;8;1;2;5;0;0;
EBT;UF;1713304;3.0000;2;0;0;2;0;0;
EBT;UF;1714880;3.3125;4;1;1;2;0;0;
EBT;UF;1716109;11.0000;3;0;2;0;1;0;
EBT;UF;1718204;101.7500;16;0;4;6;6;0;
EBT;UF;1718402;4.0000;1;0;0;0;1;0;
EBT;UF;1721000;1234.4375;144;19;23;67;33;2;
EBT;UF;1722081;4.0000;1;0;0;0;1;0;
EBT;UF;2100055;0.2500;1;0;1;0;0;0;
EBT;UF;2100204;32.0000;1;0;0;0;1;0;
EBT;UF;2101202;90.0000;3;0;0;0;3;0;
EBT;UF;2101608;0.3750;2;0;2;0;0;0;
EBT;UF;2103000;332.0000;7;0;0;3;2;2;
EBT;UF;2103307;155.0000;1;0;0;0;0;1;
EBT;UF;2103604;0.5000;1;0;1;0;0;0;
EBT;UF;2105302;227.5000;9;0;3;3;2;1;
EBT;UF;2105427;10.0000;2;0;0;1;1;0;
EBT;UF;2109106;0.5000;1;0;1;0;0;0;
EBT;UF;2109908;33.0000;3;0;2;0;1;0;
EBT;UF;2111201;4.7500;3;0;2;0;1;0;
EBT;UF;2111300;1788.3125;98;1;14;23;57;3;
EBT;UF;2112902;0.1250;1;0;1;0;0;0;
EBT;UF;2207702;72.0000;4;0;0;0;4;0;
EBT;UF;2208403;16.0000;1;0;0;0;1;0;
EBT;UF;2211001;2123.0625;141;1;3;45;89;3;
EBT;UF;2300309;6.0000;1;0;0;0;1;0;
EBT;UF;2301000;3.0000;3;0;0;3;0;0;
EBT;UF;2301109;32.0000;3;0;0;0;3;0;
EBT;UF;2301901;24.6250;6;0;3;0;3;0;
EBT;UF;2302503;20.0000;2;0;0;0;2;0;
EBT;UF;2303709;7.0000;4;0;0;4;0;0;
EBT;UF;2303808;10.0000;1;0;0;0;1;0;
EBT;UF;2304103;0.2500;1;0;1;0;0;0;
EBT;UF;2304202;34.0000;1;0;0;0;1;0;
EBT;UF;2304285;135.5000;11;0;1;5;4;1;
EBT;UF;2304400;6515.3125;126;1;10;35;56;24;
EBT;UF;2305233;56.0625;6;1;0;2;3;0;
EBT;UF;2305506;32.0000;2;0;0;0;2;0;
EBT;UF;2306405;54.0000;3;0;0;0;3;0;
EBT;UF;2307304;40.0000;3;0;0;1;2;0;
EBT;UF;2307601;70.0000;4;0;0;0;4;0;
EBT;UF;2307650;15.0000;7;0;0;6;1;0;
EBT;UF;2308104;8.0000;1;0;0;0;1;0;
EBT;UF;2308302;16.0000;1;0;0;0;1;0;
EBT;UF;2309607;90.0000;2;0;0;0;1;1;
EBT;UF;2310704;1.0000;1;0;0;1;0;0;
EBT;UF;2311306;48.0000;3;0;0;0;3;0;
EBT;UF;2311801;2.3750;5;0;4;1;0;0;
EBT;UF;2312403;1.0000;1;0;0;1;0;0;
EBT;UF;2312908;296.6250;16;2;1;1;10;2;
EBT;UF;2313302;0.6250;2;0;2;0;0;0;
EBT;UF;2313401;66.0000;3;0;0;0;3;0;
EBT;UF;2400109;54.0000;3;0;0;0;3;0;
EBT;UF;2400802;20.5000;3;0;1;0;2;0;
EBT;UF;2403251;146.7500;27;0;2;15;10;0;
EBT;UF;2407104;23.0000;8;0;0;7;1;0;
EBT;UF;2407401;26.0000;2;0;0;0;2;0;
EBT;UF;2408003;581.0000;25;0;3;12;7;3;
EBT;UF;2408102;3307.2500;84;4;8;16;45;11;
EBT;UF;2409332;4.0000;1;0;0;0;1;0;
EBT;UF;2412005;4.0000;2;0;0;2;0;0;
EBT;UF;2501807;24.0000;2;0;0;0;2;0;
EBT;UF;2503209;196.2500;19;0;1;10;7;1;
EBT;UF;2504009;763.0000;35;0;3;6;23;3;
EBT;UF;2506301;201.0000;4;0;0;0;3;1;
EBT;UF;2506905;48.0000;2;0;0;0;2;0;
EBT;UF;2507507;3488.3125;103;3;1;35;57;7;
EBT;UF;2510808;189.0000;2;0;0;0;1;1;
EBT;UF;2600054;176.6250;14;0;3;9;1;1;
EBT;UF;2600104;22.0000;1;0;0;0;1;0;
EBT;UF;2601201;26.0000;2;0;0;0;2;0;
EBT;UF;2601706;88.0000;3;0;0;0;3;0;
EBT;UF;2601904;22.0000;1;0;0;0;1;0;
EBT;UF;2602902;47.0000;7;0;3;2;2;0;
EBT;UF;2603454;1.0000;1;0;0;1;0;0;
EBT;UF;2604007;0.2500;1;0;1;0;0;0;
EBT;UF;2604106;119.0000;11;0;0;5;6;0;
EBT;UF;2605103;22.0000;1;0;0;0;1;0;
EBT;UF;2606002;20.0000;2;0;0;0;2;0;
EBT;UF;2606408;126.3750;3;0;2;0;0;1;
EBT;UF;2606804;1.0000;1;0;0;1;0;0;
EBT;UF;2607208;16.0000;4;0;0;3;1;0;
EBT;UF;2607901;272.8750;19;0;3;9;6;1;
EBT;UF;2609600;144.2500;20;0;4;10;6;0;
EBT;UF;2610707;254.1250;36;0;4;27;4;1;
EBT;UF;2610905;34.0000;1;0;0;0;1;0;
EBT;UF;2611606;11281.5000;245;4;11;94;97;39;
EBT;UF;2612208;10.0000;1;0;0;0;1;0;
EBT;UF;2613909;32.3750;15;0;11;2;2;0;
EBT;UF;2700300;217.0625;20;1;0;9;9;1;
EBT;UF;2704302;2111.1250;135;0;25;37;64;9;
EBT;UF;2704708;2.0000;1;0;0;1;0;0;
EBT;UF;2706307;2.0000;1;0;0;1;0;0;
EBT;UF;2707701;717.0000;7;0;0;4;0;3;
EBT;UF;2800308;2411.9375;165;11;19;71;55;9;
EBT;UF;2800670;0.5000;3;0;3;0;0;0;
EBT;UF;2802106;10.0000;1;0;0;0;1;0;
EBT;UF;2804805;380.6250;40;0;5;22;11;2;
EBT;UF;2805703;34.0000;1;0;0;0;1;0;
EBT;UF;2806701;24.6250;11;2;2;5;2;0;
EBT;UF;2900702;96.0000;10;0;0;3;7;0;
EBT;UF;2903201;4.0000;1;0;0;0;1;0;
EBT;UF;2904605;47.0000;4;0;0;2;1;1;
EBT;UF;2904704;2.0000;1;0;0;1;0;0;
EBT;UF;2905602;130.0000;5;0;0;2;2;1;
EBT;UF;2905701;307.8750;49;0;3;31;14;1;
EBT;UF;2906501;729.0000;14;0;0;4;6;4;
EBT;UF;2906709;2.0000;1;0;0;1;0;0;
EBT;UF;2909802;38.0000;3;0;0;0;3;0;
EBT;UF;2910727;177.8125;19;1;2;11;4;1;
EBT;UF;2910800;2489.4375;98;1;6;42;39;10;
EBT;UF;2912103;4.0000;1;0;0;0;1;0;
EBT;UF;2913606;330.0000;36;0;0;17;18;1;
EBT;UF;2914653;12.0000;2;0;0;1;1;0;
EBT;UF;2914802;1161.3750;44;0;7;20;14;3;
EBT;UF;2914901;106.0000;3;0;0;0;2;1;
EBT;UF;2915304;2.0000;1;0;0;1;0;0;
EBT;UF;2915601;4.0000;2;0;0;2;0;0;
EBT;UF;2915809;12.0000;2;0;0;1;1;0;
EBT;UF;2916302;2.0000;1;0;0;1;0;0;
EBT;UF;2916401;150.0000;4;0;0;0;3;1;
EBT;UF;2917102;2.0000;1;0;0;1;0;0;
EBT;UF;2917508;100.0000;1;0;0;0;0;1;
EBT;UF;2918001;51.7500;16;0;3;9;4;0;
EBT;UF;2918407;4.0000;2;0;0;2;0;0;
EBT;UF;2919207;634.0000;36;0;0;19;14;3;
EBT;UF;2920601;8.0000;1;0;0;0;1;0;
EBT;UF;2921005;20.2500;3;0;1;0;2;0;
EBT;UF;2921302;10.0000;2;0;0;0;2;0;
EBT;UF;2924009;45.1250;7;0;1;3;3;0;
EBT;UF;2925006;4.0000;2;0;0;2;0;0;
EBT;UF;2925105;10.0000;1;0;0;0;1;0;
EBT;UF;2925303;376.0000;17;0;0;8;7;2;
EBT;UF;2927408;28423.6250;582;6;70;222;233;51;
EBT;UF;2928703;166.0000;4;0;0;1;2;1;
EBT;UF;2929206;0.0625;1;1;0;0;0;0;
EBT;UF;2930105;68.0000;5;0;0;2;3;0;
EBT;UF;2930709;84.0000;21;0;0;14;7;0;
EBT;UF;2931350;1960.0625;23;1;3;10;4;5;
EBT;UF;2932507;32.0000;1;0;0;0;1;0;
EBT;UF;2932903;1.8750;6;0;6;0;0;0;
EBT;UF;2933307;721.3125;43;1;4;20;15;3;
EBT;UF;3100302;2.0000;1;0;0;1;0;0;
EBT;UF;3101607;27.5625;23;1;8;13;1;0;
EBT;UF;3101904;2.0000;1;0;0;1;0;0;
EBT;UF;3103504;2.8750;4;0;3;1;0;0;
EBT;UF;3104007;14.2500;13;0;6;7;0;0;
EBT;UF;3104205;12.0000;6;0;0;6;0;0;
EBT;UF;3104908;2.0000;1;0;0;1;0;0;
EBT;UF;3105608;193.0000;13;0;2;3;8;0;
EBT;UF;3106200;56530.8125;1016;33;212;431;249;91;
EBT;UF;3106309;42.0625;4;1;0;1;2;0;
EBT;UF;3106705;1737.2500;158;4;45;78;28;3;
EBT;UF;3108404;2.0000;1;0;0;1;0;0;
EBT;UF;3109501;2.0000;1;0;0;1;0;0;
EBT;UF;3109709;2.0000;1;0;0;1;0;0;
EBT;UF;3110509;4.0000;2;0;0;2;0;0;
EBT;UF;3110608;157.0000;2;0;0;1;0;1;
EBT;UF;3110707;4.0000;2;0;0;2;0;0;
EBT;UF;3111606;2.0000;1;0;0;1;0;0;
EBT;UF;3113206;64.0000;2;0;0;0;2;0;
EBT;UF;3113404;54.0000;4;0;0;1;3;0;
EBT;UF;3114303;2.0000;1;0;0;1;0;0;
EBT;UF;3115300;400.0000;7;0;0;0;5;2;
EBT;UF;3115508;8.1250;5;0;1;4;0;0;
EBT;UF;3118007;6.0000;3;0;0;3;0;0;
EBT;UF;3118304;43.3750;12;2;3;6;1;0;
EBT;UF;3118601;2481.6875;251;7;42;130;64;8;
EBT;UF;3122306;883.0000;30;0;7;14;4;5;
EBT;UF;3123601;2.0000;1;0;0;1;0;0;
EBT;UF;3123908;2.0000;1;0;0;1;0;0;
EBT;UF;3125101;4.5000;3;0;1;2;0;0;
EBT;UF;3126109;4.0000;2;0;0;2;0;0;
EBT;UF;3127701;1095.3125;33;3;1;14;8;7;
EBT;UF;3128709;8.0000;1;0;0;0;1;0;
EBT;UF;3129509;2.0000;1;0;0;1;0;0;
EBT;UF;3129806;42.5000;7;0;1;5;1;0;
EBT;UF;3131307;487.1250;42;0;12;15;14;1;
EBT;UF;3131703;379.5000;31;2;13;12;2;2;
EBT;UF;3132404;328.3750;50;4;16;22;7;1;
EBT;UF;3133006;2.0000;1;0;0;1;0;0;
EBT;UF;3133808;95.8750;18;0;3;9;6;0;
EBT;UF;3134202;2.0000;1;0;0;1;0;0;
EBT;UF;3135209;2.0000;1;0;0;1;0;0;
EBT;UF;3135407;2.0000;1;0;0;1;0;0;
EBT;UF;3135506;2.0000;1;0;0;1;0;0;
EBT;UF;3136207;15.4375;13;1;4;8;0;0;
EBT;UF;3136306;8.0000;4;0;0;4;0;0;
EBT;UF;3136702;4036.8750;77;2;5;29;27;14;
EBT;UF;3137205;92.0000;7;0;0;3;4;0;
EBT;UF;3137601;48.2500;13;2;3;6;2;0;
EBT;UF;3138203;289.9375;37;1;10;19;5;2;
EBT;UF;3138401;189.0000;3;0;0;1;1;1;
EBT;UF;3138609;80.0000;4;0;0;1;3;0;
EBT;UF;3139003;32.0000;1;0;0;0;1;0;
EBT;UF;3139409;0.5000;1;0;1;0;0;0;
EBT;UF;3140001;32.0000;1;0;0;0;1;0;
EBT;UF;3140803;48.0000;6;0;0;4;2;0;
EBT;UF;3141405;38.0000;4;0;0;3;1;0;
EBT;UF;3143302;2246.9375;77;3;4;22;40;8;
EBT;UF;3143906;342.0000;4;0;0;0;2;2;
EBT;UF;3144805;698.0625;48;1;5;24;16;2;
EBT;UF;3145208;2.0000;1;0;0;1;0;0;
EBT;UF;3145604;6.2500;4;0;1;3;0;0;
EBT;UF;3146107;6.5625;5;1;1;3;0;0;
EBT;UF;3146305;4.0000;2;0;0;2;0;0;
EBT;UF;3147006;24.0000;3;0;0;2;1;0;
EBT;UF;3147105;6.0625;4;1;0;3;0;0;
EBT;UF;3147402;100.0000;1;0;0;0;0;1;
EBT;UF;3147600;2.0000;1;0;0;1;0;0;
EBT;UF;3147907;140.4375;10;1;2;3;3;1;
EBT;UF;3148004;2.0000;1;0;0;1;0;0;
EBT;UF;3148103;2.0000;1;0;0;1;0;0;
EBT;UF;3149101;2.0000;1;0;0;1;0;0;
EBT;UF;3149309;66.1250;22;0;9;10;3;0;
EBT;UF;3149903;414.0000;5;0;0;2;0;3;
EBT;UF;3151404;4.0000;2;0;0;2;0;0;
EBT;UF;3151800;67.9375;46;3;16;25;2;0;
EBT;UF;3152105;10.0000;1;0;0;0;1;0;
EBT;UF;3152501;122.5000;39;2;14;16;7;0;
EBT;UF;3154200;32.0000;1;0;0;0;1;0;
EBT;UF;3154606;108.1875;33;3;10;17;3;0;
EBT;UF;3155504;2.0000;1;0;0;1;0;0;
EBT;UF;3156700;10.0000;5;0;0;5;0;0;
EBT;UF;3157807;155.6250;38;2;13;17;6;0;
EBT;UF;3160702;12.0000;2;0;0;1;1;0;
EBT;UF;3162104;16.0000;4;0;0;3;1;0;
EBT;UF;3162401;2.0000;1;0;0;1;0;0;
EBT;UF;3162500;518.5625;47;1;16;19;9;2;
EBT;UF;3162708;2.0000;1;0;0;1;0;0;
EBT;UF;3162955;0.2500;1;0;1;0;0;0;
EBT;UF;3163706;50.0000;3;0;0;1;2;0;
EBT;UF;3164704;35.6250;32;2;12;18;0;0;
EBT;UF;3166907;8.0000;1;0;0;0;1;0;
EBT;UF;3167202;205.8125;40;1;2;29;8;0;
EBT;UF;3168606;274.0000;17;0;3;5;9;0;
EBT;UF;3168705;392.0625;27;1;3;7;16;0;
EBT;UF;3169307;286.0000;40;2;19;14;4;1;
EBT;UF;3169356;2.0000;1;0;0;1;0;0;
EBT;UF;3169901;142.0000;3;0;0;0;2;1;
EBT;UF;3170107;113.0000;34;2;15;13;4;0;
EBT;UF;3170206;3875.2500;161;10;51;46;34;20;
EBT;UF;3170404;42.5000;23;0;1;22;0;0;
EBT;UF;3170701;2276.6875;39;1;4;15;8;11;
EBT;UF;3171204;27.2500;18;0;4;14;0;0;
EBT;UF;3171303;214.0000;8;0;0;4;3;1;
EBT;UF;3172004;96.0000;3;0;0;0;3;0;
EBT;UF;3200201;14.0000;2;0;0;1;1;0;
EBT;UF;3200409;34.0000;1;0;0;0;1;0;
EBT;UF;3200607;7.0000;4;0;0;4;0;0;
EBT;UF;3200805;44.0000;4;0;0;1;3;0;
EBT;UF;3200904;18.0000;4;0;0;2;2;0;
EBT;UF;3201209;198.5000;22;0;2;13;7;0;
EBT;UF;3201308;265.9375;43;5;2;24;11;1;
EBT;UF;3201506;518.4375;36;1;4;25;4;2;
EBT;UF;3201902;3.8125;5;1;2;2;0;0;
EBT;UF;3202108;2.0000;1;0;0;1;0;0;
EBT;UF;3202405;291.0000;4;0;0;1;1;2;
EBT;UF;3202504;172.3750;8;2;1;2;2;1;
EBT;UF;3202801;1.0000;6;4;2;0;0;0;
EBT;UF;3202900;36.0000;2;0;0;1;1;0;
EBT;UF;3203205;306.3750;14;2;1;4;5;2;
EBT;UF;3203320;1.6250;4;2;1;1;0;0;
EBT;UF;3203346;20.0000;2;0;0;0;2;0;
EBT;UF;3203502;10.0000;1;0;0;0;1;0;
EBT;UF;3203700;16.0000;5;0;0;4;1;0;
EBT;UF;3203908;2.0000;1;0;0;1;0;0;
EBT;UF;3204054;2.0000;1;0;0;1;0;0;
EBT;UF;3204104;96.0000;3;0;0;1;1;1;
EBT;UF;3204203;128.1875;4;3;0;0;0;1;
EBT;UF;3204351;4.0000;2;0;0;2;0;0;
EBT;UF;3204401;64.0000;3;0;0;0;3;0;
EBT;UF;3204609;80.0000;5;0;0;2;3;0;
EBT;UF;3204906;463.5000;13;0;2;4;5;2;
EBT;UF;3205002;1647.3125;113;3;14;45;44;7;
EBT;UF;3205069;19.1875;12;1;6;4;1;0;
EBT;UF;3205101;47.0000;11;0;0;7;4;0;
EBT;UF;3205200;1976.3750;62;0;7;24;27;4;
EBT;UF;3205309;42568.8125;131;3;7;18;67;36;
EBT;UF;3300100;114.0000;12;0;0;6;6;0;
EBT;UF;3300209;10.0000;3;0;0;1;2;0;
EBT;UF;3300258;2.0000;1;0;0;1;0;0;
EBT;UF;3300308;12.0000;2;0;0;1;1;0;
EBT;UF;3300407;32.2500;8;0;1;5;2;0;
EBT;UF;3300456;41.5000;20;0;3;16;1;0;
EBT;UF;3300704;16.0000;5;0;0;4;1;0;
EBT;UF;3300803;2.0000;1;0;0;1;0;0;
EBT;UF;3301009;136.1250;28;0;10;12;6;0;
EBT;UF;3301108;2.0000;1;0;0;1;0;0;
EBT;UF;3301306;2.0000;1;0;0;1;0;0;
EBT;UF;3301702;3218.1875;61;1;9;30;7;14;
EBT;UF;3301900;17.0000;4;0;0;2;2;0;
EBT;UF;3302007;4.0000;2;0;0;2;0;0;
EBT;UF;3302205;4.0000;2;0;0;2;0;0;
EBT;UF;3302254;145.0000;11;0;0;6;4;1;
EBT;UF;3302403;1877.5000;158;0;5;65;82;6;
EBT;UF;3302502;2.0000;1;0;0;1;0;0;
EBT;UF;3302858;47.6250;7;0;2;4;0;1;
EBT;UF;3303203;6.5000;7;0;4;3;0;0;
EBT;UF;3303302;3265.2500;155;0;4;121;22;8;
EBT;UF;3303401;10.0000;1;0;0;0;1;0;
EBT;UF;3303500;216.4375;30;1;4;21;3;1;
EBT;UF;3303609;1.0000;1;0;0;1;0;0;
EBT;UF;3303906;335.1250;48;0;6;34;7;1;
EBT;UF;3304003;1.0000;1;0;0;1;0;0;
EBT;UF;3304110;1009.6250;28;0;5;9;6;8;
EBT;UF;3304144;4.0000;2;0;0;2;0;0;
EBT;UF;3304201;424.2500;26;0;1;14;9;2;
EBT;UF;3304524;172.5000;29;0;3;14;12;0;
EBT;UF;3304557;259752.277;3525;7;160;2158;781;419;
EBT;UF;3304904;151.2500;53;0;8;36;9;0;
EBT;UF;3305000;32.2500;10;0;1;8;1;0;
EBT;UF;3305109;110.5625;31;1;1;22;7;0;
EBT;UF;3305208;5.0000;4;0;2;2;0;0;
EBT;UF;3305554;344.0000;3;0;0;0;1;2;
EBT;UF;3305802;43.3750;8;0;2;5;1;0;
EBT;UF;3306008;128.0000;16;0;0;7;9;0;
EBT;UF;3306305;636.5000;29;0;1;13;12;3;
EBT;UF;3501004;0.2500;1;0;1;0;0;0;
EBT;UF;3501152;2.0000;1;0;0;1;0;0;
EBT;UF;3501608;2853.0000;93;0;15;55;6;17;
EBT;UF;3501707;310.0000;2;0;0;0;0;2;
EBT;UF;3502101;157.0000;2;0;0;1;0;1;
EBT;UF;3502804;169.0000;4;0;0;2;1;1;
EBT;UF;3503000;2.5000;2;0;1;1;0;0;
EBT;UF;3503208;3486.0000;55;0;3;18;13;21;
EBT;UF;3503307;5.0000;6;0;3;3;0;0;
EBT;UF;3504008;165.3750;5;0;2;1;1;1;
EBT;UF;3504107;17.0000;9;0;0;9;0;0;
EBT;UF;3505302;4.0000;2;0;0;2;0;0;
EBT;UF;3505500;320.0000;3;0;0;0;1;2;
EBT;UF;3505708;31968.1250;272;4;20;86;67;95;
EBT;UF;3505906;0.8848;5;1;4;0;0;0;
EBT;UF;3506003;12267.0000;141;0;3;42;28;68;
EBT;UF;3506102;1307.6250;32;4;5;11;4;8;
EBT;UF;3506359;3.2500;5;0;4;1;0;0;
EBT;UF;3507506;1450.0000;21;0;0;10;2;9;
EBT;UF;3507605;1329.8125;17;1;3;1;4;8;
EBT;UF;3507803;0.2500;1;0;1;0;0;0;
EBT;UF;3508207;2.5625;3;1;1;1;0;0;
EBT;UF;3508504;128.2500;3;0;1;1;0;1;
EBT;UF;3508603;1342.0000;4;0;0;0;1;3;
EBT;UF;3509205;488.2500;17;0;4;9;1;3;
EBT;UF;3509254;155.2500;2;0;1;0;0;1;
EBT;UF;3509403;1.5000;3;0;2;1;0;0;
EBT;UF;3509502;32268.2500;219;0;13;67;35;104;
EBT;UF;3509700;0.6250;2;0;2;0;0;0;
EBT;UF;3510005;0.2500;1;0;1;0;0;0;
EBT;UF;3510500;342.0000;3;0;0;0;1;2;
EBT;UF;3511102;349.0000;8;0;0;3;3;2;
EBT;UF;3512803;2.0625;2;1;0;1;0;0;
EBT;UF;3513009;249.1250;33;2;5;20;5;1;
EBT;UF;3513504;746.6250;21;0;2;9;6;4;
EBT;UF;3513801;2461.5938;159;0;24;111;10;14;
EBT;UF;3516200;2267.5195;41;8;7;9;3;14;
EBT;UF;3517406;1.2646;4;2;1;1;0;0;
EBT;UF;3517703;3.7686;5;1;2;2;0;0;
EBT;UF;3518305;155.0000;1;0;0;0;0;1;
EBT;UF;3518701;369.1250;24;0;8;13;1;2;
EBT;UF;3518800;959.6875;183;3;40;119;16;5;
EBT;UF;3519071;4748.1250;42;0;3;11;8;20;
EBT;UF;3520509;1938.0000;30;0;4;9;5;12;
EBT;UF;3521002;4.0000;2;0;0;2;0;0;
EBT;UF;3521309;1.2686;3;1;1;1;0;0;
EBT;UF;3522307;754.0000;6;0;0;0;1;5;
EBT;UF;3522505;8.0000;1;0;0;0;1;0;
EBT;UF;3522604;2.5625;4;1;2;1;0;0;
EBT;UF;3523107;155.0000;1;0;0;0;0;1;
EBT;UF;3523909;2167.7500;37;0;2;12;9;14;
EBT;UF;3524105;5.7500;9;0;6;3;0;0;
EBT;UF;3524402;42.5625;19;1;1;15;2;0;
EBT;UF;3524709;313.5000;6;0;2;2;0;2;
EBT;UF;3525003;157.0000;2;0;0;1;0;1;
EBT;UF;3525102;4.2500;6;0;3;3;0;0;
EBT;UF;3525300;2157.2500;44;0;1;23;7;13;
EBT;UF;3525904;5670.5000;71;0;2;34;8;27;
EBT;UF;3526803;1276.0000;11;0;0;2;1;8;
EBT;UF;3526902;2237.4375;29;0;1;10;4;14;
EBT;UF;3527108;2080.5000;31;4;5;4;5;13;
EBT;UF;3527306;344.0000;3;0;0;0;1;2;
EBT;UF;3527405;155.0000;1;0;0;0;0;1;
EBT;UF;3528403;2.7500;3;0;2;1;0;0;
EBT;UF;3528502;2.2500;2;0;1;1;0;0;
EBT;UF;3529005;2745.6250;70;4;8;29;12;17;
EBT;UF;3529302;163.0000;2;0;0;0;1;1;
EBT;UF;3529401;1388.8125;100;5;18;62;7;8;
EBT;UF;3529708;3.7500;4;0;2;2;0;0;
EBT;UF;3530300;465.0000;3;0;0;0;0;3;
EBT;UF;3530508;3.0000;4;0;3;1;0;0;
EBT;UF;3530607;2204.0625;128;1;25;88;9;5;
EBT;UF;3530706;13.8750;10;0;3;7;0;0;
EBT;UF;3530805;164.2500;7;0;1;5;0;1;
EBT;UF;3531100;4.3750;4;0;2;2;0;0;
EBT;UF;3531902;3.5000;6;0;4;2;0;0;
EBT;UF;3534401;4585.5098;49;1;2;15;13;18;
EBT;UF;3534708;1185.5000;22;0;1;7;6;8;
EBT;UF;3536703;1.0000;1;0;0;1;0;0;
EBT;UF;3537404;3.0625;5;1;3;1;0;0;
EBT;UF;3538006;126.7500;7;0;2;1;3;1;
EBT;UF;3538709;2085.2969;43;1;8;18;3;13;
EBT;UF;3539301;8.3125;6;1;1;4;0;0;
EBT;UF;3539806;304.2500;6;0;1;0;2;3;
EBT;UF;3541000;7.0000;9;0;5;4;0;0;
EBT;UF;3541406;2614.5625;61;1;5;29;10;16;
EBT;UF;3541505;16.0000;1;0;0;0;1;0;
EBT;UF;3543303;15.5000;10;0;1;9;0;0;
EBT;UF;3543402;12203.0000;186;0;4;73;37;72;
EBT;UF;3543907;982.2871;39;2;8;22;1;6;
EBT;UF;3544004;1.7500;3;0;2;1;0;0;
EBT;UF;3544103;5.0000;3;0;0;3;0;0;
EBT;UF;3544202;2.0000;1;0;0;1;0;0;
EBT;UF;3545209;320.0000;5;0;0;2;1;2;
EBT;UF;3545803;32.2500;15;0;1;13;1;0;
EBT;UF;3546405;190.0000;4;0;2;0;1;1;
EBT;UF;3547304;6791.1250;28;0;1;8;8;11;
EBT;UF;3547809;14001.6250;235;2;51;116;20;46;
EBT;UF;3548500;8258.6250;181;0;17;85;43;36;
EBT;UF;3548708;11190.5625;320;5;68;153;41;53;
EBT;UF;3548807;6605.1875;64;3;9;32;8;12;
EBT;UF;3548906;3280.3750;24;0;2;2;8;12;
EBT;UF;3549409;2.1875;7;1;5;1;0;0;
EBT;UF;3549805;3437.0000;46;0;0;7;17;22;
EBT;UF;3549904;6667.5781;131;2;35;57;19;18;
EBT;UF;3550308;290046.188;5245;126;501;2755;699;1164;
EBT;UF;3551009;1892.5625;70;1;18;36;9;6;
EBT;UF;3551702;722.0000;6;0;0;1;0;5;
EBT;UF;3552205;9646.5000;137;0;5;48;26;58;
EBT;UF;3552403;16.0000;11;0;3;8;0;0;
EBT;UF;3552502;21.0000;17;0;7;10;0;0;
EBT;UF;3552809;5945.0000;22;0;0;11;4;7;
EBT;UF;3554102;1504.5000;52;0;10;26;5;11;
EBT;UF;3554508;9.0000;4;0;0;3;1;0;
EBT;UF;3555000;2.0000;1;0;0;1;0;0;
EBT;UF;3556206;334.2500;12;0;1;8;1;2;
EBT;UF;3556701;465.0000;3;0;0;0;0;3;
EBT;UF;3557006;469.0000;5;0;0;2;0;3;
EBT;UF;4100400;12.2500;8;0;2;5;1;0;
EBT;UF;4100509;1.0000;1;0;0;1;0;0;
EBT;UF;4100608;1.0000;1;0;0;1;0;0;
EBT;UF;4100707;1.0000;1;0;0;1;0;0;
EBT;UF;4100806;1.0000;1;0;0;1;0;0;
EBT;UF;4100905;0.2500;1;0;1;0;0;0;
EBT;UF;4101101;7.2500;8;0;3;5;0;0;
EBT;UF;4101408;92.2500;20;2;1;13;4;0;
EBT;UF;4101507;52.5000;9;0;2;2;5;0;
EBT;UF;4101606;1.0000;1;0;0;1;0;0;
EBT;UF;4101705;1.0000;1;0;0;1;0;0;
EBT;UF;4101804;226.4375;95;5;26;54;10;0;
EBT;UF;4101903;1.0000;1;0;0;1;0;0;
EBT;UF;4102000;3.1250;3;0;1;2;0;0;
EBT;UF;4102109;1.0000;1;0;0;1;0;0;
EBT;UF;4102307;0.5000;1;0;1;0;0;0;
EBT;UF;4102406;0.9375;4;1;3;0;0;0;
EBT;UF;4102505;1.0000;1;0;0;1;0;0;
EBT;UF;4102802;1.2500;2;0;1;1;0;0;
EBT;UF;4102901;1.0000;1;0;0;1;0;0;
EBT;UF;4103206;0.2500;1;0;1;0;0;0;
EBT;UF;4103602;4.0000;2;0;0;2;0;0;
EBT;UF;4103701;38.3750;36;4;13;18;1;0;
EBT;UF;4103800;0.3125;2;1;1;0;0;0;
EBT;UF;4104006;2.0000;2;0;0;2;0;0;
EBT;UF;4104204;63.7500;19;0;2;13;4;0;
EBT;UF;4104253;3.0000;2;0;0;2;0;0;
EBT;UF;4104303;1.5000;2;0;1;1;0;0;
EBT;UF;4104428;1.2500;2;0;1;1;0;0;
EBT;UF;4104501;1.2500;2;0;1;1;0;0;
EBT;UF;4104600;1.0000;1;0;0;1;0;0;
EBT;UF;4104709;2.0000;1;0;0;1;0;0;
EBT;UF;4104808;245.7500;100;8;28;54;10;0;
EBT;UF;4104907;3.0625;16;9;6;1;0;0;
EBT;UF;4105102;1.0000;1;0;0;1;0;0;
EBT;UF;4105409;1.0000;1;0;0;1;0;0;
EBT;UF;4105508;73.0000;25;2;8;10;5;0;
EBT;UF;4105706;1.0000;1;0;0;1;0;0;
EBT;UF;4105805;196.3750;34;4;15;12;2;1;
EBT;UF;4105904;1.0000;1;0;0;1;0;0;
EBT;UF;4106001;0.2500;1;0;1;0;0;0;
EBT;UF;4106209;1.0000;1;0;0;1;0;0;
EBT;UF;4106308;1.0000;1;0;0;1;0;0;
EBT;UF;4106407;14.7500;7;2;3;0;2;0;
EBT;UF;4106506;1.0000;1;0;0;1;0;0;
EBT;UF;4106605;1.0000;1;0;0;1;0;0;
EBT;UF;4106902;20939.0625;1176;25;211;593;311;36;
EBT;UF;4107009;1.0000;1;0;0;1;0;0;
EBT;UF;4107108;0.2500;1;0;1;0;0;0;
EBT;UF;4107207;4.2500;5;0;2;3;0;0;
EBT;UF;4107256;12.0000;1;0;0;0;1;0;
EBT;UF;4107306;0.2500;1;0;1;0;0;0;
EBT;UF;4107538;1.0000;1;0;0;1;0;0;
EBT;UF;4107603;1.0000;1;0;0;1;0;0;
EBT;UF;4107652;310.6875;6;1;3;0;0;2;
EBT;UF;4107736;2.0000;1;0;0;1;0;0;
EBT;UF;4107801;0.2500;1;0;1;0;0;0;
EBT;UF;4108007;1.2500;2;0;1;1;0;0;
EBT;UF;4108205;1.0000;1;0;0;1;0;0;
EBT;UF;4108304;158.0000;102;10;40;47;5;0;
EBT;UF;4108320;0.2500;1;0;1;0;0;0;
EBT;UF;4108403;25.0625;16;1;6;8;1;0;
EBT;UF;4108601;3.3125;6;1;3;2;0;0;
EBT;UF;4108700;1.0000;1;0;0;1;0;0;
EBT;UF;4108809;5.0000;5;0;2;3;0;0;
EBT;UF;4109302;1.0000;1;0;0;1;0;0;
EBT;UF;4109401;17.3750;12;0;5;6;1;0;
EBT;UF;4109500;2.0000;1;0;0;1;0;0;
EBT;UF;4109609;9.0000;5;0;0;5;0;0;
EBT;UF;4109708;1.1250;2;0;1;1;0;0;
EBT;UF;4109807;7.0000;16;4;7;5;0;0;
EBT;UF;4110102;1.0000;1;0;0;1;0;0;
EBT;UF;4110607;1.0000;1;0;0;1;0;0;
EBT;UF;4110706;11.7500;22;6;11;5;0;0;
EBT;UF;4110953;1.0000;1;0;0;1;0;0;
EBT;UF;4111506;1.2500;2;0;1;1;0;0;
EBT;UF;4111803;1.5000;2;0;1;1;0;0;
EBT;UF;4112009;1.0000;1;0;0;1;0;0;
EBT;UF;4112108;0.3750;3;2;1;0;0;0;
EBT;UF;4112504;1.0000;1;0;0;1;0;0;
EBT;UF;4112702;1.0000;1;0;0;1;0;0;
EBT;UF;4112751;1.0000;1;0;0;1;0;0;
EBT;UF;4112801;1.0000;1;0;0;1;0;0;
EBT;UF;4113205;1.0625;2;1;0;1;0;0;
EBT;UF;4113304;1.7500;3;0;2;1;0;0;
EBT;UF;4113502;1.0000;1;0;0;1;0;0;
EBT;UF;4113601;14.0000;4;0;0;3;1;0;
EBT;UF;4113700;2023.8750;153;10;46;56;37;4;
EBT;UF;4113809;1.0000;1;0;0;1;0;0;
EBT;UF;4114005;1.0000;1;0;0;1;0;0;
EBT;UF;4114104;1.0000;1;0;0;1;0;0;
EBT;UF;4114203;17.5000;7;0;4;2;1;0;
EBT;UF;4114302;0.2500;1;0;1;0;0;0;
EBT;UF;4114351;0.2500;1;0;1;0;0;0;
EBT;UF;4114401;1.0000;1;0;0;1;0;0;
EBT;UF;4114500;1.0000;1;0;0;1;0;0;
EBT;UF;4114609;0.7500;2;0;2;0;0;0;
EBT;UF;4114807;0.8750;2;0;2;0;0;0;
EBT;UF;4114906;1.0000;1;0;0;1;0;0;
EBT;UF;4115200;1866.3750;180;10;53;82;32;3;
EBT;UF;4115309;0.2500;1;0;1;0;0;0;
EBT;UF;4115358;1.0000;1;0;0;1;0;0;
EBT;UF;4115408;1.0000;1;0;0;1;0;0;
EBT;UF;4115606;3.2500;3;0;1;2;0;0;
EBT;UF;4115705;3.0000;2;0;0;2;0;0;
EBT;UF;4116208;1.0000;1;0;0;1;0;0;
EBT;UF;4116703;1.0000;1;0;0;1;0;0;
EBT;UF;4116901;2.0000;5;0;4;1;0;0;
EBT;UF;4117107;2.0000;2;0;0;2;0;0;
EBT;UF;4117271;0.2500;1;0;1;0;0;0;
EBT;UF;4117305;1.0000;1;0;0;1;0;0;
EBT;UF;4117503;3.1250;3;0;1;2;0;0;
EBT;UF;4117602;5.6250;5;0;2;3;0;0;
EBT;UF;4117701;1.0000;1;0;0;1;0;0;
EBT;UF;4117909;1.1250;2;0;1;1;0;0;
EBT;UF;4118204;266.3125;66;5;17;39;4;1;
EBT;UF;4118402;21.7500;28;6;12;10;0;0;
EBT;UF;4118451;0.2500;1;0;1;0;0;0;
EBT;UF;4118501;28.7500;15;2;3;9;1;0;
EBT;UF;4118907;1.0000;1;0;0;1;0;0;
EBT;UF;4119152;129.7500;32;0;4;20;8;0;
EBT;UF;4119301;0.3125;2;1;1;0;0;0;
EBT;UF;4119400;2.0000;1;0;0;1;0;0;
EBT;UF;4119509;8.8125;7;1;1;5;0;0;
EBT;UF;4119608;1.0000;1;0;0;1;0;0;
EBT;UF;4119806;1.0000;1;0;0;1;0;0;
EBT;UF;4119905;385.9375;96;13;25;40;17;1;
EBT;UF;4119954;39.0000;6;0;0;4;2;0;
EBT;UF;4120002;1.0000;1;0;0;1;0;0;
EBT;UF;4120101;0.2500;1;0;1;0;0;0;
EBT;UF;4120606;3.2500;3;0;1;2;0;0;
EBT;UF;4120705;0.2500;1;0;1;0;0;0;
EBT;UF;4120804;369.7500;15;0;5;4;4;2;
EBT;UF;4120853;1.0000;1;0;0;1;0;0;
EBT;UF;4120903;1.0000;1;0;0;1;0;0;
EBT;UF;4121406;1.0000;1;0;0;1;0;0;
EBT;UF;4121505;1.0000;1;0;0;1;0;0;
EBT;UF;4121604;0.2500;1;0;1;0;0;0;
EBT;UF;4121901;1.0000;1;0;0;1;0;0;
EBT;UF;4122008;0.5000;1;0;1;0;0;0;
EBT;UF;4122206;0.7500;2;0;2;0;0;0;
EBT;UF;4122305;7.6250;14;2;8;4;0;0;
EBT;UF;4122404;69.5000;25;0;2;20;3;0;
EBT;UF;4122800;0.2500;1;0;1;0;0;0;
EBT;UF;4123204;1.0000;1;0;0;1;0;0;
EBT;UF;4123501;1.0000;1;0;0;1;0;0;
EBT;UF;4123709;1.0000;1;0;0;1;0;0;
EBT;UF;4123808;1.1250;2;0;1;1;0;0;
EBT;UF;4123907;2.2500;3;0;1;2;0;0;
EBT;UF;4124053;1.0625;2;1;0;1;0;0;
EBT;UF;4124103;3.0625;3;1;0;2;0;0;
EBT;UF;4124400;1.0000;1;0;0;1;0;0;
EBT;UF;4124509;1.5000;2;0;1;1;0;0;
EBT;UF;4124707;1.0000;1;0;0;1;0;0;
EBT;UF;4125001;2.0000;2;0;0;2;0;0;
EBT;UF;4125456;0.2500;1;0;1;0;0;0;
EBT;UF;4125506;2189.6250;203;6;47;112;30;8;
EBT;UF;4125605;1.0000;1;0;0;1;0;0;
EBT;UF;4126009;0.2500;1;0;1;0;0;0;
EBT;UF;4126256;10.0000;12;0;7;5;0;0;
EBT;UF;4126306;1.0000;1;0;0;1;0;0;
EBT;UF;4126504;1.0000;1;0;0;1;0;0;
EBT;UF;4126603;1.1250;2;0;1;1;0;0;
EBT;UF;4126678;0.2500;1;0;1;0;0;0;
EBT;UF;4126801;1.0000;1;0;0;1;0;0;
EBT;UF;4127106;12.0000;6;0;0;6;0;0;
EBT;UF;4127502;1.0000;1;0;0;1;0;0;
EBT;UF;4127700;39.9375;21;5;6;6;4;0;
EBT;UF;4127809;1.0000;1;0;0;1;0;0;
EBT;UF;4128005;1.0000;1;0;0;1;0;0;
EBT;UF;4128104;86.7500;15;0;3;6;6;0;
EBT;UF;4128203;14.2500;8;0;1;7;0;0;
EBT;UF;4128401;1.0000;1;0;0;1;0;0;
EBT;UF;4128500;1.1250;2;0;1;1;0;0;
EBT;UF;4128708;2.5000;3;0;2;1;0;0;
EBT;UF;4128807;0.2500;1;0;1;0;0;0;
EBT;UF;4201307;59.3125;16;1;1;8;6;0;
EBT;UF;4201703;0.2500;1;0;1;0;0;0;
EBT;UF;4202008;108.2500;20;0;1;9;10;0;
EBT;UF;4202305;89.6875;36;3;19;9;5;0;
EBT;UF;4202404;1167.5625;138;5;31;59;40;3;
EBT;UF;4202602;5.2500;3;0;1;1;1;0;
EBT;UF;4202909;290.0625;42;1;6;16;18;1;
EBT;UF;4203006;132.3750;9;2;1;2;3;1;
EBT;UF;4203204;21.6250;16;0;7;8;1;0;
EBT;UF;4203956;14.5000;3;0;1;1;1;0;
EBT;UF;4204202;370.5625;51;7;12;17;13;2;
EBT;UF;4204251;32.2500;2;0;1;0;1;0;
EBT;UF;4204301;444.0000;11;0;0;0;8;3;
EBT;UF;4204350;0.6875;4;1;3;0;0;0;
EBT;UF;4204509;3.6250;5;0;3;2;0;0;
EBT;UF;4204558;4.0000;1;0;0;0;1;0;
EBT;UF;4204608;332.6875;48;9;7;10;21;1;
EBT;UF;4204806;0.5000;1;0;1;0;0;0;
EBT;UF;4205191;10.0000;1;0;0;0;1;0;
EBT;UF;4205407;2840.6875;206;9;30;75;85;7;
EBT;UF;4205506;2.9375;9;3;5;1;0;0;
EBT;UF;4205704;7.1250;10;2;3;5;0;0;
EBT;UF;4205803;4.0000;1;0;0;0;1;0;
EBT;UF;4205902;65.3750;19;2;9;4;4;0;
EBT;UF;4206504;64.1875;18;1;4;9;4;0;
EBT;UF;4206702;2.6250;3;0;2;1;0;0;
EBT;UF;4207007;35.0625;7;1;2;1;3;0;
EBT;UF;4207502;201.5625;29;1;1;17;9;1;
EBT;UF;4208203;858.3750;152;2;16;87;44;3;
EBT;UF;4208906;145.5625;35;1;6;19;9;0;
EBT;UF;4209003;223.0000;20;0;2;8;9;1;
EBT;UF;4209102;1192.3125;198;17;44;81;53;3;
EBT;UF;4209300;175.6250;40;2;8;14;16;0;
EBT;UF;4209706;1.2500;2;0;1;1;0;0;
EBT;UF;4210100;7.9375;16;3;10;3;0;0;
EBT;UF;4210209;3.2500;3;0;1;2;0;0;
EBT;UF;4210605;1.5625;4;1;2;1;0;0;
EBT;UF;4211306;91.8125;31;1;5;14;11;0;
EBT;UF;4211603;2.2500;3;0;1;2;0;0;
EBT;UF;4211900;151.5625;43;1;15;18;9;0;
EBT;UF;4213005;0.3125;3;1;2;0;0;0;
EBT;UF;4213203;22.0000;5;0;3;1;1;0;
EBT;UF;4214706;2.2500;2;0;1;1;0;0;
EBT;UF;4214805;294.2500;55;0;13;19;23;0;
EBT;UF;4215000;24.0000;2;0;0;1;1;0;
EBT;UF;4215109;2.7500;3;0;2;1;0;0;
EBT;UF;4215802;169.9375;72;15;14;34;9;0;
EBT;UF;4216206;79.6250;19;2;5;5;7;0;
EBT;UF;4216602;282.3750;57;4;6;25;22;0;
EBT;UF;4216909;38.2500;7;0;4;2;1;0;
EBT;UF;4217402;3.5000;4;0;2;2;0;0;
EBT;UF;4217709;110.0000;2;0;0;0;1;1;
EBT;UF;4218202;118.5000;10;0;1;7;1;1;
EBT;UF;4218707;52.0625;10;1;0;5;4;0;
EBT;UF;4218806;2.0000;1;0;0;1;0;0;
EBT;UF;4219309;44.8750;18;0;12;2;4;0;
EBT;UF;4219507;7.5000;11;0;6;5;0;0;
EBT;UF;4219705;10.6250;7;2;2;2;1;0;
EBT;UF;4300406;202.3125;28;11;8;0;8;1;
EBT;UF;4300604;131.7500;16;0;4;2;10;0;
EBT;UF;4301602;436.1250;29;0;5;6;17;1;
EBT;UF;4302105;619.0000;77;4;4;24;45;0;
EBT;UF;4302352;1.0000;1;0;0;1;0;0;
EBT;UF;4302907;0.1250;1;0;1;0;0;0;
EBT;UF;4303103;333.2500;30;0;3;5;22;0;
EBT;UF;4303509;235.0000;17;0;2;4;10;1;
EBT;UF;4303905;496.4375;42;3;8;12;16;3;
EBT;UF;4304408;7.9375;8;1;4;2;1;0;
EBT;UF;4304606;861.1250;103;12;14;30;45;2;
EBT;UF;4304630;60.0625;5;1;0;0;4;0;
EBT;UF;4304705;125.3750;18;4;8;2;3;1;
EBT;UF;4304804;2.6875;6;1;3;2;0;0;
EBT;UF;4305108;1358.6250;248;18;36;94;99;1;
EBT;UF;4306106;190.4375;33;7;13;9;3;1;
EBT;UF;4306205;0.0625;1;1;0;0;0;0;
EBT;UF;4306601;6.0000;1;0;0;0;1;0;
EBT;UF;4306767;200.0000;21;0;0;9;11;1;
EBT;UF;4307005;481.0000;28;0;0;10;17;1;
EBT;UF;4307559;173.0625;4;1;0;1;1;1;
EBT;UF;4307609;31.5000;11;0;4;4;3;0;
EBT;UF;4307708;40.5000;25;6;9;6;4;0;
EBT;UF;4307807;11.3750;8;2;4;1;1;0;
EBT;UF;4307906;306.7500;32;0;2;7;23;0;
EBT;UF;4308102;1.0000;1;0;0;1;0;0;
EBT;UF;4308607;181.6875;37;1;7;16;13;0;
EBT;UF;4308904;2.0000;4;0;3;1;0;0;
EBT;UF;4309050;0.6250;2;0;2;0;0;0;
EBT;UF;4309100;35.3750;9;0;6;2;1;0;
EBT;UF;4309209;277.4375;75;9;23;13;30;0;
EBT;UF;4309308;60.6875;16;3;7;2;4;0;
EBT;UF;4310108;12.7500;11;6;2;0;3;0;
EBT;UF;4310207;278.1250;12;2;2;1;6;1;
EBT;UF;4310801;1.0000;4;0;4;0;0;0;
EBT;UF;4311403;189.4375;16;3;5;3;4;1;
EBT;UF;4311809;2.5000;6;0;5;1;0;0;
EBT;UF;4312401;21.3125;14;5;5;0;4;0;
EBT;UF;4312906;4.0000;1;0;0;0;1;0;
EBT;UF;4313201;8.6875;7;3;3;0;1;0;
EBT;UF;4313409;638.8125;90;7;9;26;48;0;
EBT;UF;4313508;22.6250;20;10;6;2;2;0;
EBT;UF;4313904;3.0000;14;4;10;0;0;0;
EBT;UF;4314050;6.1875;9;3;3;3;0;0;
EBT;UF;4314100;743.8125;61;3;10;26;21;1;
EBT;UF;4314308;0.2500;1;0;1;0;0;0;
EBT;UF;4314407;468.0000;47;4;12;11;18;2;
EBT;UF;4314506;4.0000;1;0;0;0;1;0;
EBT;UF;4314803;9.7500;5;0;3;1;1;0;
EBT;UF;4314902;34287.1250;592;14;54;124;351;49;
EBT;UF;4315602;334.8750;53;10;14;9;18;2;
EBT;UF;4316402;1.8125;6;1;4;1;0;0;
EBT;UF;4316808;538.5000;19;2;2;0;12;3;
EBT;UF;4316907;689.0000;96;30;25;17;21;3;
EBT;UF;4317103;50.2500;8;0;1;5;2;0;
EBT;UF;4317400;8.0000;1;0;0;0;1;0;
EBT;UF;4317509;8.5000;2;0;1;0;1;0;
EBT;UF;4317608;2.0000;5;0;4;1;0;0;
EBT;UF;4318705;206.6250;50;8;14;15;13;0;
EBT;UF;4319505;2.1875;6;1;4;1;0;0;
EBT;UF;4319901;59.5000;8;0;1;3;4;0;
EBT;UF;4320008;96.1875;23;5;6;4;8;0;
EBT;UF;4321204;4.7500;7;0;4;3;0;0;
EBT;UF;4321451;444.1875;15;5;5;1;1;3;
EBT;UF;4321501;17.0625;19;5;10;2;2;0;
EBT;UF;4321600;14.4375;13;3;6;3;1;0;
EBT;UF;4322004;32.0000;1;0;0;0;1;0;
EBT;UF;4322400;305.6250;21;0;7;5;8;1;
EBT;UF;4322509;307.8750;22;0;3;4;14;1;
EBT;UF;4322608;10.0000;2;0;0;1;1;0;
EBT;UF;4323002;18.5000;4;0;1;1;2;0;
EBT;UF;4323408;1.2500;2;0;1;1;0;0;
EBT;UF;5000203;34.0000;4;0;0;0;4;0;
EBT;UF;5002704;4064.3125;260;25;43;83;98;11;
EBT;UF;5003702;907.5000;28;0;1;8;17;2;
EBT;UF;5004502;1.2500;3;0;3;0;0;0;
EBT;UF;5005400;24.0000;3;0;0;0;3;0;
EBT;UF;5006309;4.0000;2;0;0;2;0;0;
EBT;UF;5007109;28.0000;5;0;0;1;4;0;
EBT;UF;5007901;34.0000;1;0;0;0;1;0;
EBT;UF;5008305;200.0000;25;0;0;11;14;0;
EBT;UF;5101704;34.0000;1;0;0;0;1;0;
EBT;UF;5102504;79.4375;40;5;10;19;6;0;
EBT;UF;5103403;13661.5625;687;37;120;370;129;31;
EBT;UF;5105259;662.0000;125;10;22;69;21;3;
EBT;UF;5105622;82.5000;12;0;3;7;2;0;
EBT;UF;5106224;444.9375;72;3;10;36;23;0;
EBT;UF;5106752;257.1250;49;6;15;21;6;1;
EBT;UF;5107198;0.5625;2;1;1;0;0;0;
EBT;UF;5107602;1943.3750;160;6;18;79;43;14;
EBT;UF;5107909;6400.3750;132;6;13;75;30;8;
EBT;UF;5107925;634.2500;84;2;15;34;30;3;
EBT;UF;5107958;2.3750;5;0;4;1;0;0;
EBT;UF;5108402;633.5625;114;3;20;58;32;1;
EBT;UF;5200308;5.0000;6;0;3;3;0;0;
EBT;UF;5201108;1482.3125;107;7;18;63;14;5;
EBT;UF;5201405;284.0000;143;4;34;92;13;0;
EBT;UF;5204508;25.0000;6;0;2;2;2;0;
EBT;UF;5204706;5.5000;5;0;2;3;0;0;
EBT;UF;5205109;222.3750;28;0;6;13;8;1;
EBT;UF;5206206;24.7500;6;0;2;2;2;0;
EBT;UF;5208707;2565.9375;449;17;77;268;81;6;
EBT;UF;5210000;8.0000;4;0;0;4;0;0;
EBT;UF;5211503;64.5625;23;1;1;16;5;0;
EBT;UF;5211909;106.0000;3;0;0;1;1;1;
EBT;UF;5212501;36.3125;26;1;11;13;1;0;
EBT;UF;5213806;1.7500;3;0;2;1;0;0;
EBT;UF;5215231;2.0625;6;1;4;1;0;0;
EBT;UF;5218003;2.5000;2;0;1;1;0;0;
EBT;UF;5218805;109.8125;31;1;5;17;8;0;
EBT;UF;5219605;2.0000;1;0;0;1;0;0;
EBT;UF;5220454;17.0000;9;0;0;9;0;0;
EBT;UF;5221403;16.5625;4;1;1;0;2;0;
EBT;UF;5221601;12.0000;5;0;4;0;1;0;
EBT;UF;5221858;27.3750;21;2;7;11;1;0;
EBT;UF;5300108;93673.1250;2249;54;375;1028;591;201;
09;822;
