01;CLA;IPL4;201604;
EBT;UF;1302603;112.7500;37;2;25;10;0;0;
EBT;UF;1500800;2.7148;3;1;2;0;0;0;
EBT;UF;1501402;7.9297;5;0;5;0;0;0;
EBT;UF;1504208;2.0000;1;0;1;0;0;0;
EBT;UF;2111300;148.0127;46;23;20;1;0;2;
EBT;UF;2211001;473.7656;31;10;11;1;0;9;
EBT;UF;2304400;25.0000;14;2;11;1;0;0;
EBT;UF;2403251;13.7813;5;2;2;1;0;0;
EBT;UF;2408102;282.3242;40;11;20;5;0;4;
EBT;UF;2507507;106.9805;26;5;17;3;0;1;
EBT;UF;2601201;6.5000;4;1;3;0;0;0;
EBT;UF;2609600;1.5000;3;2;1;0;0;0;
EBT;UF;2610707;3.0000;2;0;2;0;0;0;
EBT;UF;2611606;263.5547;44;10;29;1;0;4;
EBT;UF;2704302;50.8398;24;9;12;3;0;0;
EBT;UF;2919207;9.3906;6;1;5;0;0;0;
EBT;UF;2927408;214.3633;29;19;6;0;0;4;
EBT;UF;3101607;2.0000;1;0;1;0;0;0;
EBT;UF;3103751;0.2500;1;1;0;0;0;0;
EBT;UF;3105400;2.0000;1;0;1;0;0;0;
EBT;UF;3105608;2.0000;1;0;1;0;0;0;
EBT;UF;3106200;1116.3398;395;64;310;8;0;13;
EBT;UF;3106705;1.0000;1;0;1;0;0;0;
EBT;UF;3106804;2.0000;1;0;1;0;0;0;
EBT;UF;3107406;2.0000;1;0;1;0;0;0;
EBT;UF;3113404;0.5000;1;1;0;0;0;0;
EBT;UF;3118106;0.5000;1;1;0;0;0;0;
EBT;UF;3118304;2.0000;1;0;1;0;0;0;
EBT;UF;3118601;1.2500;2;1;1;0;0;0;
EBT;UF;3118908;0.2500;1;1;0;0;0;0;
EBT;UF;3119104;2.0000;1;0;1;0;0;0;
EBT;UF;3119302;1.0000;1;0;1;0;0;0;
EBT;UF;3119401;0.5000;1;1;0;0;0;0;
EBT;UF;3122306;0.5000;1;1;0;0;0;0;
EBT;UF;3123700;2.0000;1;0;1;0;0;0;
EBT;UF;3124104;2.0000;1;0;1;0;0;0;
EBT;UF;3127701;1.9648;2;1;1;0;0;0;
EBT;UF;3131307;0.5000;1;1;0;0;0;0;
EBT;UF;3131703;4.9297;3;0;3;0;0;0;
EBT;UF;3132404;1.0000;1;0;1;0;0;0;
EBT;UF;3135100;1.5000;2;1;1;0;0;0;
EBT;UF;3135803;2.0000;1;0;1;0;0;0;
EBT;UF;3136207;0.5000;1;1;0;0;0;0;
EBT;UF;3136702;5.0000;3;0;3;0;0;0;
EBT;UF;3138203;0.2500;1;1;0;0;0;0;
EBT;UF;3139409;9.5000;5;1;3;1;0;0;
EBT;UF;3144300;0.5000;1;1;0;0;0;0;
EBT;UF;3144409;2.0000;1;0;1;0;0;0;
EBT;UF;3144805;55.3203;5;1;3;0;0;1;
EBT;UF;3145901;2.0000;1;0;1;0;0;0;
EBT;UF;3147907;2.0000;1;0;1;0;0;0;
EBT;UF;3151404;1.0000;1;0;1;0;0;0;
EBT;UF;3151800;4.0000;2;0;2;0;0;0;
EBT;UF;3154606;0.5000;1;1;0;0;0;0;
EBT;UF;3156700;1.4648;1;0;1;0;0;0;
EBT;UF;3158953;2.0000;1;0;1;0;0;0;
EBT;UF;3160702;4.0000;2;0;2;0;0;0;
EBT;UF;3162500;3.9648;3;1;2;0;0;0;
EBT;UF;3164506;1.0000;1;0;1;0;0;0;
EBT;UF;3167202;8.0000;4;0;4;0;0;0;
EBT;UF;3168101;4.0000;2;0;2;0;0;0;
EBT;UF;3168705;6.0000;3;0;3;0;0;0;
EBT;UF;3169307;0.5000;1;1;0;0;0;0;
EBT;UF;3169802;1.0000;1;0;1;0;0;0;
EBT;UF;3169901;3.0000;6;4;2;0;0;0;
EBT;UF;3170107;1.0000;1;0;1;0;0;0;
EBT;UF;3170206;8.7500;6;2;4;0;0;0;
EBT;UF;3201308;4.2500;3;1;2;0;0;0;
EBT;UF;3204609;0.5000;1;1;0;0;0;0;
EBT;UF;3205002;18.4648;8;3;4;1;0;0;
EBT;UF;3205200;133.8906;37;9;23;3;1;1;
EBT;UF;3205309;393.0313;90;9;54;22;3;2;
EBT;UF;3300100;4.0000;2;0;2;0;0;0;
EBT;UF;3300308;0.3125;2;2;0;0;0;0;
EBT;UF;3300407;2.7500;3;2;1;0;0;0;
EBT;UF;3300456;7.0898;7;3;4;0;0;0;
EBT;UF;3301702;75.5664;15;2;10;2;0;1;
EBT;UF;3301900;2.0000;1;0;1;0;0;0;
EBT;UF;3302403;4.3945;3;0;3;0;0;0;
EBT;UF;3302858;57.3125;15;11;3;0;0;1;
EBT;UF;3303203;10.6807;12;7;5;0;0;0;
EBT;UF;3303500;25.8486;20;5;15;0;0;0;
EBT;UF;3303708;1.0000;1;0;1;0;0;0;
EBT;UF;3303906;6.0000;2;0;1;1;0;0;
EBT;UF;3304201;4.0000;3;0;3;0;0;0;
EBT;UF;3304557;1929.3984;765;114;429;215;0;7;
EBT;UF;3305109;3.0000;2;0;2;0;0;0;
EBT;UF;3305802;0.2500;1;1;0;0;0;0;
EBT;UF;3306206;0.2500;1;1;0;0;0;0;
EBT;UF;3306305;2.0000;1;0;1;0;0;0;
EBT;UF;3500501;1.0000;1;0;1;0;0;0;
EBT;UF;3501608;146.0469;37;17;16;2;0;2;
EBT;UF;3501905;2.0000;1;0;1;0;0;0;
EBT;UF;3502507;11.1797;12;5;7;0;0;0;
EBT;UF;3502804;55.8203;29;4;22;3;0;0;
EBT;UF;3503208;48.3516;42;19;22;1;0;0;
EBT;UF;3503307;11.7422;15;8;7;0;0;0;
EBT;UF;3504107;39.3906;27;10;16;1;0;0;
EBT;UF;3505401;22.9297;10;0;9;1;0;0;
EBT;UF;3505708;502.9805;116;53;58;1;0;4;
EBT;UF;3506003;281.9101;74;19;51;0;0;4;
EBT;UF;3506607;4.0000;2;0;2;0;0;0;
EBT;UF;3507605;36.5820;26;11;14;1;0;0;
EBT;UF;3508504;7.9180;8;2;6;0;0;0;
EBT;UF;3508603;10.0000;1;0;0;1;0;0;
EBT;UF;3509007;2.5000;2;1;1;0;0;0;
EBT;UF;3509205;10.2500;9;4;5;0;0;0;
EBT;UF;3509502;233.1289;152;40;109;2;0;1;
EBT;UF;3510005;2.0000;1;0;1;0;0;0;
EBT;UF;3510401;4.7148;7;4;3;0;0;0;
EBT;UF;3510500;2.0000;1;0;1;0;0;0;
EBT;UF;3510609;32.9961;22;6;15;1;0;0;
EBT;UF;3513009;59.3125;41;8;33;0;0;0;
EBT;UF;3513504;5.5625;5;2;3;0;0;0;
EBT;UF;3513801;37.0000;31;5;26;0;0;0;
EBT;UF;3514908;3.7148;3;1;2;0;0;0;
EBT;UF;3515004;26.7813;19;5;14;0;0;0;
EBT;UF;3515509;2.0000;1;0;1;0;0;0;
EBT;UF;3516309;2.5000;2;1;1;0;0;0;
EBT;UF;3516408;2.2500;2;1;1;0;0;0;
EBT;UF;3518305;6.0000;3;0;3;0;0;0;
EBT;UF;3518404;15.8945;19;10;9;0;0;0;
EBT;UF;3518701;21.5088;28;16;12;0;0;0;
EBT;UF;3518800;127.8476;62;26;35;0;0;1;
EBT;UF;3522208;17.6797;15;5;10;0;0;0;
EBT;UF;3522307;42.8125;25;10;13;2;0;0;
EBT;UF;3522505;32.5234;22;3;19;0;0;0;
EBT;UF;3524402;10.9570;10;3;7;0;0;0;
EBT;UF;3525003;2.6250;6;5;1;0;0;0;
EBT;UF;3525300;89.5312;21;7;11;2;0;1;
EBT;UF;3525904;38.7539;39;19;19;1;0;0;
EBT;UF;3526704;2.0000;1;0;1;0;0;0;
EBT;UF;3526902;176.0664;25;5;17;0;0;3;
EBT;UF;3527207;15.2070;13;3;10;0;0;0;
EBT;UF;3528502;4.5000;4;1;3;0;0;0;
EBT;UF;3529005;10.0000;1;0;0;1;0;0;
EBT;UF;3529401;20.6797;25;9;16;0;0;0;
EBT;UF;3530607;36.0117;32;10;22;0;0;0;
EBT;UF;3530706;0.2500;1;1;0;0;0;0;
EBT;UF;3530805;28.0664;23;4;19;0;0;0;
EBT;UF;3531100;0.5000;1;1;0;0;0;0;
EBT;UF;3531803;8.6797;7;2;5;0;0;0;
EBT;UF;3534401;113.2930;96;35;59;2;0;0;
EBT;UF;3538006;35.4609;16;3;11;2;0;0;
EBT;UF;3538709;59.0508;33;12;18;3;0;0;
EBT;UF;3539806;0.5000;2;2;0;0;0;0;
EBT;UF;3540606;4.5000;5;1;4;0;0;0;
EBT;UF;3540754;1.0000;1;0;1;0;0;0;
EBT;UF;3541000;14.0547;18;11;7;0;0;0;
EBT;UF;3541406;1.0000;1;0;1;0;0;0;
EBT;UF;3541505;1.4648;1;0;1;0;0;0;
EBT;UF;3542107;2.0000;1;0;1;0;0;0;
EBT;UF;3542404;6.0000;3;0;3;0;0;0;
EBT;UF;3543303;5.0000;3;0;3;0;0;0;
EBT;UF;3543402;633.0488;130;36;84;0;0;10;
EBT;UF;3543907;66.8125;17;6;10;0;0;1;
EBT;UF;3544103;6.0000;12;10;2;0;0;0;
EBT;UF;3545001;8.0000;4;0;4;0;0;0;
EBT;UF;3545209;9.9609;11;4;7;0;0;0;
EBT;UF;3545704;7.0273;6;2;4;0;0;0;
EBT;UF;3545803;0.2500;1;1;0;0;0;0;
EBT;UF;3546009;0.5000;1;1;0;0;0;0;
EBT;UF;3546801;2.5000;3;1;2;0;0;0;
EBT;UF;3547304;19.0625;14;5;9;0;0;0;
EBT;UF;3547809;63.1758;62;26;36;0;0;0;
EBT;UF;3548500;218.5312;79;33;42;1;0;3;
EBT;UF;3548609;131.0859;35;16;17;0;0;2;
EBT;UF;3548708;4.0000;2;0;2;0;0;0;
EBT;UF;3548807;33.0312;39;16;23;0;0;0;
EBT;UF;3548906;218.8711;56;15;37;1;0;3;
EBT;UF;3549607;78.5859;41;5;33;3;0;0;
EBT;UF;3549805;5.6719;5;2;3;0;0;0;
EBT;UF;3549904;90.5195;81;28;52;1;0;0;
EBT;UF;3550308;2940.7419;1548;516;1001;7;1;23;
EBT;UF;3551009;13.7422;19;10;9;0;0;0;
EBT;UF;3551702;1.4648;1;0;1;0;0;0;
EBT;UF;3552106;107.4922;13;6;5;0;0;2;
EBT;UF;3552205;66.0019;44;9;34;1;0;0;
EBT;UF;3552403;16.6445;12;3;9;0;0;0;
EBT;UF;3552502;5.5000;5;2;3;0;0;0;
EBT;UF;3552809;34.8945;27;8;19;0;0;0;
EBT;UF;3554102;552.1406;18;3;11;3;0;1;
EBT;UF;3554508;5.0000;3;0;3;0;0;0;
EBT;UF;3556206;8.8594;7;0;7;0;0;0;
EBT;UF;3556404;1.9648;2;1;1;0;0;0;
EBT;UF;4100905;2.0000;1;0;1;0;0;0;
EBT;UF;4101804;1.4648;1;0;1;0;0;0;
EBT;UF;4106902;349.0000;254;126;122;4;0;2;
EBT;UF;4113700;163.7109;54;11;41;0;0;2;
EBT;UF;4114302;5.5000;6;1;5;0;0;0;
EBT;UF;4115200;247.3359;47;14;29;0;0;4;
EBT;UF;4117206;4.0000;2;0;2;0;0;0;
EBT;UF;4118204;4.0000;2;0;2;0;0;0;
EBT;UF;4118501;0.2500;1;1;0;0;0;0;
EBT;UF;4119905;35.9609;31;10;21;0;0;0;
EBT;UF;4125506;0.5000;1;1;0;0;0;0;
EBT;UF;4200101;0.2500;1;1;0;0;0;0;
EBT;UF;4202404;79.9648;68;15;52;1;0;0;
EBT;UF;4202503;4.9297;3;0;3;0;0;0;
EBT;UF;4205407;108.0635;73;38;34;0;0;1;
EBT;UF;4209102;2.2500;2;1;1;0;0;0;
EBT;UF;4209300;1.0000;1;0;1;0;0;0;
EBT;UF;4304606;4.9297;4;0;4;0;0;0;
EBT;UF;4305108;288.0273;45;20;20;0;0;5;
EBT;UF;4310207;1.0000;1;0;1;0;0;0;
EBT;UF;4314100;23.8594;24;11;13;0;0;0;
EBT;UF;4314407;49.3984;47;22;25;0;0;0;
EBT;UF;4314902;927.4804;250;119;122;4;1;4;
EBT;UF;4316808;2.0000;1;0;1;0;0;0;
EBT;UF;4322400;9.4648;9;4;5;0;0;0;
EBT;UF;5002704;121.2422;39;8;22;9;0;0;
EBT;UF;5103403;229.7227;77;26;42;7;0;2;
EBT;UF;5108402;39.7148;25;13;10;2;0;0;
EBT;UF;5201405;0.2500;1;1;0;0;0;0;
EBT;UF;5208707;427.5703;56;8;32;9;2;5;
EBT;UF;5300108;369.4922;153;64;69;16;2;2;
09;216;
