01;CLA;IPL4;201210;
EBT;UF;1100023;210.0625;23;1;2;13;7;0;
EBT;UF;1100049;296.0000;62;4;10;34;13;1;
EBT;UF;1100106;4.0000;2;0;0;2;0;0;
EBT;UF;1100114;16.0000;8;0;0;8;0;0;
EBT;UF;1100122;814.6875;93;1;11;62;16;3;
EBT;UF;1100155;12.0000;6;0;0;6;0;0;
EBT;UF;1100189;116.1875;39;1;9;23;6;0;
EBT;UF;1100205;8888.5000;396;12;68;245;50;21;
EBT;UF;1100304;549.9375;79;1;13;52;11;2;
EBT;UF;1100924;2.0000;1;0;0;1;0;0;
EBT;UF;1200252;0.5625;4;1;3;0;0;0;
EBT;UF;1200401;3484.1875;209;11;28;136;27;7;
EBT;UF;1200450;4.0000;2;0;0;2;0;0;
EBT;UF;1301704;0.2500;1;0;1;0;0;0;
EBT;UF;1302603;6166.0625;530;9;67;373;67;14;
EBT;UF;1303403;2.2500;2;0;1;1;0;0;
EBT;UF;1400100;216.2500;51;0;3;32;16;0;
EBT;UF;1500800;7596.5000;89;0;5;59;19;6;
EBT;UF;1501303;22.0000;3;0;0;1;2;0;
EBT;UF;1501402;25187.1250;487;4;16;227;184;56;
EBT;UF;1501501;5.2500;6;0;4;2;0;0;
EBT;UF;1502202;108.0000;8;0;0;1;7;0;
EBT;UF;1502400;93.0000;25;0;3;17;5;0;
EBT;UF;1503606;6.0000;3;0;0;3;0;0;
EBT;UF;1504208;138.5000;41;0;14;21;6;0;
EBT;UF;1504422;101.6875;36;1;5;21;9;0;
EBT;UF;1505304;1.0000;1;0;0;1;0;0;
EBT;UF;1505502;68.0000;11;0;0;8;3;0;
EBT;UF;1506807;120.6875;19;1;6;8;2;2;
EBT;UF;1600303;130.0000;36;0;7;25;4;0;
EBT;UF;1700350;4.0000;3;0;0;3;0;0;
EBT;UF;1700707;5.2500;4;0;1;3;0;0;
EBT;UF;1702109;302.0000;57;2;8;29;18;0;
EBT;UF;1705508;206.0000;5;0;0;3;0;2;
EBT;UF;1709302;26.6875;7;1;3;2;1;0;
EBT;UF;1709500;170.3125;15;1;2;5;6;1;
EBT;UF;1713205;8.5625;8;1;2;5;0;0;
EBT;UF;1713304;3.0000;2;0;0;2;0;0;
EBT;UF;1714880;3.3125;4;1;1;2;0;0;
EBT;UF;1716109;11.0000;3;0;2;0;1;0;
EBT;UF;1718204;101.7500;16;0;4;6;6;0;
EBT;UF;1718402;4.0000;1;0;0;0;1;0;
EBT;UF;1721000;1138.8750;146;18;24;70;33;1;
EBT;UF;1722081;4.0000;1;0;0;0;1;0;
EBT;UF;2100055;0.2500;1;0;1;0;0;0;
EBT;UF;2100204;32.0000;1;0;0;0;1;0;
EBT;UF;2101202;90.0000;3;0;0;0;3;0;
EBT;UF;2101608;0.3750;2;0;2;0;0;0;
EBT;UF;2101707;2.0000;1;0;0;1;0;0;
EBT;UF;2103000;334.0000;8;0;0;4;2;2;
EBT;UF;2103307;155.0000;1;0;0;0;0;1;
EBT;UF;2103604;0.5000;1;0;1;0;0;0;
EBT;UF;2105302;227.5000;9;0;3;3;2;1;
EBT;UF;2105427;10.0000;2;0;0;1;1;0;
EBT;UF;2109106;0.5000;1;0;1;0;0;0;
EBT;UF;2109908;33.0000;3;0;2;0;1;0;
EBT;UF;2111201;4.7500;3;0;2;0;1;0;
EBT;UF;2111300;1793.2500;100;0;14;26;57;3;
EBT;UF;2112902;0.1250;1;0;1;0;0;0;
EBT;UF;2202703;32.0000;1;0;0;0;1;0;
EBT;UF;2207702;72.0000;4;0;0;0;4;0;
EBT;UF;2208403;16.0000;1;0;0;0;1;0;
EBT;UF;2211001;2155.0625;142;1;3;45;90;3;
EBT;UF;2300309;6.0000;1;0;0;0;1;0;
EBT;UF;2301000;3.0000;3;0;0;3;0;0;
EBT;UF;2301109;32.0000;3;0;0;0;3;0;
EBT;UF;2301901;28.6250;7;0;3;0;4;0;
EBT;UF;2302503;20.0000;2;0;0;0;2;0;
EBT;UF;2303709;7.0000;4;0;0;4;0;0;
EBT;UF;2303808;10.0000;1;0;0;0;1;0;
EBT;UF;2304103;0.2500;1;0;1;0;0;0;
EBT;UF;2304202;35.0000;2;0;0;1;1;0;
EBT;UF;2304285;145.5000;12;0;1;5;5;1;
EBT;UF;2304400;6521.3750;130;2;10;38;56;24;
EBT;UF;2305233;56.0625;6;1;0;2;3;0;
EBT;UF;2305506;32.0000;2;0;0;0;2;0;
EBT;UF;2306405;54.0000;3;0;0;0;3;0;
EBT;UF;2307304;41.0000;4;0;0;2;2;0;
EBT;UF;2307601;70.0000;4;0;0;0;4;0;
EBT;UF;2307650;17.0000;8;0;0;7;1;0;
EBT;UF;2308104;8.0000;1;0;0;0;1;0;
EBT;UF;2308302;16.0000;1;0;0;0;1;0;
EBT;UF;2309607;90.0000;2;0;0;0;1;1;
EBT;UF;2310704;1.0000;1;0;0;1;0;0;
EBT;UF;2311306;48.0000;3;0;0;0;3;0;
EBT;UF;2311801;2.3750;5;0;4;1;0;0;
EBT;UF;2312403;1.0000;1;0;0;1;0;0;
EBT;UF;2312908;296.6250;16;2;1;1;10;2;
EBT;UF;2313302;0.6875;3;1;2;0;0;0;
EBT;UF;2313401;66.0000;3;0;0;0;3;0;
EBT;UF;2400109;54.0000;3;0;0;0;3;0;
EBT;UF;2400802;20.5000;3;0;1;0;2;0;
EBT;UF;2403251;301.7500;28;0;2;15;10;1;
EBT;UF;2407104;23.0000;8;0;0;7;1;0;
EBT;UF;2407401;26.0000;2;0;0;0;2;0;
EBT;UF;2408003;582.0625;27;1;3;13;7;3;
EBT;UF;2408102;3317.5000;86;4;9;16;46;11;
EBT;UF;2409332;4.0000;1;0;0;0;1;0;
EBT;UF;2412005;4.0000;2;0;0;2;0;0;
EBT;UF;2501807;24.0000;2;0;0;0;2;0;
EBT;UF;2503209;192.2500;17;0;1;8;7;1;
EBT;UF;2504009;771.0000;36;0;3;6;24;3;
EBT;UF;2506301;34.0000;1;0;0;0;1;0;
EBT;UF;2506905;48.0000;2;0;0;0;2;0;
EBT;UF;2507507;3504.3125;108;3;1;39;58;7;
EBT;UF;2510808;197.0000;3;0;0;0;2;1;
EBT;UF;2516201;2.0000;1;0;0;1;0;0;
EBT;UF;2600054;176.8750;15;0;4;9;1;1;
EBT;UF;2600104;22.0000;1;0;0;0;1;0;
EBT;UF;2601201;26.0000;2;0;0;0;2;0;
EBT;UF;2601706;88.0000;3;0;0;0;3;0;
EBT;UF;2601904;22.0000;1;0;0;0;1;0;
EBT;UF;2602902;361.0000;11;0;3;4;2;2;
EBT;UF;2603454;1.0000;1;0;0;1;0;0;
EBT;UF;2604007;0.2500;1;0;1;0;0;0;
EBT;UF;2604106;127.0000;15;0;0;9;6;0;
EBT;UF;2605103;22.0000;1;0;0;0;1;0;
EBT;UF;2606002;20.0000;2;0;0;0;2;0;
EBT;UF;2606408;127.1250;3;0;1;1;0;1;
EBT;UF;2606804;1.0000;1;0;0;1;0;0;
EBT;UF;2607208;16.0000;4;0;0;3;1;0;
EBT;UF;2607901;273.1250;20;0;4;9;6;1;
EBT;UF;2609600;144.2500;20;0;4;10;6;0;
EBT;UF;2610707;254.8750;36;0;3;28;4;1;
EBT;UF;2610905;34.0000;1;0;0;0;1;0;
EBT;UF;2611606;11335.5625;250;5;11;95;100;39;
EBT;UF;2612208;10.0000;1;0;0;0;1;0;
EBT;UF;2613909;54.3750;20;0;15;2;3;0;
EBT;UF;2700300;217.0625;20;1;0;9;9;1;
EBT;UF;2704302;2125.1250;138;0;25;39;65;9;
EBT;UF;2704708;2.0000;1;0;0;1;0;0;
EBT;UF;2706307;2.0000;1;0;0;1;0;0;
EBT;UF;2707701;717.0000;7;0;0;4;0;3;
EBT;UF;2800308;2535.1250;178;10;20;76;63;9;
EBT;UF;2800670;0.5000;3;0;3;0;0;0;
EBT;UF;2802106;10.0000;1;0;0;0;1;0;
EBT;UF;2804805;390.6250;45;0;5;27;11;2;
EBT;UF;2805703;34.0000;1;0;0;0;1;0;
EBT;UF;2806701;70.5625;12;1;2;5;4;0;
EBT;UF;2900702;98.0000;11;0;0;4;7;0;
EBT;UF;2903201;4.0000;1;0;0;0;1;0;
EBT;UF;2904605;47.0000;4;0;0;2;1;1;
EBT;UF;2904704;2.0000;1;0;0;1;0;0;
EBT;UF;2905602;130.0000;5;0;0;2;2;1;
EBT;UF;2905701;313.8750;51;0;3;32;15;1;
EBT;UF;2906501;729.0000;14;0;0;4;6;4;
EBT;UF;2906709;2.0000;1;0;0;1;0;0;
EBT;UF;2909802;38.0000;3;0;0;0;3;0;
EBT;UF;2910727;177.8125;19;1;2;11;4;1;
EBT;UF;2910800;2491.9375;101;1;8;43;39;10;
EBT;UF;2912103;4.0000;1;0;0;0;1;0;
EBT;UF;2913606;330.0000;36;0;0;17;18;1;
EBT;UF;2914653;12.0000;2;0;0;1;1;0;
EBT;UF;2914802;1161.3750;44;0;7;20;14;3;
EBT;UF;2914901;106.0000;3;0;0;0;2;1;
EBT;UF;2915304;2.0000;1;0;0;1;0;0;
EBT;UF;2915601;4.0000;2;0;0;2;0;0;
EBT;UF;2915809;12.0000;2;0;0;1;1;0;
EBT;UF;2916302;2.0000;1;0;0;1;0;0;
EBT;UF;2916401;150.0000;4;0;0;0;3;1;
EBT;UF;2917102;2.0000;1;0;0;1;0;0;
EBT;UF;2917508;100.0000;1;0;0;0;0;1;
EBT;UF;2918001;51.7500;16;0;3;9;4;0;
EBT;UF;2918407;4.0000;2;0;0;2;0;0;
EBT;UF;2919207;634.0000;36;0;0;19;14;3;
EBT;UF;2920601;8.0000;1;0;0;0;1;0;
EBT;UF;2921005;20.2500;3;0;1;0;2;0;
EBT;UF;2921302;10.0000;2;0;0;0;2;0;
EBT;UF;2924009;45.1250;7;0;1;3;3;0;
EBT;UF;2925006;4.0000;2;0;0;2;0;0;
EBT;UF;2925105;10.0000;1;0;0;0;1;0;
EBT;UF;2925303;376.0000;17;0;0;8;7;2;
EBT;UF;2927408;28450.5000;605;6;86;228;234;51;
EBT;UF;2928703;166.0000;4;0;0;1;2;1;
EBT;UF;2929206;0.0625;1;1;0;0;0;0;
EBT;UF;2930105;68.0000;5;0;0;2;3;0;
EBT;UF;2930709;85.5000;23;0;1;15;7;0;
EBT;UF;2931350;1960.0625;23;1;3;10;4;5;
EBT;UF;2932507;32.0000;1;0;0;0;1;0;
EBT;UF;2932903;1.8750;6;0;6;0;0;0;
EBT;UF;2933307;721.3125;43;1;4;20;15;3;
EBT;UF;3100302;2.0000;1;0;0;1;0;0;
EBT;UF;3101508;256.0000;8;0;0;0;8;0;
EBT;UF;3101607;27.8125;24;1;9;13;1;0;
EBT;UF;3101904;2.0000;1;0;0;1;0;0;
EBT;UF;3103504;7.8750;7;0;3;4;0;0;
EBT;UF;3104007;18.5000;16;0;7;9;0;0;
EBT;UF;3104205;12.0000;6;0;0;6;0;0;
EBT;UF;3104908;2.0000;1;0;0;1;0;0;
EBT;UF;3105608;193.5000;13;0;1;4;8;0;
EBT;UF;3106200;57134.5000;1165;33;245;512;283;92;
EBT;UF;3106309;42.0625;4;1;0;1;2;0;
EBT;UF;3106705;1754.5000;165;4;48;81;29;3;
EBT;UF;3108404;2.0000;1;0;0;1;0;0;
EBT;UF;3108909;2.0000;1;0;0;1;0;0;
EBT;UF;3109501;2.0000;1;0;0;1;0;0;
EBT;UF;3109709;2.0000;1;0;0;1;0;0;
EBT;UF;3110509;4.0000;2;0;0;2;0;0;
EBT;UF;3110608;157.0000;2;0;0;1;0;1;
EBT;UF;3110707;4.0000;2;0;0;2;0;0;
EBT;UF;3111606;2.0000;1;0;0;1;0;0;
EBT;UF;3113206;64.0000;2;0;0;0;2;0;
EBT;UF;3113404;54.0000;4;0;0;1;3;0;
EBT;UF;3114303;2.0000;1;0;0;1;0;0;
EBT;UF;3115300;400.0000;7;0;0;0;5;2;
EBT;UF;3115508;8.1250;5;0;1;4;0;0;
EBT;UF;3118007;6.0625;4;1;0;3;0;0;
EBT;UF;3118304;43.3750;12;2;3;6;1;0;
EBT;UF;3118601;2576.9375;267;7;43;140;69;8;
EBT;UF;3122306;888.0000;32;0;7;15;5;5;
EBT;UF;3123601;2.0000;1;0;0;1;0;0;
EBT;UF;3123908;2.0000;1;0;0;1;0;0;
EBT;UF;3125101;8.5000;5;0;1;4;0;0;
EBT;UF;3126109;4.0000;2;0;0;2;0;0;
EBT;UF;3127701;1658.8125;45;3;2;23;10;7;
EBT;UF;3128709;8.0000;1;0;0;0;1;0;
EBT;UF;3129509;2.0000;1;0;0;1;0;0;
EBT;UF;3129806;42.5000;7;0;1;5;1;0;
EBT;UF;3131307;531.4375;56;1;14;24;16;1;
EBT;UF;3131703;379.5000;31;2;13;12;2;2;
EBT;UF;3132404;362.3750;52;4;16;23;8;1;
EBT;UF;3133006;2.0000;1;0;0;1;0;0;
EBT;UF;3133808;97.8750;19;0;3;10;6;0;
EBT;UF;3134202;3.0000;2;0;0;2;0;0;
EBT;UF;3135209;2.0000;1;0;0;1;0;0;
EBT;UF;3135407;2.0000;1;0;0;1;0;0;
EBT;UF;3135506;2.0000;1;0;0;1;0;0;
EBT;UF;3136207;15.4375;13;1;4;8;0;0;
EBT;UF;3136306;8.0000;4;0;0;4;0;0;
EBT;UF;3136702;4282.1250;85;2;6;32;29;16;
EBT;UF;3137205;94.0000;8;0;0;4;4;0;
EBT;UF;3137601;52.2500;15;2;3;8;2;0;
EBT;UF;3138203;292.0000;39;2;10;20;5;2;
EBT;UF;3138401;189.0000;3;0;0;1;1;1;
EBT;UF;3138609;80.0000;4;0;0;1;3;0;
EBT;UF;3139003;32.0000;1;0;0;0;1;0;
EBT;UF;3139409;0.5000;1;0;1;0;0;0;
EBT;UF;3140001;64.0000;2;0;0;0;2;0;
EBT;UF;3140803;48.0000;6;0;0;4;2;0;
EBT;UF;3141405;38.0000;4;0;0;3;1;0;
EBT;UF;3143302;2190.1875;80;3;5;25;39;8;
EBT;UF;3143906;342.0000;4;0;0;0;2;2;
EBT;UF;3144805;708.5625;50;1;4;26;17;2;
EBT;UF;3145208;2.0000;1;0;0;1;0;0;
EBT;UF;3145604;6.2500;4;0;1;3;0;0;
EBT;UF;3146107;6.5625;5;1;1;3;0;0;
EBT;UF;3146305;4.0000;2;0;0;2;0;0;
EBT;UF;3147006;26.0000;4;0;0;3;1;0;
EBT;UF;3147105;13.0625;8;1;0;7;0;0;
EBT;UF;3147402;134.0000;2;0;0;0;1;1;
EBT;UF;3147600;2.0000;1;0;0;1;0;0;
EBT;UF;3147907;154.7500;20;2;5;8;4;1;
EBT;UF;3148004;2.0000;1;0;0;1;0;0;
EBT;UF;3148103;2.0000;1;0;0;1;0;0;
EBT;UF;3149101;2.0000;1;0;0;1;0;0;
EBT;UF;3149309;66.1250;22;0;9;10;3;0;
EBT;UF;3149903;414.0000;5;0;0;2;0;3;
EBT;UF;3151404;4.0000;2;0;0;2;0;0;
EBT;UF;3151800;69.3125;45;3;14;26;2;0;
EBT;UF;3152105;10.0000;1;0;0;0;1;0;
EBT;UF;3152501;138.5000;45;2;14;21;8;0;
EBT;UF;3154200;32.0000;1;0;0;0;1;0;
EBT;UF;3154606;112.1875;35;3;10;19;3;0;
EBT;UF;3155504;2.0000;1;0;0;1;0;0;
EBT;UF;3156700;10.2500;6;0;1;5;0;0;
EBT;UF;3157807;155.3750;37;2;12;17;6;0;
EBT;UF;3160702;12.0000;2;0;0;1;1;0;
EBT;UF;3162104;16.0000;4;0;0;3;1;0;
EBT;UF;3162401;2.0000;1;0;0;1;0;0;
EBT;UF;3162500;518.4375;46;1;15;19;9;2;
EBT;UF;3162708;2.0000;1;0;0;1;0;0;
EBT;UF;3162955;0.2500;1;0;1;0;0;0;
EBT;UF;3163706;50.0000;3;0;0;1;2;0;
EBT;UF;3164704;39.6250;34;2;12;20;0;0;
EBT;UF;3166907;8.0000;1;0;0;0;1;0;
EBT;UF;3167202;175.9375;42;1;3;31;7;0;
EBT;UF;3168606;274.5000;18;0;4;5;9;0;
EBT;UF;3168705;392.0625;27;1;3;7;16;0;
EBT;UF;3169307;288.0000;41;2;19;15;4;1;
EBT;UF;3169356;2.0000;1;0;0;1;0;0;
EBT;UF;3169901;142.0000;3;0;0;0;2;1;
EBT;UF;3170107;153.5000;56;2;16;34;4;0;
EBT;UF;3170206;3940.1250;198;10;58;76;34;20;
EBT;UF;3170404;44.5000;24;0;1;23;0;0;
EBT;UF;3170701;2288.1875;48;1;7;21;8;11;
EBT;UF;3171204;37.2500;23;0;4;19;0;0;
EBT;UF;3171303;214.0000;8;0;0;4;3;1;
EBT;UF;3172004;96.0000;3;0;0;0;3;0;
EBT;UF;3200201;14.0000;2;0;0;1;1;0;
EBT;UF;3200409;34.0000;1;0;0;0;1;0;
EBT;UF;3200607;7.0000;4;0;0;4;0;0;
EBT;UF;3200805;44.0000;4;0;0;1;3;0;
EBT;UF;3200904;18.0000;4;0;0;2;2;0;
EBT;UF;3201209;188.5000;21;0;2;13;6;0;
EBT;UF;3201308;270.9375;45;5;2;25;12;1;
EBT;UF;3201506;418.9375;36;1;5;25;4;1;
EBT;UF;3201902;3.8125;5;1;2;2;0;0;
EBT;UF;3202108;2.0000;1;0;0;1;0;0;
EBT;UF;3202306;1.1875;5;1;4;0;0;0;
EBT;UF;3202405;294.0000;7;0;2;2;1;2;
EBT;UF;3202504;172.3750;8;2;1;2;2;1;
EBT;UF;3202801;1.0000;6;4;2;0;0;0;
EBT;UF;3202900;36.0000;2;0;0;1;1;0;
EBT;UF;3203205;308.8750;16;2;2;5;5;2;
EBT;UF;3203320;1.6250;4;2;1;1;0;0;
EBT;UF;3203346;20.0000;2;0;0;0;2;0;
EBT;UF;3203502;10.0000;1;0;0;0;1;0;
EBT;UF;3203700;16.0000;5;0;0;4;1;0;
EBT;UF;3203908;2.0000;1;0;0;1;0;0;
EBT;UF;3204054;2.0000;1;0;0;1;0;0;
EBT;UF;3204104;96.0000;3;0;0;1;1;1;
EBT;UF;3204203;128.1875;4;3;0;0;0;1;
EBT;UF;3204351;4.0000;2;0;0;2;0;0;
EBT;UF;3204401;64.0000;3;0;0;0;3;0;
EBT;UF;3204609;80.0000;5;0;0;2;3;0;
EBT;UF;3204708;100.0000;1;0;0;0;0;1;
EBT;UF;3204906;463.5000;13;0;2;4;5;2;
EBT;UF;3205002;1719.3125;121;3;14;49;48;7;
EBT;UF;3205069;19.1875;12;1;6;4;1;0;
EBT;UF;3205101;47.0625;12;1;0;7;4;0;
EBT;UF;3205200;1977.0000;64;0;9;24;27;4;
EBT;UF;3205309;42855.5625;147;3;17;20;69;38;
EBT;UF;3300100;114.2500;13;0;1;6;6;0;
EBT;UF;3300209;10.0000;3;0;0;1;2;0;
EBT;UF;3300258;2.0000;1;0;0;1;0;0;
EBT;UF;3300308;12.0000;2;0;0;1;1;0;
EBT;UF;3300407;32.2500;8;0;1;5;2;0;
EBT;UF;3300456;41.5000;20;0;3;16;1;0;
EBT;UF;3300704;16.0000;5;0;0;4;1;0;
EBT;UF;3300803;2.0000;1;0;0;1;0;0;
EBT;UF;3301009;172.1250;30;0;10;13;7;0;
EBT;UF;3301108;2.0000;1;0;0;1;0;0;
EBT;UF;3301306;2.2500;2;0;1;1;0;0;
EBT;UF;3301702;3234.1875;66;1;9;34;8;14;
EBT;UF;3301900;17.0000;4;0;0;2;2;0;
EBT;UF;3302007;4.0000;2;0;0;2;0;0;
EBT;UF;3302205;4.5000;3;0;1;2;0;0;
EBT;UF;3302254;149.0000;12;0;0;6;5;1;
EBT;UF;3302403;1881.8125;162;1;6;67;82;6;
EBT;UF;3302502;2.0000;1;0;0;1;0;0;
EBT;UF;3302700;2.0000;1;0;0;1;0;0;
EBT;UF;3302858;47.6250;7;0;2;4;0;1;
EBT;UF;3303203;10.2500;8;0;3;5;0;0;
EBT;UF;3303302;3273.2500;159;0;4;125;22;8;
EBT;UF;3303401;10.0000;1;0;0;0;1;0;
EBT;UF;3303500;222.4375;32;1;4;22;4;1;
EBT;UF;3303609;1.0000;1;0;0;1;0;0;
EBT;UF;3303906;335.1250;48;0;6;34;7;1;
EBT;UF;3304003;1.0000;1;0;0;1;0;0;
EBT;UF;3304110;1015.6250;30;0;5;10;7;8;
EBT;UF;3304144;4.0000;2;0;0;2;0;0;
EBT;UF;3304201;424.2500;26;0;1;14;9;2;
EBT;UF;3304300;1.0000;1;0;0;1;0;0;
EBT;UF;3304524;179.2500;34;0;5;17;12;0;
EBT;UF;3304557;262999.582;3923;9;184;2344;958;428;
EBT;UF;3304706;1.0000;1;0;0;1;0;0;
EBT;UF;3304904;169.0000;65;0;12;44;9;0;
EBT;UF;3305000;32.2500;10;0;1;8;1;0;
EBT;UF;3305109;113.5625;33;1;1;24;7;0;
EBT;UF;3305208;5.0000;4;0;2;2;0;0;
EBT;UF;3305554;344.0000;3;0;0;0;1;2;
EBT;UF;3305802;47.3750;10;0;2;7;1;0;
EBT;UF;3306008;128.0000;16;0;0;7;9;0;
EBT;UF;3306305;636.5000;29;0;1;13;12;3;
EBT;UF;3501004;0.2500;1;0;1;0;0;0;
EBT;UF;3501152;2.0000;1;0;0;1;0;0;
EBT;UF;3501608;2864.5000;103;0;20;60;6;17;
EBT;UF;3501707;310.0000;2;0;0;0;0;2;
EBT;UF;3502101;624.0000;2;0;0;1;0;1;
EBT;UF;3502804;169.0000;4;0;0;2;1;1;
EBT;UF;3503000;2.5000;2;0;1;1;0;0;
EBT;UF;3503208;3336.8125;60;1;5;21;13;20;
EBT;UF;3503307;7.2500;8;0;4;4;0;0;
EBT;UF;3504008;165.3750;5;0;2;1;1;1;
EBT;UF;3504107;17.0000;9;0;0;9;0;0;
EBT;UF;3505302;4.0000;2;0;0;2;0;0;
EBT;UF;3505500;320.0000;3;0;0;0;1;2;
EBT;UF;3505708;32256.6250;305;4;21;115;68;97;
EBT;UF;3505906;1.7598;5;1;3;1;0;0;
EBT;UF;3506003;12279.0000;143;0;3;43;29;68;
EBT;UF;3506102;1462.6250;33;4;5;11;4;9;
EBT;UF;3506359;3.2500;5;0;4;1;0;0;
EBT;UF;3507506;1450.0000;21;0;0;10;2;9;
EBT;UF;3507605;1331.5625;20;1;5;2;4;8;
EBT;UF;3507803;2.2500;2;0;1;1;0;0;
EBT;UF;3508207;2.5625;3;1;1;1;0;0;
EBT;UF;3508504;128.2500;3;0;1;1;0;1;
EBT;UF;3508603;1342.0000;4;0;0;0;1;3;
EBT;UF;3509205;492.2500;19;0;4;11;1;3;
EBT;UF;3509254;155.2500;2;0;1;0;0;1;
EBT;UF;3509403;1.5000;3;0;2;1;0;0;
EBT;UF;3509502;32977.4844;271;0;28;98;37;108;
EBT;UF;3509700;0.6250;2;0;2;0;0;0;
EBT;UF;3510005;0.7500;2;0;2;0;0;0;
EBT;UF;3510500;342.0000;3;0;0;0;1;2;
EBT;UF;3511102;349.0000;8;0;0;3;3;2;
EBT;UF;3512803;2.0625;2;1;0;1;0;0;
EBT;UF;3513009;249.1250;33;2;5;20;5;1;
EBT;UF;3513504;901.6250;22;0;2;9;6;5;
EBT;UF;3513702;1.0625;5;1;4;0;0;0;
EBT;UF;3513801;2652.8438;179;0;27;126;11;15;
EBT;UF;3516200;2266.0195;41;8;8;8;3;14;
EBT;UF;3517406;1.2646;4;2;1;1;0;0;
EBT;UF;3517703;3.7686;5;1;2;2;0;0;
EBT;UF;3518305;155.0000;1;0;0;0;0;1;
EBT;UF;3518701;419.6875;39;1;9;23;4;2;
EBT;UF;3518800;997.0000;207;4;45;136;17;5;
EBT;UF;3519071;4748.1250;42;0;3;11;8;20;
EBT;UF;3520103;0.5000;1;0;1;0;0;0;
EBT;UF;3520509;1944.0000;33;0;4;12;5;12;
EBT;UF;3521002;4.0000;2;0;0;2;0;0;
EBT;UF;3521309;1.2686;3;1;1;1;0;0;
EBT;UF;3522109;0.2500;1;0;1;0;0;0;
EBT;UF;3522307;754.0000;6;0;0;0;1;5;
EBT;UF;3522505;8.0000;1;0;0;0;1;0;
EBT;UF;3522604;2.5625;4;1;2;1;0;0;
EBT;UF;3523107;155.0000;1;0;0;0;0;1;
EBT;UF;3523909;2175.2500;43;0;5;15;9;14;
EBT;UF;3524006;0.1250;1;0;1;0;0;0;
EBT;UF;3524105;5.7500;9;0;6;3;0;0;
EBT;UF;3524402;158.5625;32;1;6;22;2;1;
EBT;UF;3524709;314.0000;7;0;3;2;0;2;
EBT;UF;3525003;157.0000;2;0;0;1;0;1;
EBT;UF;3525102;5.2500;7;0;3;4;0;0;
EBT;UF;3525300;2316.2500;47;0;1;25;7;14;
EBT;UF;3525904;6031.7500;92;0;9;43;11;29;
EBT;UF;3526803;1292.0000;12;0;0;2;2;8;
EBT;UF;3526902;2245.9375;36;0;4;14;4;14;
EBT;UF;3527108;2080.5000;31;4;5;4;5;13;
EBT;UF;3527306;344.0000;3;0;0;0;1;2;
EBT;UF;3527405;155.0000;1;0;0;0;0;1;
EBT;UF;3528403;2.7500;3;0;2;1;0;0;
EBT;UF;3528502;2.2500;2;0;1;1;0;0;
EBT;UF;3529005;2905.6250;74;4;8;32;12;18;
EBT;UF;3529302;163.0000;2;0;0;0;1;1;
EBT;UF;3529401;1399.6875;107;5;21;65;8;8;
EBT;UF;3529708;3.7500;4;0;2;2;0;0;
EBT;UF;3530300;465.0000;3;0;0;0;0;3;
EBT;UF;3530508;3.0000;4;0;3;1;0;0;
EBT;UF;3530607;2237.1875;149;3;30;101;10;5;
EBT;UF;3530706;22.6250;16;0;5;11;0;0;
EBT;UF;3530805;170.2500;10;0;1;8;0;1;
EBT;UF;3531100;4.3750;4;0;2;2;0;0;
EBT;UF;3531902;3.5000;6;0;4;2;0;0;
EBT;UF;3533403;3.0000;2;0;0;2;0;0;
EBT;UF;3534401;4596.0098;55;1;3;20;13;18;
EBT;UF;3534708;1185.5000;22;0;1;7;6;8;
EBT;UF;3536703;1.0000;1;0;0;1;0;0;
EBT;UF;3537404;3.0625;5;1;3;1;0;0;
EBT;UF;3538006;132.2500;11;0;3;4;3;1;
EBT;UF;3538709;2104.2969;52;1;12;22;4;13;
EBT;UF;3539301;8.3125;6;1;1;4;0;0;
EBT;UF;3539806;748.2500;30;0;1;0;26;3;
EBT;UF;3541000;11.7500;13;0;7;6;0;0;
EBT;UF;3541406;2614.5625;61;1;5;29;10;16;
EBT;UF;3541505;16.0000;1;0;0;0;1;0;
EBT;UF;3543303;15.5000;10;0;1;9;0;0;
EBT;UF;3543402;12290.3203;206;0;7;79;48;72;
EBT;UF;3543907;1000.2871;49;2;8;32;1;6;
EBT;UF;3544004;2.2500;4;0;3;1;0;0;
EBT;UF;3544103;5.0000;3;0;0;3;0;0;
EBT;UF;3544202;2.0000;1;0;0;1;0;0;
EBT;UF;3545209;320.0000;5;0;0;2;1;2;
EBT;UF;3545803;31.2500;14;0;1;12;1;0;
EBT;UF;3546405;200.0000;5;0;2;0;2;1;
EBT;UF;3547304;7915.1250;30;0;1;8;8;13;
EBT;UF;3547809;14357.5625;265;3;61;132;21;48;
EBT;UF;3548500;8280.1250;194;0;20;95;43;36;
EBT;UF;3548708;11539.1250;373;6;75;190;48;54;
EBT;UF;3548807;6637.1875;79;3;13;42;9;12;
EBT;UF;3548906;3287.6250;29;0;3;6;8;12;
EBT;UF;3549409;2.1875;7;1;5;1;0;0;
EBT;UF;3549805;3437.0000;46;0;0;7;17;22;
EBT;UF;3549904;7268.6719;177;2;39;84;31;21;
EBT;UF;3550100;2.2500;4;2;1;1;0;0;
EBT;UF;3550308;299557.941;5801;133;585;3091;796;1196;
EBT;UF;3551009;1894.5625;73;1;20;37;9;6;
EBT;UF;3551702;567.0000;5;0;0;1;0;4;
EBT;UF;3552205;9660.0000;146;0;8;54;26;58;
EBT;UF;3552403;20.0000;13;0;3;10;0;0;
EBT;UF;3552502;25.2500;20;0;8;12;0;0;
EBT;UF;3552809;5963.0000;24;0;0;12;5;7;
EBT;UF;3554102;1630.0000;65;0;13;34;6;12;
EBT;UF;3554508;9.0000;4;0;0;3;1;0;
EBT;UF;3555000;2.0000;1;0;0;1;0;0;
EBT;UF;3556206;335.5000;15;0;4;8;1;2;
EBT;UF;3556701;465.0000;3;0;0;0;0;3;
EBT;UF;3557006;469.0000;5;0;0;2;0;3;
EBT;UF;4100400;12.2500;8;0;2;5;1;0;
EBT;UF;4100509;1.0000;1;0;0;1;0;0;
EBT;UF;4100608;1.0000;1;0;0;1;0;0;
EBT;UF;4100707;1.0000;1;0;0;1;0;0;
EBT;UF;4100806;1.0000;1;0;0;1;0;0;
EBT;UF;4100905;0.2500;1;0;1;0;0;0;
EBT;UF;4101101;9.2500;9;0;3;6;0;0;
EBT;UF;4101408;92.3125;21;3;1;13;4;0;
EBT;UF;4101507;52.5000;9;0;2;2;5;0;
EBT;UF;4101606;1.0000;1;0;0;1;0;0;
EBT;UF;4101705;1.0000;1;0;0;1;0;0;
EBT;UF;4101804;225.9375;96;5;27;54;10;0;
EBT;UF;4101903;1.0000;1;0;0;1;0;0;
EBT;UF;4102000;3.1250;3;0;1;2;0;0;
EBT;UF;4102109;1.0000;1;0;0;1;0;0;
EBT;UF;4102307;5.5000;4;0;1;3;0;0;
EBT;UF;4102406;1.1875;5;1;4;0;0;0;
EBT;UF;4102505;1.0000;1;0;0;1;0;0;
EBT;UF;4102802;1.2500;2;0;1;1;0;0;
EBT;UF;4102901;1.0000;1;0;0;1;0;0;
EBT;UF;4103206;0.2500;1;0;1;0;0;0;
EBT;UF;4103602;2.0000;1;0;0;1;0;0;
EBT;UF;4103701;40.8750;38;4;14;19;1;0;
EBT;UF;4103800;0.3125;2;1;1;0;0;0;
EBT;UF;4104006;2.2500;3;0;1;2;0;0;
EBT;UF;4104204;61.7500;18;0;2;12;4;0;
EBT;UF;4104253;4.0000;3;0;0;3;0;0;
EBT;UF;4104428;1.2500;2;0;1;1;0;0;
EBT;UF;4104501;1.2500;2;0;1;1;0;0;
EBT;UF;4104600;1.0000;1;0;0;1;0;0;
EBT;UF;4104709;2.0000;1;0;0;1;0;0;
EBT;UF;4104808;247.7500;101;8;28;55;10;0;
EBT;UF;4104907;10.3750;24;10;10;4;0;0;
EBT;UF;4105102;1.0000;1;0;0;1;0;0;
EBT;UF;4105409;1.0000;1;0;0;1;0;0;
EBT;UF;4105508;73.0000;25;2;8;10;5;0;
EBT;UF;4105706;1.0000;1;0;0;1;0;0;
EBT;UF;4105805;198.3750;35;4;15;13;2;1;
EBT;UF;4105904;1.0000;1;0;0;1;0;0;
EBT;UF;4106001;0.2500;1;0;1;0;0;0;
EBT;UF;4106209;1.0000;1;0;0;1;0;0;
EBT;UF;4106308;1.0000;1;0;0;1;0;0;
EBT;UF;4106407;14.7500;7;2;3;0;2;0;
EBT;UF;4106506;1.0000;1;0;0;1;0;0;
EBT;UF;4106605;1.0000;1;0;0;1;0;0;
EBT;UF;4106902;21428.0000;1190;24;211;599;316;40;
EBT;UF;4107009;1.0000;1;0;0;1;0;0;
EBT;UF;4107108;0.2500;1;0;1;0;0;0;
EBT;UF;4107207;4.2500;5;0;2;3;0;0;
EBT;UF;4107256;12.0000;1;0;0;0;1;0;
EBT;UF;4107306;0.2500;1;0;1;0;0;0;
EBT;UF;4107538;1.0000;1;0;0;1;0;0;
EBT;UF;4107603;1.0000;1;0;0;1;0;0;
EBT;UF;4107652;310.6875;6;1;3;0;0;2;
EBT;UF;4107736;2.0000;1;0;0;1;0;0;
EBT;UF;4107801;0.2500;1;0;1;0;0;0;
EBT;UF;4108007;1.2500;2;0;1;1;0;0;
EBT;UF;4108205;1.0000;1;0;0;1;0;0;
EBT;UF;4108304;157.9375;101;9;40;47;5;0;
EBT;UF;4108320;0.2500;1;0;1;0;0;0;
EBT;UF;4108403;25.0625;16;1;6;8;1;0;
EBT;UF;4108601;3.3125;6;1;3;2;0;0;
EBT;UF;4108700;1.0000;1;0;0;1;0;0;
EBT;UF;4108809;6.0000;6;0;2;4;0;0;
EBT;UF;4109302;1.0000;1;0;0;1;0;0;
EBT;UF;4109401;15.3750;11;0;5;5;1;0;
EBT;UF;4109500;2.0000;1;0;0;1;0;0;
EBT;UF;4109609;11.0000;6;0;0;6;0;0;
EBT;UF;4109708;2.1250;3;0;1;2;0;0;
EBT;UF;4109807;6.8750;15;4;6;5;0;0;
EBT;UF;4110102;1.0000;1;0;0;1;0;0;
EBT;UF;4110607;1.0000;1;0;0;1;0;0;
EBT;UF;4110706;11.7500;22;6;11;5;0;0;
EBT;UF;4110953;1.0000;1;0;0;1;0;0;
EBT;UF;4111506;1.2500;2;0;1;1;0;0;
EBT;UF;4111803;1.5000;2;0;1;1;0;0;
EBT;UF;4112009;1.0000;1;0;0;1;0;0;
EBT;UF;4112108;0.3750;3;2;1;0;0;0;
EBT;UF;4112504;1.0000;1;0;0;1;0;0;
EBT;UF;4112702;1.0000;1;0;0;1;0;0;
EBT;UF;4112751;1.0000;1;0;0;1;0;0;
EBT;UF;4112801;1.0000;1;0;0;1;0;0;
EBT;UF;4113205;1.0625;2;1;0;1;0;0;
EBT;UF;4113304;1.7500;3;0;2;1;0;0;
EBT;UF;4113502;1.0000;1;0;0;1;0;0;
EBT;UF;4113601;14.0000;4;0;0;3;1;0;
EBT;UF;4113700;2130.0625;173;13;51;66;38;5;
EBT;UF;4113809;1.0000;1;0;0;1;0;0;
EBT;UF;4114005;1.0000;1;0;0;1;0;0;
EBT;UF;4114104;1.5000;2;0;1;1;0;0;
EBT;UF;4114203;17.5000;7;0;4;2;1;0;
EBT;UF;4114302;0.2500;1;0;1;0;0;0;
EBT;UF;4114351;0.2500;1;0;1;0;0;0;
EBT;UF;4114401;1.0000;1;0;0;1;0;0;
EBT;UF;4114500;1.0000;1;0;0;1;0;0;
EBT;UF;4114609;0.7500;2;0;2;0;0;0;
EBT;UF;4114807;0.8750;2;0;2;0;0;0;
EBT;UF;4114906;1.0000;1;0;0;1;0;0;
EBT;UF;4115200;1874.8750;183;10;54;82;34;3;
EBT;UF;4115309;0.2500;1;0;1;0;0;0;
EBT;UF;4115358;1.0000;1;0;0;1;0;0;
EBT;UF;4115408;1.0000;1;0;0;1;0;0;
EBT;UF;4115606;3.2500;3;0;1;2;0;0;
EBT;UF;4115705;3.0000;2;0;0;2;0;0;
EBT;UF;4116208;1.0000;1;0;0;1;0;0;
EBT;UF;4116703;1.0000;1;0;0;1;0;0;
EBT;UF;4116901;2.0000;5;0;4;1;0;0;
EBT;UF;4117107;2.0000;2;0;0;2;0;0;
EBT;UF;4117271;0.2500;1;0;1;0;0;0;
EBT;UF;4117305;1.0000;1;0;0;1;0;0;
EBT;UF;4117503;3.1250;3;0;1;2;0;0;
EBT;UF;4117602;5.6250;5;0;2;3;0;0;
EBT;UF;4117701;1.0000;1;0;0;1;0;0;
EBT;UF;4117909;1.3750;3;0;2;1;0;0;
EBT;UF;4118105;1.0000;1;0;0;1;0;0;
EBT;UF;4118204;264.3125;65;5;17;38;4;1;
EBT;UF;4118402;21.7500;28;6;12;10;0;0;
EBT;UF;4118451;0.2500;1;0;1;0;0;0;
EBT;UF;4118501;26.7500;14;2;3;8;1;0;
EBT;UF;4118907;1.0000;1;0;0;1;0;0;
EBT;UF;4119152;129.2500;31;0;3;20;8;0;
EBT;UF;4119301;1.3125;3;1;1;1;0;0;
EBT;UF;4119400;2.0000;1;0;0;1;0;0;
EBT;UF;4119509;8.8125;7;1;1;5;0;0;
EBT;UF;4119608;1.0000;1;0;0;1;0;0;
EBT;UF;4119806;1.0000;1;0;0;1;0;0;
EBT;UF;4119905;386.1875;96;13;25;40;17;1;
EBT;UF;4119954;39.0000;6;0;0;4;2;0;
EBT;UF;4120002;1.0000;1;0;0;1;0;0;
EBT;UF;4120101;0.2500;1;0;1;0;0;0;
EBT;UF;4120606;3.2500;3;0;1;2;0;0;
EBT;UF;4120705;0.2500;1;0;1;0;0;0;
EBT;UF;4120804;369.7500;15;0;5;4;4;2;
EBT;UF;4120853;1.0000;1;0;0;1;0;0;
EBT;UF;4120903;1.0000;1;0;0;1;0;0;
EBT;UF;4121406;1.0000;1;0;0;1;0;0;
EBT;UF;4121505;1.0000;1;0;0;1;0;0;
EBT;UF;4121604;0.2500;1;0;1;0;0;0;
EBT;UF;4121703;1.0000;1;0;0;1;0;0;
EBT;UF;4121901;1.0000;1;0;0;1;0;0;
EBT;UF;4122008;0.5000;1;0;1;0;0;0;
EBT;UF;4122206;1.7500;3;0;2;1;0;0;
EBT;UF;4122305;7.6250;14;2;8;4;0;0;
EBT;UF;4122404;69.5000;25;0;2;20;3;0;
EBT;UF;4122800;0.2500;1;0;1;0;0;0;
EBT;UF;4123204;1.0000;1;0;0;1;0;0;
EBT;UF;4123501;1.0000;1;0;0;1;0;0;
EBT;UF;4123709;1.0000;1;0;0;1;0;0;
EBT;UF;4123808;1.1250;2;0;1;1;0;0;
EBT;UF;4123907;2.2500;3;0;1;2;0;0;
EBT;UF;4124053;1.0625;2;1;0;1;0;0;
EBT;UF;4124103;3.0625;3;1;0;2;0;0;
EBT;UF;4124400;1.0000;1;0;0;1;0;0;
EBT;UF;4124509;1.5000;2;0;1;1;0;0;
EBT;UF;4124707;1.0000;1;0;0;1;0;0;
EBT;UF;4125001;2.0000;2;0;0;2;0;0;
EBT;UF;4125456;0.2500;1;0;1;0;0;0;
EBT;UF;4125506;2194.6250;207;6;47;116;30;8;
EBT;UF;4125605;1.0000;1;0;0;1;0;0;
EBT;UF;4125704;2.0000;1;0;0;1;0;0;
EBT;UF;4126009;0.2500;1;0;1;0;0;0;
EBT;UF;4126256;10.0000;12;0;7;5;0;0;
EBT;UF;4126306;1.0000;1;0;0;1;0;0;
EBT;UF;4126504;1.0000;1;0;0;1;0;0;
EBT;UF;4126603;1.1250;2;0;1;1;0;0;
EBT;UF;4126678;0.2500;1;0;1;0;0;0;
EBT;UF;4126801;1.0000;1;0;0;1;0;0;
EBT;UF;4127106;12.0000;6;0;0;6;0;0;
EBT;UF;4127403;1.0000;1;0;0;1;0;0;
EBT;UF;4127502;1.0000;1;0;0;1;0;0;
EBT;UF;4127700;43.9375;23;5;6;8;4;0;
EBT;UF;4127809;1.0000;1;0;0;1;0;0;
EBT;UF;4128005;1.0000;1;0;0;1;0;0;
EBT;UF;4128104;90.7500;17;0;3;8;6;0;
EBT;UF;4128203;14.2500;8;0;1;7;0;0;
EBT;UF;4128401;1.0000;1;0;0;1;0;0;
EBT;UF;4128500;1.1250;2;0;1;1;0;0;
EBT;UF;4128708;2.5000;3;0;2;1;0;0;
EBT;UF;4128807;0.2500;1;0;1;0;0;0;
EBT;UF;4201307;61.3125;17;1;1;9;6;0;
EBT;UF;4201703;0.2500;1;0;1;0;0;0;
EBT;UF;4202008;108.2500;20;0;1;9;10;0;
EBT;UF;4202305;93.6875;37;3;19;9;6;0;
EBT;UF;4202404;1175.4375;140;5;30;61;41;3;
EBT;UF;4202602;5.3750;4;0;2;1;1;0;
EBT;UF;4202909;290.0625;42;1;6;16;18;1;
EBT;UF;4203006;132.6250;10;2;2;2;3;1;
EBT;UF;4203204;21.6250;16;0;7;8;1;0;
EBT;UF;4203956;15.7500;5;0;2;2;1;0;
EBT;UF;4204202;371.0625;52;7;13;17;13;2;
EBT;UF;4204251;32.2500;2;0;1;0;1;0;
EBT;UF;4204301;444.0000;11;0;0;0;8;3;
EBT;UF;4204350;0.6875;4;1;3;0;0;0;
EBT;UF;4204509;3.6250;5;0;3;2;0;0;
EBT;UF;4204558;4.0000;1;0;0;0;1;0;
EBT;UF;4204608;332.6875;48;9;7;10;21;1;
EBT;UF;4204806;0.5000;1;0;1;0;0;0;
EBT;UF;4205191;10.0000;1;0;0;0;1;0;
EBT;UF;4205407;5477.6016;215;9;30;76;92;8;
EBT;UF;4205506;2.9375;9;3;5;1;0;0;
EBT;UF;4205704;7.1250;10;2;3;5;0;0;
EBT;UF;4205803;4.0000;1;0;0;0;1;0;
EBT;UF;4205902;65.3750;19;2;9;4;4;0;
EBT;UF;4206504;64.1875;18;1;4;9;4;0;
EBT;UF;4206702;2.6250;3;0;2;1;0;0;
EBT;UF;4207007;35.0625;7;1;2;1;3;0;
EBT;UF;4207502;211.5625;30;1;1;17;10;1;
EBT;UF;4208203;905.3750;155;2;16;88;46;3;
EBT;UF;4208807;1.2500;2;0;1;1;0;0;
EBT;UF;4208906;145.5625;35;1;6;19;9;0;
EBT;UF;4209003;222.5000;19;0;1;8;9;1;
EBT;UF;4209102;1199.8125;203;17;46;83;54;3;
EBT;UF;4209300;175.6250;40;2;8;14;16;0;
EBT;UF;4209706;1.2500;2;0;1;1;0;0;
EBT;UF;4210100;12.9375;20;3;12;5;0;0;
EBT;UF;4210209;3.2500;3;0;1;2;0;0;
EBT;UF;4210605;3.5625;5;1;2;2;0;0;
EBT;UF;4211306;95.8125;33;1;5;16;11;0;
EBT;UF;4211603;2.2500;3;0;1;2;0;0;
EBT;UF;4211900;157.5625;44;1;15;18;10;0;
EBT;UF;4213005;0.3125;3;1;2;0;0;0;
EBT;UF;4213203;22.0000;5;0;3;1;1;0;
EBT;UF;4214706;2.2500;2;0;1;1;0;0;
EBT;UF;4214805;294.2500;55;0;13;19;23;0;
EBT;UF;4215000;24.0000;2;0;0;1;1;0;
EBT;UF;4215109;2.7500;3;0;2;1;0;0;
EBT;UF;4215802;172.9375;75;15;14;37;9;0;
EBT;UF;4216107;1.0000;1;0;0;1;0;0;
EBT;UF;4216206;89.3750;19;2;4;5;8;0;
EBT;UF;4216602;282.3125;56;3;6;25;22;0;
EBT;UF;4216909;37.7500;6;0;3;2;1;0;
EBT;UF;4217402;3.5000;4;0;2;2;0;0;
EBT;UF;4217709;110.0000;2;0;0;0;1;1;
EBT;UF;4218202;124.5000;11;0;1;7;2;1;
EBT;UF;4218707;52.0625;10;1;0;5;4;0;
EBT;UF;4218806;2.0000;1;0;0;1;0;0;
EBT;UF;4219309;44.7500;17;0;11;2;4;0;
EBT;UF;4219507;7.5000;11;0;6;5;0;0;
EBT;UF;4219705;10.6250;7;2;2;2;1;0;
EBT;UF;4300406;202.3125;28;11;8;0;8;1;
EBT;UF;4300604;132.7500;18;0;6;2;10;0;
EBT;UF;4301602;436.1250;29;0;5;6;17;1;
EBT;UF;4302105;641.0000;79;4;4;23;48;0;
EBT;UF;4302352;1.0000;1;0;0;1;0;0;
EBT;UF;4302907;0.1250;1;0;1;0;0;0;
EBT;UF;4303103;342.0000;33;0;5;5;23;0;
EBT;UF;4303509;235.0000;17;0;2;4;10;1;
EBT;UF;4303905;505.4375;44;3;8;13;17;3;
EBT;UF;4304408;7.9375;8;1;4;2;1;0;
EBT;UF;4304606;930.8750;108;12;16;28;50;2;
EBT;UF;4304630;60.0625;5;1;0;0;4;0;
EBT;UF;4304705;127.2500;18;4;7;3;3;1;
EBT;UF;4304804;2.6875;6;1;3;2;0;0;
EBT;UF;4305108;1397.1250;249;18;37;93;100;1;
EBT;UF;4305975;2.0000;1;0;0;1;0;0;
EBT;UF;4306106;197.9375;33;7;12;9;4;1;
EBT;UF;4306205;0.0625;1;1;0;0;0;0;
EBT;UF;4306601;6.0000;1;0;0;0;1;0;
EBT;UF;4306767;196.0000;20;0;0;9;10;1;
EBT;UF;4307005;490.0625;31;1;0;11;18;1;
EBT;UF;4307559;173.0625;4;1;0;1;1;1;
EBT;UF;4307609;31.5000;11;0;4;4;3;0;
EBT;UF;4307708;40.5000;25;6;9;6;4;0;
EBT;UF;4307807;11.3750;8;2;4;1;1;0;
EBT;UF;4307906;330.7500;35;0;2;7;26;0;
EBT;UF;4308102;1.0000;1;0;0;1;0;0;
EBT;UF;4308607;183.6875;38;1;7;17;13;0;
EBT;UF;4308904;2.0000;4;0;3;1;0;0;
EBT;UF;4309050;0.6250;2;0;2;0;0;0;
EBT;UF;4309100;35.3750;9;0;6;2;1;0;
EBT;UF;4309209;285.8750;76;8;24;13;31;0;
EBT;UF;4309308;61.1875;17;3;8;2;4;0;
EBT;UF;4310108;12.7500;11;6;2;0;3;0;
EBT;UF;4310207;278.1250;12;2;2;1;6;1;
EBT;UF;4310330;0.1250;2;2;0;0;0;0;
EBT;UF;4310801;1.1250;5;0;5;0;0;0;
EBT;UF;4311403;193.5000;19;4;5;5;4;1;
EBT;UF;4311809;2.5625;7;1;5;1;0;0;
EBT;UF;4312401;21.3125;14;5;5;0;4;0;
EBT;UF;4312906;4.0000;1;0;0;0;1;0;
EBT;UF;4313201;8.6875;7;3;3;0;1;0;
EBT;UF;4313409;644.8125;90;7;9;25;49;0;
EBT;UF;4313508;38.6250;22;10;6;2;4;0;
EBT;UF;4313904;5.7500;18;4;12;2;0;0;
EBT;UF;4314050;7.1875;11;3;5;3;0;0;
EBT;UF;4314100;748.3125;64;3;11;28;21;1;
EBT;UF;4314308;0.2500;1;0;1;0;0;0;
EBT;UF;4314407;488.5000;52;4;13;13;20;2;
EBT;UF;4314506;4.0000;1;0;0;0;1;0;
EBT;UF;4314803;9.7500;5;0;3;1;1;0;
EBT;UF;4314902;34395.1250;608;14;58;127;361;48;
EBT;UF;4315602;336.8750;54;10;14;10;18;2;
EBT;UF;4316402;1.8750;7;2;4;1;0;0;
EBT;UF;4316808;538.5000;19;2;2;0;12;3;
EBT;UF;4316907;691.1250;97;30;24;19;21;3;
EBT;UF;4317103;52.2500;9;0;1;6;2;0;
EBT;UF;4317400;8.0000;1;0;0;0;1;0;
EBT;UF;4317509;8.5000;2;0;1;0;1;0;
EBT;UF;4317608;2.0000;5;0;4;1;0;0;
EBT;UF;4318705;232.6250;56;8;14;20;14;0;
EBT;UF;4319505;2.1875;6;1;4;1;0;0;
EBT;UF;4319901;61.5000;9;0;1;4;4;0;
EBT;UF;4320008;104.1875;24;5;6;4;9;0;
EBT;UF;4321204;4.7500;7;0;4;3;0;0;
EBT;UF;4321451;444.1875;15;5;5;1;1;3;
EBT;UF;4321501;17.0625;19;5;10;2;2;0;
EBT;UF;4321600;14.9375;14;3;7;3;1;0;
EBT;UF;4322004;32.0000;1;0;0;0;1;0;
EBT;UF;4322400;305.6250;21;0;7;5;8;1;
EBT;UF;4322509;307.8750;22;0;3;4;14;1;
EBT;UF;4322608;10.0000;2;0;0;1;1;0;
EBT;UF;4323002;18.5000;4;0;1;1;2;0;
EBT;UF;4323408;1.2500;2;0;1;1;0;0;
EBT;UF;4323804;0.3125;2;1;1;0;0;0;
EBT;UF;5000203;34.0000;4;0;0;0;4;0;
EBT;UF;5002704;4069.0625;264;25;45;85;98;11;
EBT;UF;5003702;915.5000;30;0;1;9;18;2;
EBT;UF;5004502;1.2500;3;0;3;0;0;0;
EBT;UF;5005400;24.0000;3;0;0;0;3;0;
EBT;UF;5006309;4.0000;2;0;0;2;0;0;
EBT;UF;5006606;2.0000;1;0;0;1;0;0;
EBT;UF;5007109;28.0000;5;0;0;1;4;0;
EBT;UF;5007901;34.0000;1;0;0;0;1;0;
EBT;UF;5008305;200.0000;25;0;0;11;14;0;
EBT;UF;5101704;34.0000;1;0;0;0;1;0;
EBT;UF;5102504;81.9375;42;5;11;20;6;0;
EBT;UF;5103403;13755.3125;698;37;119;381;129;32;
EBT;UF;5105002;4.0000;2;0;0;2;0;0;
EBT;UF;5105259;662.0000;125;10;22;69;21;3;
EBT;UF;5105622;82.5000;12;0;3;7;2;0;
EBT;UF;5106224;545.0000;74;4;10;36;23;1;
EBT;UF;5106752;257.1250;49;6;15;21;6;1;
EBT;UF;5107198;0.5625;2;1;1;0;0;0;
EBT;UF;5107602;1953.3750;166;6;18;85;43;14;
EBT;UF;5107909;6367.3750;132;6;13;76;29;8;
EBT;UF;5107925;634.2500;84;2;15;34;30;3;
EBT;UF;5107958;2.3750;5;0;4;1;0;0;
EBT;UF;5108402;630.0625;116;3;21;60;31;1;
EBT;UF;5200258;0.2500;1;0;1;0;0;0;
EBT;UF;5200308;5.0000;6;0;3;3;0;0;
EBT;UF;5201108;1334.8125;105;7;17;62;15;4;
EBT;UF;5201405;294.7500;148;4;33;98;13;0;
EBT;UF;5204508;25.0000;6;0;2;2;2;0;
EBT;UF;5204706;5.5000;5;0;2;3;0;0;
EBT;UF;5205109;232.3750;29;0;6;13;9;1;
EBT;UF;5206206;24.7500;6;0;2;2;2;0;
EBT;UF;5208707;2577.1875;456;17;80;271;82;6;
EBT;UF;5210000;8.0000;4;0;0;4;0;0;
EBT;UF;5211503;64.5625;23;1;1;16;5;0;
EBT;UF;5211909;106.0000;3;0;0;1;1;1;
EBT;UF;5212501;37.3125;27;1;11;14;1;0;
EBT;UF;5213806;1.7500;3;0;2;1;0;0;
EBT;UF;5215231;2.0625;6;1;4;1;0;0;
EBT;UF;5218003;2.5000;2;0;1;1;0;0;
EBT;UF;5218508;0.2500;1;0;1;0;0;0;
EBT;UF;5218805;110.8125;31;1;5;17;8;0;
EBT;UF;5219605;2.0000;1;0;0;1;0;0;
EBT;UF;5220454;19.0000;10;0;0;10;0;0;
EBT;UF;5221403;16.5625;4;1;1;0;2;0;
EBT;UF;5221601;12.0000;5;0;4;0;1;0;
EBT;UF;5221858;27.3750;21;2;7;11;1;0;
EBT;UF;5300108;93740.5000;2267;56;375;1035;600;201;
09;850;
