01;CLA;IPL4;201508;
EBT;UF;1302603;62.7500;17;2;9;6;0;0;
EBT;UF;1501402;3.0000;2;0;2;0;0;0;
EBT;UF;2111300;136.1875;37;23;11;1;0;2;
EBT;UF;2211001;410.0195;22;9;5;0;0;8;
EBT;UF;2304400;4.0000;2;0;2;0;0;0;
EBT;UF;2403251;13.7813;5;2;2;1;0;0;
EBT;UF;2408102;219.8594;30;11;11;5;0;3;
EBT;UF;2507507;101.2461;21;3;14;3;0;1;
EBT;UF;2607901;6.5000;4;1;3;0;0;0;
EBT;UF;2609600;1.0000;1;0;1;0;0;0;
EBT;UF;2610707;3.0000;2;0;2;0;0;0;
EBT;UF;2611606;234.6602;21;1;15;1;0;4;
EBT;UF;2704302;41.5898;16;6;7;3;0;0;
EBT;UF;2919207;4.0000;2;0;2;0;0;0;
EBT;UF;2927408;159.3984;23;16;4;0;0;3;
EBT;UF;3101607;2.0000;1;0;1;0;0;0;
EBT;UF;3103751;0.2500;1;1;0;0;0;0;
EBT;UF;3105608;2.0000;1;0;1;0;0;0;
EBT;UF;3106200;984.4882;347;64;267;4;0;12;
EBT;UF;3106309;4.0000;1;0;0;1;0;0;
EBT;UF;3106705;0.5000;1;1;0;0;0;0;
EBT;UF;3107406;2.0000;1;0;1;0;0;0;
EBT;UF;3109303;2.0000;1;0;1;0;0;0;
EBT;UF;3110004;2.0000;1;0;1;0;0;0;
EBT;UF;3111200;1.0000;1;0;1;0;0;0;
EBT;UF;3113404;0.5000;1;1;0;0;0;0;
EBT;UF;3118304;2.0000;1;0;1;0;0;0;
EBT;UF;3118601;1.2500;2;1;1;0;0;0;
EBT;UF;3118908;0.2500;1;1;0;0;0;0;
EBT;UF;3119104;1.0000;1;0;1;0;0;0;
EBT;UF;3119302;1.0000;1;0;1;0;0;0;
EBT;UF;3119401;0.5000;1;1;0;0;0;0;
EBT;UF;3122306;0.5000;1;1;0;0;0;0;
EBT;UF;3123700;2.0000;1;0;1;0;0;0;
EBT;UF;3124104;2.0000;1;0;1;0;0;0;
EBT;UF;3125101;0.5000;1;1;0;0;0;0;
EBT;UF;3127701;1.9648;2;1;1;0;0;0;
EBT;UF;3131307;0.5000;1;1;0;0;0;0;
EBT;UF;3131703;4.9297;3;0;3;0;0;0;
EBT;UF;3132404;0.2500;1;1;0;0;0;0;
EBT;UF;3135100;3.5000;3;1;2;0;0;0;
EBT;UF;3135803;2.0000;1;0;1;0;0;0;
EBT;UF;3136207;0.5000;1;1;0;0;0;0;
EBT;UF;3136702;1.0000;1;0;1;0;0;0;
EBT;UF;3138203;0.2500;1;1;0;0;0;0;
EBT;UF;3139409;9.5000;5;1;3;1;0;0;
EBT;UF;3139508;1.0000;1;0;1;0;0;0;
EBT;UF;3144300;0.5000;1;1;0;0;0;0;
EBT;UF;3144409;1.0000;1;0;1;0;0;0;
EBT;UF;3144805;55.3203;5;1;3;0;0;1;
EBT;UF;3147907;2.0000;1;0;1;0;0;0;
EBT;UF;3151800;4.0000;2;0;2;0;0;0;
EBT;UF;3152105;12.0000;2;0;1;1;0;0;
EBT;UF;3154606;0.5000;1;1;0;0;0;0;
EBT;UF;3156700;1.4648;1;0;1;0;0;0;
EBT;UF;3156908;1.0000;1;0;1;0;0;0;
EBT;UF;3157807;1.0000;1;0;1;0;0;0;
EBT;UF;3158201;1.0000;1;0;1;0;0;0;
EBT;UF;3158953;2.0000;1;0;1;0;0;0;
EBT;UF;3160702;4.0000;2;0;2;0;0;0;
EBT;UF;3162500;2.5000;2;1;1;0;0;0;
EBT;UF;3167202;8.0000;4;0;4;0;0;0;
EBT;UF;3168101;4.0000;2;0;2;0;0;0;
EBT;UF;3168705;6.0000;3;0;3;0;0;0;
EBT;UF;3169307;0.5000;1;1;0;0;0;0;
EBT;UF;3169802;1.0000;1;0;1;0;0;0;
EBT;UF;3170107;1.0000;1;0;1;0;0;0;
EBT;UF;3170206;2.7500;3;2;1;0;0;0;
EBT;UF;3170701;2.0000;1;0;1;0;0;0;
EBT;UF;3201308;2.0000;1;0;1;0;0;0;
EBT;UF;3202454;0.2500;1;1;0;0;0;0;
EBT;UF;3205002;15.0000;6;3;2;1;0;0;
EBT;UF;3205200;131.8906;33;6;22;3;1;1;
EBT;UF;3205309;384.5313;85;8;50;22;3;2;
EBT;UF;3300100;4.0000;2;0;2;0;0;0;
EBT;UF;3300308;0.3125;2;2;0;0;0;0;
EBT;UF;3300407;2.5000;2;1;1;0;0;0;
EBT;UF;3300456;7.0898;7;3;4;0;0;0;
EBT;UF;3301702;70.9648;11;1;7;2;0;1;
EBT;UF;3301900;2.0000;1;0;1;0;0;0;
EBT;UF;3302858;57.3125;15;11;3;0;0;1;
EBT;UF;3303203;6.9658;9;6;3;0;0;0;
EBT;UF;3303500;25.8486;20;5;15;0;0;0;
EBT;UF;3303708;1.0000;1;0;1;0;0;0;
EBT;UF;3304201;2.0000;2;0;2;0;0;0;
EBT;UF;3304557;1783.9531;700;109;394;190;0;7;
EBT;UF;3305109;3.0000;2;0;2;0;0;0;
EBT;UF;3305802;0.2500;1;1;0;0;0;0;
EBT;UF;3306206;0.2500;1;1;0;0;0;0;
EBT;UF;3306305;2.0000;1;0;1;0;0;0;
EBT;UF;3501608;400.2969;35;15;15;2;0;3;
EBT;UF;3501905;2.0000;1;0;1;0;0;0;
EBT;UF;3502507;9.7148;11;5;6;0;0;0;
EBT;UF;3502804;43.6406;22;3;17;2;0;0;
EBT;UF;3503208;37.9922;33;18;14;1;0;0;
EBT;UF;3503307;10.3125;13;7;6;0;0;0;
EBT;UF;3504107;33.4961;24;11;12;1;0;0;
EBT;UF;3505708;501.5430;121;59;57;1;0;4;
EBT;UF;3506003;269.6953;64;17;43;0;0;4;
EBT;UF;3506607;4.0000;2;0;2;0;0;0;
EBT;UF;3507605;28.1875;21;11;9;1;0;0;
EBT;UF;3508504;5.7031;7;3;4;0;0;0;
EBT;UF;3508603;10.0000;1;0;0;1;0;0;
EBT;UF;3509007;2.0000;1;0;1;0;0;0;
EBT;UF;3509205;11.0000;11;6;5;0;0;0;
EBT;UF;3509502;201.1484;131;36;93;1;0;1;
EBT;UF;3510401;4.1055;7;5;2;0;0;0;
EBT;UF;3510609;34.2461;26;10;15;1;0;0;
EBT;UF;3513009;54.3828;38;8;30;0;0;0;
EBT;UF;3513405;14.1797;12;4;8;0;0;0;
EBT;UF;3513504;1.5625;3;2;1;0;0;0;
EBT;UF;3513801;28.7891;24;4;20;0;0;0;
EBT;UF;3514908;3.7148;3;1;2;0;0;0;
EBT;UF;3515004;27.0313;20;6;14;0;0;0;
EBT;UF;3515103;2.0000;1;0;1;0;0;0;
EBT;UF;3515707;5.0000;3;0;3;0;0;0;
EBT;UF;3516309;2.5000;2;1;1;0;0;0;
EBT;UF;3516408;8.2500;3;1;0;2;0;0;
EBT;UF;3518305;6.0000;3;0;3;0;0;0;
EBT;UF;3518404;13.9297;17;9;8;0;0;0;
EBT;UF;3518701;19.1328;26;15;11;0;0;0;
EBT;UF;3518800;125.9609;58;25;32;0;0;1;
EBT;UF;3520509;18.9648;9;1;7;1;0;0;
EBT;UF;3522208;14.2148;13;5;8;0;0;0;
EBT;UF;3522307;47.8125;28;10;16;2;0;0;
EBT;UF;3522505;31.5234;21;3;18;0;0;0;
EBT;UF;3524402;7.4375;7;3;4;0;0;0;
EBT;UF;3525003;1.6250;5;5;0;0;0;0;
EBT;UF;3525300;35.6016;16;5;9;2;0;0;
EBT;UF;3525904;31.2266;33;16;17;0;0;0;
EBT;UF;3526704;2.0000;1;0;1;0;0;0;
EBT;UF;3526902;173.7773;26;7;16;0;0;3;
EBT;UF;3527207;8.7422;9;3;6;0;0;0;
EBT;UF;3528502;1.5000;2;1;1;0;0;0;
EBT;UF;3529005;10.0000;1;0;0;1;0;0;
EBT;UF;3529401;12.7500;17;7;10;0;0;0;
EBT;UF;3530607;28.9844;25;8;17;0;0;0;
EBT;UF;3530706;25.3516;20;3;17;0;0;0;
EBT;UF;3530805;11.4648;11;4;7;0;0;0;
EBT;UF;3531803;8.6797;7;2;5;0;0;0;
EBT;UF;3533403;0.5000;1;1;0;0;0;0;
EBT;UF;3534401;110.0469;95;38;55;2;0;0;
EBT;UF;3538006;34.9961;15;3;10;2;0;0;
EBT;UF;3538709;54.1406;27;8;16;3;0;0;
EBT;UF;3539806;0.5000;2;2;0;0;0;0;
EBT;UF;3540606;4.5000;5;1;4;0;0;0;
EBT;UF;3541000;6.5898;12;9;3;0;0;0;
EBT;UF;3543303;5.0000;3;0;3;0;0;0;
EBT;UF;3543402;724.8887;122;31;79;0;0;12;
EBT;UF;3543907;11.4922;11;5;6;0;0;0;
EBT;UF;3545001;8.0000;4;0;4;0;0;0;
EBT;UF;3545209;6.7109;8;3;5;0;0;0;
EBT;UF;3545803;16.9258;18;8;10;0;0;0;
EBT;UF;3546009;0.5000;1;1;0;0;0;0;
EBT;UF;3546801;2.5000;3;1;2;0;0;0;
EBT;UF;3547304;16.8125;13;5;8;0;0;0;
EBT;UF;3547502;1.0000;1;0;1;0;0;0;
EBT;UF;3547809;56.1758;58;26;32;0;0;0;
EBT;UF;3548500;153.0273;67;32;33;0;0;2;
EBT;UF;3548609;1.0000;1;0;1;0;0;0;
EBT;UF;3548708;170.2031;80;40;38;0;0;2;
EBT;UF;3548807;32.1016;36;13;23;0;0;0;
EBT;UF;3548906;197.7930;44;17;23;1;0;3;
EBT;UF;3549805;105.2109;65;13;49;3;0;0;
EBT;UF;3549904;81.4648;76;28;48;0;0;0;
EBT;UF;3550308;2789.2957;1541;507;1008;5;1;20;
EBT;UF;3551009;15.7070;21;11;10;0;0;0;
EBT;UF;3551702;55.7734;7;1;5;0;0;1;
EBT;UF;3552205;57.1035;39;10;28;1;0;0;
EBT;UF;3552403;9.7148;8;3;5;0;0;0;
EBT;UF;3552502;2.5000;3;2;1;0;0;0;
EBT;UF;3552809;29.4297;25;9;16;0;0;0;
EBT;UF;3554102;545.1758;15;2;10;2;0;1;
EBT;UF;3554508;4.0000;2;0;2;0;0;0;
EBT;UF;3556206;7.8594;6;0;6;0;0;0;
EBT;UF;3556453;3.4297;3;1;2;0;0;0;
EBT;UF;4106902;325.8320;250;139;106;3;0;2;
EBT;UF;4113700;159.5664;48;9;37;0;0;2;
EBT;UF;4115200;237.9219;41;14;23;0;0;4;
EBT;UF;4119905;24.8594;20;6;14;0;0;0;
EBT;UF;4202404;64.5117;57;16;40;1;0;0;
EBT;UF;4205407;95.0557;60;33;26;0;0;1;
EBT;UF;4305108;281.0664;38;17;16;0;0;5;
EBT;UF;4314100;13.6445;16;9;7;0;0;0;
EBT;UF;4314407;16.8945;20;13;7;0;0;0;
EBT;UF;4314902;788.6406;214;109;100;2;1;2;
EBT;UF;4316907;19.3594;17;7;10;0;0;0;
EBT;UF;4322400;5.5000;5;3;2;0;0;0;
EBT;UF;5002704;107.3125;33;8;17;8;0;0;
EBT;UF;5103403;135.5078;58;25;29;3;0;1;
EBT;UF;5108402;37.2500;22;11;9;2;0;0;
EBT;UF;5208707;309.8555;29;5;16;3;0;5;
EBT;UF;5300108;190.1797;93;51;38;2;0;2;
09;193;
