01;CLA;IPL4;201301;
EBT;UF;1100015;0.0625;1;1;0;0;0;0;
EBT;UF;1100023;0.0625;1;1;0;0;0;0;
EBT;UF;1100031;0.1875;2;1;1;0;0;0;
EBT;UF;1100049;1.1348;9;7;2;0;0;0;
EBT;UF;1100056;1.0625;2;1;0;1;0;0;
EBT;UF;1100064;1.9375;5;1;3;1;0;0;
EBT;UF;1100072;0.0625;1;1;0;0;0;0;
EBT;UF;1100080;0.4375;3;1;2;0;0;0;
EBT;UF;1100098;1.3125;3;1;1;1;0;0;
EBT;UF;1100106;1.0000;1;0;0;1;0;0;
EBT;UF;1100122;0.5000;1;0;1;0;0;0;
EBT;UF;1100130;2.0000;4;0;3;1;0;0;
EBT;UF;1100148;0.1250;1;0;1;0;0;0;
EBT;UF;1100189;0.1250;2;2;0;0;0;0;
EBT;UF;1100205;0.3125;2;1;1;0;0;0;
EBT;UF;1100254;1.0625;2;1;0;1;0;0;
EBT;UF;1100288;3.5625;5;1;1;3;0;0;
EBT;UF;1100296;1.2500;2;0;1;1;0;0;
EBT;UF;1100304;0.1875;3;3;0;0;0;0;
EBT;UF;1100320;2.8125;7;3;2;2;0;0;
EBT;UF;1100338;0.1875;2;1;1;0;0;0;
EBT;UF;1100346;0.1875;2;1;1;0;0;0;
EBT;UF;1100379;0.0625;1;1;0;0;0;0;
EBT;UF;1100452;1.7500;3;0;2;1;0;0;
EBT;UF;1100502;1.2500;3;0;2;1;0;0;
EBT;UF;1100601;0.2500;1;0;1;0;0;0;
EBT;UF;1100940;0.1250;1;0;1;0;0;0;
EBT;UF;1101203;0.2500;2;0;2;0;0;0;
EBT;UF;1101302;0.5000;3;0;3;0;0;0;
EBT;UF;1101401;0.2500;1;0;1;0;0;0;
EBT;UF;1101492;0.0625;1;1;0;0;0;0;
EBT;UF;1101500;0.0625;1;1;0;0;0;0;
EBT;UF;1101708;1.0000;1;0;0;1;0;0;
EBT;UF;1200013;2.0000;2;0;0;2;0;0;
EBT;UF;1200138;0.0625;1;1;0;0;0;0;
EBT;UF;1200203;1.0000;1;0;0;1;0;0;
EBT;UF;1200302;1.0000;1;0;0;1;0;0;
EBT;UF;1200336;1.0000;1;0;0;1;0;0;
EBT;UF;1200385;2.8750;5;0;3;2;0;0;
EBT;UF;1200401;0.1250;1;0;1;0;0;0;
EBT;UF;1200450;0.0625;1;1;0;0;0;0;
EBT;UF;1200500;4.0000;2;0;0;2;0;0;
EBT;UF;1200609;1.0000;1;0;0;1;0;0;
EBT;UF;1200708;1.2500;2;0;1;1;0;0;
EBT;UF;1200807;0.0625;1;1;0;0;0;0;
EBT;UF;1302603;20.0049;5;1;0;0;4;0;
EBT;UF;1400100;5.0000;1;0;0;0;1;0;
EBT;UF;1501303;2.5000;7;2;4;1;0;0;
EBT;UF;1501402;1.8506;11;6;5;0;0;0;
EBT;UF;1501709;1.1250;6;2;4;0;0;0;
EBT;UF;1501956;0.5625;3;1;2;0;0;0;
EBT;UF;1502202;0.2500;1;0;1;0;0;0;
EBT;UF;1502301;2.1250;2;0;1;1;0;0;
EBT;UF;1502400;0.2500;1;0;1;0;0;0;
EBT;UF;1502939;0.8125;3;1;2;0;0;0;
EBT;UF;1503309;0.3125;2;1;1;0;0;0;
EBT;UF;1505304;0.1875;2;1;1;0;0;0;
EBT;UF;1505536;5.0000;1;0;0;0;1;0;
EBT;UF;1506138;0.0625;1;1;0;0;0;0;
EBT;UF;1506203;0.2500;3;2;1;0;0;0;
EBT;UF;1506351;0.2500;1;0;1;0;0;0;
EBT;UF;1506500;0.0625;1;1;0;0;0;0;
EBT;UF;1506609;0.1250;1;0;1;0;0;0;
EBT;UF;1506807;0.5000;4;2;2;0;0;0;
EBT;UF;1507607;1.7500;3;0;2;1;0;0;
EBT;UF;1507904;0.6250;2;0;2;0;0;0;
EBT;UF;1508100;0.3125;2;1;1;0;0;0;
EBT;UF;1508209;0.1250;1;0;1;0;0;0;
EBT;UF;1600303;5.0000;1;0;0;0;1;0;
EBT;UF;1700400;0.1250;1;0;1;0;0;0;
EBT;UF;1702000;1.0000;1;0;0;1;0;0;
EBT;UF;1702208;1.5000;2;0;1;1;0;0;
EBT;UF;1702307;1.0000;1;0;0;1;0;0;
EBT;UF;1702406;0.3750;2;0;2;0;0;0;
EBT;UF;1702554;1.2500;2;0;1;1;0;0;
EBT;UF;1703008;0.0625;1;1;0;0;0;0;
EBT;UF;1703602;0.0625;1;1;0;0;0;0;
EBT;UF;1703701;1.0000;1;0;0;1;0;0;
EBT;UF;1705102;0.0625;1;1;0;0;0;0;
EBT;UF;1705557;0.2500;1;0;1;0;0;0;
EBT;UF;1706100;1.3750;3;0;2;1;0;0;
EBT;UF;1707009;1.3125;4;1;3;0;0;0;
EBT;UF;1707108;1.1250;2;0;1;1;0;0;
EBT;UF;1707306;0.0625;1;1;0;0;0;0;
EBT;UF;1707553;1.2500;2;0;1;1;0;0;
EBT;UF;1707652;1.2500;2;0;1;1;0;0;
EBT;UF;1707702;1.0000;1;0;0;1;0;0;
EBT;UF;1708205;1.0625;2;1;0;1;0;0;
EBT;UF;1708254;0.0625;1;1;0;0;0;0;
EBT;UF;1709500;0.3311;3;2;1;0;0;0;
EBT;UF;1711506;0.0625;1;1;0;0;0;0;
EBT;UF;1712009;0.0625;1;1;0;0;0;0;
EBT;UF;1713205;0.0625;1;1;0;0;0;0;
EBT;UF;1713304;0.2500;1;0;1;0;0;0;
EBT;UF;1714203;0.5625;2;1;1;0;0;0;
EBT;UF;1715754;1.2500;2;0;1;1;0;0;
EBT;UF;1716109;0.3125;3;1;2;0;0;0;
EBT;UF;1716208;1.0000;1;0;0;1;0;0;
EBT;UF;1716505;0.6250;3;0;3;0;0;0;
EBT;UF;1716604;1.0000;1;0;0;1;0;0;
EBT;UF;1716703;1.0000;1;0;0;1;0;0;
EBT;UF;1717503;2.0625;2;1;0;1;0;0;
EBT;UF;1717909;0.0625;1;1;0;0;0;0;
EBT;UF;1718204;0.5000;5;4;1;0;0;0;
EBT;UF;1718865;0.2500;1;0;1;0;0;0;
EBT;UF;1718907;0.0625;1;1;0;0;0;0;
EBT;UF;1720499;0.0625;1;1;0;0;0;0;
EBT;UF;1720655;1.2500;2;0;1;1;0;0;
EBT;UF;1720903;0.2500;1;0;1;0;0;0;
EBT;UF;1720978;0.2500;1;0;1;0;0;0;
EBT;UF;1721000;0.8750;3;0;3;0;0;0;
EBT;UF;1721208;0.5000;2;0;2;0;0;0;
EBT;UF;1722081;0.0625;1;1;0;0;0;0;
EBT;UF;1722107;1.0625;2;1;0;1;0;0;
EBT;UF;2100600;0.6250;2;0;2;0;0;0;
EBT;UF;2101400;0.2500;1;0;1;0;0;0;
EBT;UF;2101608;1.0000;5;2;3;0;0;0;
EBT;UF;2101707;0.8750;2;0;2;0;0;0;
EBT;UF;2103174;0.5000;1;0;1;0;0;0;
EBT;UF;2103208;1.5000;2;0;1;1;0;0;
EBT;UF;2103604;0.2500;1;0;1;0;0;0;
EBT;UF;2104800;0.2500;1;0;1;0;0;0;
EBT;UF;2105302;0.2500;2;0;2;0;0;0;
EBT;UF;2108454;0.0625;1;1;0;0;0;0;
EBT;UF;2109106;2.1875;6;1;5;0;0;0;
EBT;UF;2109452;0.0625;1;1;0;0;0;0;
EBT;UF;2110203;0.0625;1;1;0;0;0;0;
EBT;UF;2111102;0.3125;3;1;2;0;0;0;
EBT;UF;2111201;0.0625;1;1;0;0;0;0;
EBT;UF;2111300;1.5723;11;6;5;0;0;0;
EBT;UF;2112605;0.5000;1;0;1;0;0;0;
EBT;UF;2112704;0.0625;1;1;0;0;0;0;
EBT;UF;2201200;0.5000;1;0;1;0;0;0;
EBT;UF;2201903;1.8750;4;0;3;1;0;0;
EBT;UF;2202901;1.9375;6;1;5;0;0;0;
EBT;UF;2203206;0.7500;2;0;2;0;0;0;
EBT;UF;2203909;0.3750;2;0;2;0;0;0;
EBT;UF;2205508;0.2500;1;0;1;0;0;0;
EBT;UF;2205805;0.5000;1;0;1;0;0;0;
EBT;UF;2207009;0.7500;2;0;2;0;0;0;
EBT;UF;2208007;3.2500;5;0;4;1;0;0;
EBT;UF;2210003;0.5000;1;0;1;0;0;0;
EBT;UF;2210607;1.2500;3;0;3;0;0;0;
EBT;UF;2211308;0.5000;1;0;1;0;0;0;
EBT;UF;2300200;0.5000;1;0;1;0;0;0;
EBT;UF;2301000;1.3750;2;0;1;1;0;0;
EBT;UF;2301307;0.5000;1;0;1;0;0;0;
EBT;UF;2301901;0.0625;1;1;0;0;0;0;
EBT;UF;2302107;1.5000;2;0;1;1;0;0;
EBT;UF;2302404;0.6250;2;0;2;0;0;0;
EBT;UF;2302602;3.5000;3;0;1;2;0;0;
EBT;UF;2302701;0.7500;2;0;2;0;0;0;
EBT;UF;2303709;1.0000;1;0;0;1;0;0;
EBT;UF;2304202;2.0000;1;0;0;1;0;0;
EBT;UF;2304400;23.3945;23;2;16;2;3;0;
EBT;UF;2305233;0.1250;1;0;1;0;0;0;
EBT;UF;2305803;1.0000;1;0;0;1;0;0;
EBT;UF;2305902;0.0625;1;1;0;0;0;0;
EBT;UF;2307304;0.6875;6;3;3;0;0;0;
EBT;UF;2307650;0.3125;3;1;2;0;0;0;
EBT;UF;2308708;1.0000;1;0;0;1;0;0;
EBT;UF;2309300;0.0625;1;1;0;0;0;0;
EBT;UF;2309409;0.0625;1;1;0;0;0;0;
EBT;UF;2309508;0.5000;1;0;1;0;0;0;
EBT;UF;2312205;1.5000;3;0;3;0;0;0;
EBT;UF;2312403;3.8750;6;0;5;1;0;0;
EBT;UF;2312700;1.2500;2;0;1;1;0;0;
EBT;UF;2312908;2.0000;1;0;0;1;0;0;
EBT;UF;2313500;0.1250;1;0;1;0;0;0;
EBT;UF;2313609;1.0000;1;0;0;1;0;0;
EBT;UF;2313807;0.5000;1;0;1;0;0;0;
EBT;UF;2400208;0.6250;2;0;2;0;0;0;
EBT;UF;2400802;1.0000;2;0;2;0;0;0;
EBT;UF;2401107;0.5000;1;0;1;0;0;0;
EBT;UF;2402006;1.5000;2;0;1;1;0;0;
EBT;UF;2402600;0.7500;3;0;3;0;0;0;
EBT;UF;2403103;0.9375;4;1;3;0;0;0;
EBT;UF;2404200;0.5000;1;0;1;0;0;0;
EBT;UF;2407104;1.1250;2;0;1;1;0;0;
EBT;UF;2408003;1.5000;8;2;6;0;0;0;
EBT;UF;2408102;5.7686;8;5;2;0;1;0;
EBT;UF;2408201;0.5000;1;0;1;0;0;0;
EBT;UF;2412005;0.1250;1;0;1;0;0;0;
EBT;UF;2500403;0.1250;1;0;1;0;0;0;
EBT;UF;2500601;0.3125;2;1;1;0;0;0;
EBT;UF;2500700;0.1250;1;0;1;0;0;0;
EBT;UF;2500908;0.1250;1;0;1;0;0;0;
EBT;UF;2501005;0.3750;2;0;2;0;0;0;
EBT;UF;2501302;0.3750;2;0;2;0;0;0;
EBT;UF;2501500;0.7500;2;0;2;0;0;0;
EBT;UF;2501609;0.1250;1;0;1;0;0;0;
EBT;UF;2501807;5.0000;1;0;0;0;1;0;
EBT;UF;2501906;0.1250;1;0;1;0;0;0;
EBT;UF;2502409;0.1250;1;0;1;0;0;0;
EBT;UF;2502805;0.1250;1;0;1;0;0;0;
EBT;UF;2503001;0.3750;2;0;2;0;0;0;
EBT;UF;2503100;0.1250;1;0;1;0;0;0;
EBT;UF;2503209;0.2500;1;0;1;0;0;0;
EBT;UF;2503605;0.1250;1;0;1;0;0;0;
EBT;UF;2503704;1.8408;6;3;2;1;0;0;
EBT;UF;2504009;7.2978;22;12;9;0;1;0;
EBT;UF;2504306;0.7500;3;0;3;0;0;0;
EBT;UF;2504405;0.5000;2;0;2;0;0;0;
EBT;UF;2504603;0.5000;2;0;2;0;0;0;
EBT;UF;2504801;0.1250;1;0;1;0;0;0;
EBT;UF;2505105;0.5000;2;0;2;0;0;0;
EBT;UF;2506004;0.7500;2;0;2;0;0;0;
EBT;UF;2506301;0.0098;1;1;0;0;0;0;
EBT;UF;2506400;0.1250;1;0;1;0;0;0;
EBT;UF;2506806;0.3750;2;0;2;0;0;0;
EBT;UF;2507002;0.7500;3;0;3;0;0;0;
EBT;UF;2507309;0.1250;1;0;1;0;0;0;
EBT;UF;2507507;58.3838;41;22;7;1;11;0;
EBT;UF;2507705;0.3750;2;0;2;0;0;0;
EBT;UF;2508802;0.1250;1;0;1;0;0;0;
EBT;UF;2509107;0.6250;2;0;2;0;0;0;
EBT;UF;2509701;1.5000;4;0;4;0;0;0;
EBT;UF;2510808;5.1250;3;2;0;0;1;0;
EBT;UF;2510907;0.1250;1;0;1;0;0;0;
EBT;UF;2511301;0.5625;3;1;2;0;0;0;
EBT;UF;2511400;0.3125;2;1;1;0;0;0;
EBT;UF;2511509;0.1250;1;0;1;0;0;0;
EBT;UF;2512002;0.1250;1;0;1;0;0;0;
EBT;UF;2512101;1.5625;5;1;4;0;0;0;
EBT;UF;2512200;0.1250;1;0;1;0;0;0;
EBT;UF;2512309;0.5000;2;0;2;0;0;0;
EBT;UF;2512507;0.0625;1;1;0;0;0;0;
EBT;UF;2512705;0.1250;1;0;1;0;0;0;
EBT;UF;2512903;0.2500;2;0;2;0;0;0;
EBT;UF;2513604;0.1250;1;0;1;0;0;0;
EBT;UF;2513901;0.1250;1;0;1;0;0;0;
EBT;UF;2514008;0.2500;1;0;1;0;0;0;
EBT;UF;2514503;0.1250;1;0;1;0;0;0;
EBT;UF;2514909;0.1250;1;0;1;0;0;0;
EBT;UF;2515500;0.3750;2;0;2;0;0;0;
EBT;UF;2515906;0.1250;1;0;1;0;0;0;
EBT;UF;2516003;0.2500;1;0;1;0;0;0;
EBT;UF;2516102;0.1250;1;0;1;0;0;0;
EBT;UF;2516201;0.5811;3;2;1;0;0;0;
EBT;UF;2516300;0.1250;1;0;1;0;0;0;
EBT;UF;2516508;0.1250;1;0;1;0;0;0;
EBT;UF;2516706;0.6250;2;0;2;0;0;0;
EBT;UF;2516904;0.1250;1;0;1;0;0;0;
EBT;UF;2517001;0.1250;1;0;1;0;0;0;
EBT;UF;2600054;0.3311;3;2;1;0;0;0;
EBT;UF;2600203;0.5000;1;0;1;0;0;0;
EBT;UF;2600500;5.7500;3;0;2;0;1;0;
EBT;UF;2601102;1.0000;2;1;0;1;0;0;
EBT;UF;2601201;1.0000;3;2;0;1;0;0;
EBT;UF;2601409;6.9375;8;1;6;0;1;0;
EBT;UF;2601706;0.3125;3;2;1;0;0;0;
EBT;UF;2601904;0.0098;2;2;0;0;0;0;
EBT;UF;2602001;0.5000;1;0;1;0;0;0;
EBT;UF;2602100;1.5000;2;0;1;1;0;0;
EBT;UF;2602803;0.5000;1;0;1;0;0;0;
EBT;UF;2602902;8.6436;17;4;10;3;0;0;
EBT;UF;2603009;0.8125;3;1;2;0;0;0;
EBT;UF;2603454;0.1436;2;1;1;0;0;0;
EBT;UF;2604007;0.0186;3;3;0;0;0;0;
EBT;UF;2604106;1.6250;11;6;5;0;0;0;
EBT;UF;2604205;2.2500;4;0;3;1;0;0;
EBT;UF;2604809;0.2500;1;0;1;0;0;0;
EBT;UF;2605202;0.2500;1;0;1;0;0;0;
EBT;UF;2605301;0.0625;1;1;0;0;0;0;
EBT;UF;2605707;3.6875;5;1;2;2;0;0;
EBT;UF;2606002;7.9375;9;5;2;1;1;0;
EBT;UF;2606200;0.0000;1;1;0;0;0;0;
EBT;UF;2606408;2.0000;4;1;2;1;0;0;
EBT;UF;2606804;7.5645;7;2;1;4;0;0;
EBT;UF;2607208;11.6250;12;0;8;3;1;0;
EBT;UF;2607604;2.0000;1;0;0;1;0;0;
EBT;UF;2607752;3.0000;2;0;0;2;0;0;
EBT;UF;2607901;3.8516;22;9;13;0;0;0;
EBT;UF;2608206;0.2500;1;0;1;0;0;0;
EBT;UF;2608453;5.2500;2;0;1;0;1;0;
EBT;UF;2608800;0.8125;3;1;2;0;0;0;
EBT;UF;2608909;2.3125;6;2;3;1;0;0;
EBT;UF;2609402;0.2500;1;0;1;0;0;0;
EBT;UF;2609501;7.0000;4;0;2;1;1;0;
EBT;UF;2609600;0.3936;7;6;1;0;0;0;
EBT;UF;2609907;6.7500;4;0;2;1;1;0;
EBT;UF;2610004;0.1250;1;0;1;0;0;0;
EBT;UF;2610608;1.7500;3;0;2;1;0;0;
EBT;UF;2610707;0.1436;3;2;1;0;0;0;
EBT;UF;2610905;0.0000;2;2;0;0;0;0;
EBT;UF;2611002;0.0625;1;1;0;0;0;0;
EBT;UF;2611606;42.3398;64;35;20;3;6;0;
EBT;UF;2611804;1.0000;1;0;0;1;0;0;
EBT;UF;2611903;5.2500;2;0;1;0;1;0;
EBT;UF;2612208;0.0625;2;2;0;0;0;0;
EBT;UF;2612505;2.6250;7;2;4;1;0;0;
EBT;UF;2612554;0.5000;1;0;1;0;0;0;
EBT;UF;2613008;1.7500;3;0;2;1;0;0;
EBT;UF;2613305;0.5000;1;0;1;0;0;0;
EBT;UF;2613404;0.2500;1;0;1;0;0;0;
EBT;UF;2613701;1.0000;2;0;2;0;0;0;
EBT;UF;2613909;0.0625;3;3;0;0;0;0;
EBT;UF;2614105;2.1250;2;0;1;1;0;0;
EBT;UF;2614501;10.8750;13;3;6;3;1;0;
EBT;UF;2614808;0.1250;1;0;1;0;0;0;
EBT;UF;2614857;1.2500;2;0;1;1;0;0;
EBT;UF;2615300;0.0000;1;1;0;0;0;0;
EBT;UF;2615607;0.2500;1;0;1;0;0;0;
EBT;UF;2616407;1.0186;4;2;2;0;0;0;
EBT;UF;2700102;0.2500;1;0;1;0;0;0;
EBT;UF;2700201;0.5000;1;0;1;0;0;0;
EBT;UF;2700300;0.1250;1;0;1;0;0;0;
EBT;UF;2700409;1.0000;2;0;2;0;0;0;
EBT;UF;2700607;0.2500;1;0;1;0;0;0;
EBT;UF;2700706;0.2500;1;0;1;0;0;0;
EBT;UF;2701001;0.2500;1;0;1;0;0;0;
EBT;UF;2701209;0.2500;1;0;1;0;0;0;
EBT;UF;2701308;0.5000;1;0;1;0;0;0;
EBT;UF;2701407;0.7500;2;0;2;0;0;0;
EBT;UF;2701704;0.7500;2;0;2;0;0;0;
EBT;UF;2702108;0.5000;1;0;1;0;0;0;
EBT;UF;2702405;1.1875;4;1;3;0;0;0;
EBT;UF;2702603;0.2500;1;0;1;0;0;0;
EBT;UF;2702801;0.5000;1;0;1;0;0;0;
EBT;UF;2702900;0.7500;2;0;2;0;0;0;
EBT;UF;2703106;0.2500;1;0;1;0;0;0;
EBT;UF;2703205;0.2500;1;0;1;0;0;0;
EBT;UF;2703809;0.7500;2;0;2;0;0;0;
EBT;UF;2704005;0.2500;1;0;1;0;0;0;
EBT;UF;2704203;0.2500;1;0;1;0;0;0;
EBT;UF;2704302;5.8848;7;3;3;0;1;0;
EBT;UF;2704401;0.2500;1;0;1;0;0;0;
EBT;UF;2704609;0.2500;1;0;1;0;0;0;
EBT;UF;2704708;1.0000;3;0;3;0;0;0;
EBT;UF;2704807;0.7500;2;0;2;0;0;0;
EBT;UF;2705002;0.2500;1;0;1;0;0;0;
EBT;UF;2705101;0.5000;1;0;1;0;0;0;
EBT;UF;2705200;0.5000;1;0;1;0;0;0;
EBT;UF;2705507;4.7500;6;0;4;2;0;0;
EBT;UF;2705606;0.5000;1;0;1;0;0;0;
EBT;UF;2705705;2.5000;3;0;2;1;0;0;
EBT;UF;2706307;2.1250;3;2;0;1;0;0;
EBT;UF;2706406;1.0000;2;0;2;0;0;0;
EBT;UF;2706448;0.5000;1;0;1;0;0;0;
EBT;UF;2706505;0.5000;1;0;1;0;0;0;
EBT;UF;2706802;2.5000;3;0;2;1;0;0;
EBT;UF;2706901;0.5000;1;0;1;0;0;0;
EBT;UF;2707107;0.2500;1;0;1;0;0;0;
EBT;UF;2707305;2.5000;2;0;1;1;0;0;
EBT;UF;2707404;0.7500;2;0;2;0;0;0;
EBT;UF;2707503;0.7500;2;0;2;0;0;0;
EBT;UF;2707602;0.5000;1;0;1;0;0;0;
EBT;UF;2707701;0.5000;1;0;1;0;0;0;
EBT;UF;2707909;0.5000;1;0;1;0;0;0;
EBT;UF;2708006;2.0000;8;2;6;0;0;0;
EBT;UF;2708204;0.5000;1;0;1;0;0;0;
EBT;UF;2708303;0.5000;1;0;1;0;0;0;
EBT;UF;2708402;0.3125;2;1;1;0;0;0;
EBT;UF;2708501;0.2500;1;0;1;0;0;0;
EBT;UF;2708808;0.2500;1;0;1;0;0;0;
EBT;UF;2709103;0.5000;1;0;1;0;0;0;
EBT;UF;2709152;0.5000;1;0;1;0;0;0;
EBT;UF;2709202;0.2500;1;0;1;0;0;0;
EBT;UF;2709301;1.3125;5;1;4;0;0;0;
EBT;UF;2709400;0.5000;1;0;1;0;0;0;
EBT;UF;2800308;10.0000;2;0;0;0;2;0;
EBT;UF;2801405;0.0625;1;1;0;0;0;0;
EBT;UF;2801504;0.6250;2;0;2;0;0;0;
EBT;UF;2802106;0.5000;1;0;1;0;0;0;
EBT;UF;2802304;0.2500;1;0;1;0;0;0;
EBT;UF;2804409;0.5000;1;0;1;0;0;0;
EBT;UF;2804508;1.3750;4;0;4;0;0;0;
EBT;UF;2806701;0.7500;2;0;2;0;0;0;
EBT;UF;2807105;0.7500;2;0;2;0;0;0;
EBT;UF;2807402;0.5625;2;1;1;0;0;0;
EBT;UF;2807600;0.5000;1;0;1;0;0;0;
EBT;UF;2900702;0.5625;2;1;1;0;0;0;
EBT;UF;2900801;0.0625;1;1;0;0;0;0;
EBT;UF;2901007;0.5000;1;0;1;0;0;0;
EBT;UF;2902104;0.0625;1;1;0;0;0;0;
EBT;UF;2903201;9.8750;9;0;5;4;0;0;
EBT;UF;2903904;1.5000;3;0;3;0;0;0;
EBT;UF;2904605;0.7500;2;0;2;0;0;0;
EBT;UF;2904803;0.5000;1;0;1;0;0;0;
EBT;UF;2904902;0.2500;1;0;1;0;0;0;
EBT;UF;2905008;0.0625;1;1;0;0;0;0;
EBT;UF;2905206;0.6875;3;1;2;0;0;0;
EBT;UF;2905602;0.5000;1;0;1;0;0;0;
EBT;UF;2905701;16.1348;42;9;29;4;0;0;
EBT;UF;2905909;0.5000;1;0;1;0;0;0;
EBT;UF;2906006;4.5000;3;0;1;2;0;0;
EBT;UF;2906303;0.0625;1;1;0;0;0;0;
EBT;UF;2906501;5.0000;10;3;3;4;0;0;
EBT;UF;2906857;1.0000;1;0;0;1;0;0;
EBT;UF;2906873;0.0625;1;1;0;0;0;0;
EBT;UF;2906907;0.0098;1;1;0;0;0;0;
EBT;UF;2907103;0.0625;1;1;0;0;0;0;
EBT;UF;2907509;0.3750;2;0;2;0;0;0;
EBT;UF;2908002;0.5000;1;0;1;0;0;0;
EBT;UF;2908408;1.1250;3;0;3;0;0;0;
EBT;UF;2908507;0.2500;1;0;1;0;0;0;
EBT;UF;2909802;0.2500;1;0;1;0;0;0;
EBT;UF;2910602;0.5625;2;1;1;0;0;0;
EBT;UF;2910701;0.7500;2;0;2;0;0;0;
EBT;UF;2910727;0.7500;4;0;4;0;0;0;
EBT;UF;2910800;1.5000;9;4;5;0;0;0;
EBT;UF;2910909;0.5000;1;0;1;0;0;0;
EBT;UF;2911204;1.0000;2;0;2;0;0;0;
EBT;UF;2911709;1.2500;3;0;3;0;0;0;
EBT;UF;2913309;0.5000;1;0;1;0;0;0;
EBT;UF;2913507;0.5000;1;0;1;0;0;0;
EBT;UF;2913606;1.0098;5;1;4;0;0;0;
EBT;UF;2913705;0.0625;1;1;0;0;0;0;
EBT;UF;2913903;1.0000;2;0;2;0;0;0;
EBT;UF;2914000;2.2500;2;0;1;1;0;0;
EBT;UF;2914406;0.5000;1;0;1;0;0;0;
EBT;UF;2914604;4.0000;7;0;6;1;0;0;
EBT;UF;2914703;1.6250;5;0;5;0;0;0;
EBT;UF;2914802;16.6875;16;1;9;5;1;0;
EBT;UF;2915601;0.0625;1;1;0;0;0;0;
EBT;UF;2915809;1.0625;3;1;2;0;0;0;
EBT;UF;2916401;0.5625;3;2;1;0;0;0;
EBT;UF;2916906;0.5000;1;0;1;0;0;0;
EBT;UF;2917102;1.0625;3;1;2;0;0;0;
EBT;UF;2917300;0.5000;1;0;1;0;0;0;
EBT;UF;2917508;2.6875;6;1;4;1;0;0;
EBT;UF;2917607;0.0625;1;1;0;0;0;0;
EBT;UF;2917706;0.5625;2;1;1;0;0;0;
EBT;UF;2918001;1.0000;2;0;2;0;0;0;
EBT;UF;2918100;0.5625;2;1;1;0;0;0;
EBT;UF;2918407;0.8750;6;2;4;0;0;0;
EBT;UF;2919207;0.1250;1;0;1;0;0;0;
EBT;UF;2919504;0.0625;1;1;0;0;0;0;
EBT;UF;2919553;1.5000;4;0;4;0;0;0;
EBT;UF;2919702;1.0000;2;0;2;0;0;0;
EBT;UF;2920601;2.0000;1;0;0;1;0;0;
EBT;UF;2921005;1.6973;5;2;2;1;0;0;
EBT;UF;2921104;0.0625;1;1;0;0;0;0;
EBT;UF;2921203;0.5000;1;0;1;0;0;0;
EBT;UF;2921302;0.0625;1;1;0;0;0;0;
EBT;UF;2921500;0.0625;1;1;0;0;0;0;
EBT;UF;2921708;0.5000;1;0;1;0;0;0;
EBT;UF;2922003;1.0625;3;1;2;0;0;0;
EBT;UF;2922102;0.7500;2;0;2;0;0;0;
EBT;UF;2922508;0.5000;1;0;1;0;0;0;
EBT;UF;2923001;0.0625;1;1;0;0;0;0;
EBT;UF;2923704;0.0625;1;1;0;0;0;0;
EBT;UF;2923803;0.5000;1;0;1;0;0;0;
EBT;UF;2924009;1.0625;5;2;3;0;0;0;
EBT;UF;2925105;0.5000;1;0;1;0;0;0;
EBT;UF;2925204;1.0000;3;0;3;0;0;0;
EBT;UF;2925303;0.0098;1;1;0;0;0;0;
EBT;UF;2925501;0.5625;2;1;1;0;0;0;
EBT;UF;2925600;0.5000;1;0;1;0;0;0;
EBT;UF;2926004;0.0625;1;1;0;0;0;0;
EBT;UF;2926301;0.5000;1;0;1;0;0;0;
EBT;UF;2926400;0.0625;1;1;0;0;0;0;
EBT;UF;2926608;1.0000;3;0;3;0;0;0;
EBT;UF;2927200;0.6250;2;0;2;0;0;0;
EBT;UF;2927408;27.6680;89;17;63;9;0;0;
EBT;UF;2928000;0.0625;1;1;0;0;0;0;
EBT;UF;2928109;0.5000;1;0;1;0;0;0;
EBT;UF;2928208;0.5000;1;0;1;0;0;0;
EBT;UF;2928604;0.5000;1;0;1;0;0;0;
EBT;UF;2928802;0.1250;1;0;1;0;0;0;
EBT;UF;2929206;1.2500;2;0;1;1;0;0;
EBT;UF;2929503;1.3750;3;0;2;1;0;0;
EBT;UF;2929909;1.6250;3;0;2;1;0;0;
EBT;UF;2930154;0.2500;1;0;1;0;0;0;
EBT;UF;2930501;1.6875;4;1;2;1;0;0;
EBT;UF;2930709;0.6875;3;1;2;0;0;0;
EBT;UF;2931350;0.0723;3;3;0;0;0;0;
EBT;UF;2931509;0.0098;1;1;0;0;0;0;
EBT;UF;2931905;0.5625;2;1;1;0;0;0;
EBT;UF;2932606;0.0625;1;1;0;0;0;0;
EBT;UF;2932705;1.0000;1;0;0;1;0;0;
EBT;UF;2932903;0.5000;1;0;1;0;0;0;
EBT;UF;2933307;0.1973;3;2;1;0;0;0;
EBT;UF;3100203;2.3125;3;1;1;1;0;0;
EBT;UF;3100609;0.3125;2;1;1;0;0;0;
EBT;UF;3101102;0.5625;2;1;1;0;0;0;
EBT;UF;3101201;2.0000;1;0;0;1;0;0;
EBT;UF;3101607;0.0625;1;1;0;0;0;0;
EBT;UF;3101706;14.3125;13;1;5;7;0;0;
EBT;UF;3102308;2.2500;2;0;1;1;0;0;
EBT;UF;3102605;0.0625;1;1;0;0;0;0;
EBT;UF;3102803;2.0000;1;0;0;1;0;0;
EBT;UF;3102902;0.7500;2;0;2;0;0;0;
EBT;UF;3103405;11.0625;9;1;2;6;0;0;
EBT;UF;3103504;0.0000;2;2;0;0;0;0;
EBT;UF;3103751;0.3750;2;0;2;0;0;0;
EBT;UF;3104007;3.5000;6;0;5;1;0;0;
EBT;UF;3104106;0.3125;2;1;1;0;0;0;
EBT;UF;3104304;2.0000;1;0;0;1;0;0;
EBT;UF;3104502;2.0000;1;0;0;1;0;0;
EBT;UF;3104601;0.2500;1;0;1;0;0;0;
EBT;UF;3105103;2.0000;1;0;0;1;0;0;
EBT;UF;3105400;5.2500;6;0;4;2;0;0;
EBT;UF;3105608;2.5625;4;1;2;1;0;0;
EBT;UF;3105905;2.0000;1;0;0;1;0;0;
EBT;UF;3106200;25.2285;65;16;43;4;2;0;
EBT;UF;3106408;1.0625;2;1;0;1;0;0;
EBT;UF;3106705;18.3750;28;8;16;2;2;0;
EBT;UF;3106903;2.0625;2;1;0;1;0;0;
EBT;UF;3107109;2.0000;1;0;0;1;0;0;
EBT;UF;3107307;2.8750;5;2;2;1;0;0;
EBT;UF;3107406;5.0000;5;0;2;3;0;0;
EBT;UF;3108008;2.0000;1;0;0;1;0;0;
EBT;UF;3108107;0.0625;1;1;0;0;0;0;
EBT;UF;3108206;2.0000;1;0;0;1;0;0;
EBT;UF;3108305;2.0000;1;0;0;1;0;0;
EBT;UF;3108602;2.0625;2;1;0;1;0;0;
EBT;UF;3109006;6.4375;9;3;3;3;0;0;
EBT;UF;3109105;2.0000;1;0;0;1;0;0;
EBT;UF;3109204;2.0000;1;0;0;1;0;0;
EBT;UF;3109303;1.0000;1;0;0;1;0;0;
EBT;UF;3109808;1.0000;1;0;0;1;0;0;
EBT;UF;3110004;6.8125;9;3;2;4;0;0;
EBT;UF;3110301;2.0000;1;0;0;1;0;0;
EBT;UF;3110905;3.5000;3;0;1;2;0;0;
EBT;UF;3111002;2.0000;1;0;0;1;0;0;
EBT;UF;3111101;3.0625;4;1;2;1;0;0;
EBT;UF;3111200;3.5625;4;1;1;2;0;0;
EBT;UF;3111804;2.0000;1;0;0;1;0;0;
EBT;UF;3112000;2.0000;1;0;0;1;0;0;
EBT;UF;3112604;2.0000;1;0;0;1;0;0;
EBT;UF;3113305;2.0000;1;0;0;1;0;0;
EBT;UF;3113404;6.8750;12;2;7;3;0;0;
EBT;UF;3113503;1.0000;1;0;0;1;0;0;
EBT;UF;3114006;2.0000;1;0;0;1;0;0;
EBT;UF;3114105;2.0000;1;0;0;1;0;0;
EBT;UF;3114204;2.0000;1;0;0;1;0;0;
EBT;UF;3114303;0.0020;1;1;0;0;0;0;
EBT;UF;3114402;2.0000;1;0;0;1;0;0;
EBT;UF;3114550;1.5000;2;0;1;1;0;0;
EBT;UF;3115102;2.5000;2;0;1;1;0;0;
EBT;UF;3115300;0.2500;1;0;1;0;0;0;
EBT;UF;3116605;2.0000;1;0;0;1;0;0;
EBT;UF;3116902;0.3125;2;1;1;0;0;0;
EBT;UF;3117306;2.0000;1;0;0;1;0;0;
EBT;UF;3117504;2.0000;1;0;0;1;0;0;
EBT;UF;3117702;2.2500;2;0;1;1;0;0;
EBT;UF;3117801;2.0000;1;0;0;1;0;0;
EBT;UF;3118007;1.5000;2;0;1;1;0;0;
EBT;UF;3118205;2.0000;1;0;0;1;0;0;
EBT;UF;3118304;1.5000;3;0;2;1;0;0;
EBT;UF;3118601;6.2500;15;6;7;2;0;0;
EBT;UF;3118809;2.0000;1;0;0;1;0;0;
EBT;UF;3119104;0.3750;3;2;1;0;0;0;
EBT;UF;3119302;2.5020;4;1;2;1;0;0;
EBT;UF;3119401;0.7500;2;0;2;0;0;0;
EBT;UF;3120409;0.2500;1;0;1;0;0;0;
EBT;UF;3120508;2.0000;1;0;0;1;0;0;
EBT;UF;3120805;3.5000;3;0;1;2;0;0;
EBT;UF;3120904;0.9375;6;3;3;0;0;0;
EBT;UF;3121258;0.6250;2;0;2;0;0;0;
EBT;UF;3121605;33.5625;23;1;3;19;0;0;
EBT;UF;3122009;2.0000;1;0;0;1;0;0;
EBT;UF;3122306;2.5625;5;1;3;1;0;0;
EBT;UF;3123205;2.0000;1;0;0;1;0;0;
EBT;UF;3123601;5.0000;1;0;0;0;1;0;
EBT;UF;3123908;0.0625;1;1;0;0;0;0;
EBT;UF;3124005;2.2500;2;0;1;1;0;0;
EBT;UF;3124104;0.0625;1;1;0;0;0;0;
EBT;UF;3124203;2.0000;1;0;0;1;0;0;
EBT;UF;3124302;2.1250;2;0;1;1;0;0;
EBT;UF;3124807;2.0000;1;0;0;1;0;0;
EBT;UF;3124906;2.0625;2;1;0;1;0;0;
EBT;UF;3125101;0.3125;2;1;1;0;0;0;
EBT;UF;3125903;2.0000;1;0;0;1;0;0;
EBT;UF;3126000;0.2500;1;0;1;0;0;0;
EBT;UF;3126109;2.8750;7;0;6;1;0;0;
EBT;UF;3126307;1.0625;4;1;3;0;0;0;
EBT;UF;3126703;2.0000;1;0;0;1;0;0;
EBT;UF;3127107;5.2520;12;3;7;2;0;0;
EBT;UF;3127701;2.6973;6;2;3;1;0;0;
EBT;UF;3128006;1.6250;4;0;4;0;0;0;
EBT;UF;3128105;2.0000;1;0;0;1;0;0;
EBT;UF;3128303;2.0000;1;0;0;1;0;0;
EBT;UF;3128402;2.0000;1;0;0;1;0;0;
EBT;UF;3128709;6.0000;6;0;3;3;0;0;
EBT;UF;3129509;0.3125;2;1;1;0;0;0;
EBT;UF;3129707;2.7500;3;0;2;1;0;0;
EBT;UF;3129806;5.8125;5;1;3;0;1;0;
EBT;UF;3130101;0.0625;1;1;0;0;0;0;
EBT;UF;3130705;2.0000;1;0;0;1;0;0;
EBT;UF;3131307;9.7500;9;4;2;2;1;0;
EBT;UF;3131703;1.6250;7;2;5;0;0;0;
EBT;UF;3131901;10.5000;10;2;4;3;1;0;
EBT;UF;3132107;0.0625;1;1;0;0;0;0;
EBT;UF;3132404;2.6250;7;0;6;1;0;0;
EBT;UF;3132503;1.0000;1;0;0;1;0;0;
EBT;UF;3132909;0.1250;1;0;1;0;0;0;
EBT;UF;3133105;2.0000;1;0;0;1;0;0;
EBT;UF;3133204;2.0000;1;0;0;1;0;0;
EBT;UF;3133303;0.1875;2;1;1;0;0;0;
EBT;UF;3133402;2.0000;1;0;0;1;0;0;
EBT;UF;3133501;2.0000;1;0;0;1;0;0;
EBT;UF;3133600;0.2500;2;0;2;0;0;0;
EBT;UF;3133758;1.3125;4;1;3;0;0;0;
EBT;UF;3133808;4.6250;6;0;4;2;0;0;
EBT;UF;3134202;3.4375;6;1;4;1;0;0;
EBT;UF;3134301;2.0000;1;0;0;1;0;0;
EBT;UF;3134400;4.1250;9;2;5;2;0;0;
EBT;UF;3134608;2.2500;2;0;1;1;0;0;
EBT;UF;3134806;2.0000;1;0;0;1;0;0;
EBT;UF;3134905;2.0625;2;1;0;1;0;0;
EBT;UF;3135100;2.5000;2;0;1;1;0;0;
EBT;UF;3135209;4.5000;3;0;1;2;0;0;
EBT;UF;3135803;2.0000;1;0;0;1;0;0;
EBT;UF;3136207;7.1250;11;2;6;3;0;0;
EBT;UF;3136306;0.2500;1;0;1;0;0;0;
EBT;UF;3136652;0.3125;2;1;1;0;0;0;
EBT;UF;3136702;23.6250;19;2;9;6;2;0;
EBT;UF;3137601;0.0918;4;4;0;0;0;0;
EBT;UF;3137809;2.0000;1;0;0;1;0;0;
EBT;UF;3138203;5.7500;3;0;2;0;1;0;
EBT;UF;3139003;2.2500;2;0;1;1;0;0;
EBT;UF;3139300;2.0000;1;0;0;1;0;0;
EBT;UF;3139409;13.5625;16;1;8;7;0;0;
EBT;UF;3139508;7.2500;7;0;4;3;0;0;
EBT;UF;3139805;2.0000;1;0;0;1;0;0;
EBT;UF;3140001;4.7500;7;2;2;3;0;0;
EBT;UF;3140506;3.5000;3;0;1;2;0;0;
EBT;UF;3140530;0.5000;1;0;1;0;0;0;
EBT;UF;3140704;0.6875;4;3;1;0;0;0;
EBT;UF;3140803;2.0000;1;0;0;1;0;0;
EBT;UF;3140902;0.2500;1;0;1;0;0;0;
EBT;UF;3141108;0.8750;4;2;2;0;0;0;
EBT;UF;3141603;2.0000;1;0;0;1;0;0;
EBT;UF;3141801;0.0625;1;1;0;0;0;0;
EBT;UF;3142106;2.2500;2;0;1;1;0;0;
EBT;UF;3142205;2.0625;2;1;0;1;0;0;
EBT;UF;3142700;2.0000;1;0;0;1;0;0;
EBT;UF;3142809;2.1250;2;0;1;1;0;0;
EBT;UF;3142908;2.5000;2;0;1;1;0;0;
EBT;UF;3143005;2.0000;1;0;0;1;0;0;
EBT;UF;3143104;4.5625;6;2;2;2;0;0;
EBT;UF;3143203;2.5625;3;1;1;1;0;0;
EBT;UF;3143302;1.6250;5;2;2;1;0;0;
EBT;UF;3143401;2.0000;1;0;0;1;0;0;
EBT;UF;3143500;2.0000;1;0;0;1;0;0;
EBT;UF;3143906;0.7500;4;0;4;0;0;0;
EBT;UF;3144003;2.0000;1;0;0;1;0;0;
EBT;UF;3144102;2.0625;2;1;0;1;0;0;
EBT;UF;3144300;2.2500;4;0;3;1;0;0;
EBT;UF;3144409;2.0000;1;0;0;1;0;0;
EBT;UF;3144607;4.0000;4;0;2;2;0;0;
EBT;UF;3144706;2.0000;1;0;0;1;0;0;
EBT;UF;3144805;8.3750;18;4;11;3;0;0;
EBT;UF;3145000;2.1250;2;0;1;1;0;0;
EBT;UF;3145109;2.0000;1;0;0;1;0;0;
EBT;UF;3145208;0.6875;4;3;1;0;0;0;
EBT;UF;3145901;6.6250;6;2;2;1;1;0;
EBT;UF;3146008;2.2500;2;0;1;1;0;0;
EBT;UF;3146107;12.1250;15;2;7;6;0;0;
EBT;UF;3146701;2.0000;1;0;0;1;0;0;
EBT;UF;3147006;6.0000;3;0;0;3;0;0;
EBT;UF;3147105;2.3125;3;1;1;1;0;0;
EBT;UF;3147204;2.0000;1;0;0;1;0;0;
EBT;UF;3147303;4.5000;7;0;5;2;0;0;
EBT;UF;3147402;4.0625;3;1;0;2;0;0;
EBT;UF;3147709;2.0000;1;0;0;1;0;0;
EBT;UF;3148004;0.5664;4;3;1;0;0;0;
EBT;UF;3148103;0.0020;1;1;0;0;0;0;
EBT;UF;3148608;0.2500;1;0;1;0;0;0;
EBT;UF;3148707;11.5000;8;0;2;6;0;0;
EBT;UF;3150802;2.0000;1;0;0;1;0;0;
EBT;UF;3151107;2.5000;2;0;1;1;0;0;
EBT;UF;3151206;22.5625;16;1;4;11;0;0;
EBT;UF;3151503;2.5000;2;0;1;1;0;0;
EBT;UF;3151602;0.1250;1;0;1;0;0;0;
EBT;UF;3151701;2.0000;1;0;0;1;0;0;
EBT;UF;3151800;13.8125;10;1;2;7;0;0;
EBT;UF;3152006;2.2500;2;0;1;1;0;0;
EBT;UF;3152204;2.0625;2;1;0;1;0;0;
EBT;UF;3152501;2.3750;4;0;2;2;0;0;
EBT;UF;3152709;2.0000;1;0;0;1;0;0;
EBT;UF;3152808;6.1250;4;0;1;3;0;0;
EBT;UF;3152907;2.0000;1;0;0;1;0;0;
EBT;UF;3153400;2.0000;1;0;0;1;0;0;
EBT;UF;3154101;0.2500;1;0;1;0;0;0;
EBT;UF;3154309;0.1250;1;0;1;0;0;0;
EBT;UF;3154606;2.2500;2;0;1;1;0;0;
EBT;UF;3154705;0.5000;1;0;1;0;0;0;
EBT;UF;3154903;2.0000;1;0;0;1;0;0;
EBT;UF;3155405;2.0625;2;1;0;1;0;0;
EBT;UF;3155603;2.5000;2;0;1;1;0;0;
EBT;UF;3155702;2.0000;1;0;0;1;0;0;
EBT;UF;3155801;2.2500;2;0;1;1;0;0;
EBT;UF;3156007;2.0000;1;0;0;1;0;0;
EBT;UF;3156700;7.0000;10;2;5;3;0;0;
EBT;UF;3156908;2.0020;2;1;0;1;0;0;
EBT;UF;3157005;2.5000;2;0;1;1;0;0;
EBT;UF;3157104;0.0625;1;1;0;0;0;0;
EBT;UF;3157203;2.0625;2;1;0;1;0;0;
EBT;UF;3157807;5.5000;4;0;3;0;1;0;
EBT;UF;3158953;0.7500;2;0;2;0;0;0;
EBT;UF;3159209;2.0000;1;0;0;1;0;0;
EBT;UF;3159605;7.0625;7;1;3;3;0;0;
EBT;UF;3159803;2.0625;2;1;0;1;0;0;
EBT;UF;3159902;0.0625;1;1;0;0;0;0;
EBT;UF;3160405;0.0625;1;1;0;0;0;0;
EBT;UF;3161007;2.0625;2;1;0;1;0;0;
EBT;UF;3161106;2.1250;3;2;0;1;0;0;
EBT;UF;3161809;0.5000;1;0;1;0;0;0;
EBT;UF;3162005;4.0000;4;0;2;2;0;0;
EBT;UF;3162104;0.2500;1;0;1;0;0;0;
EBT;UF;3162500;2.6875;5;1;3;1;0;0;
EBT;UF;3162559;1.0000;1;0;0;1;0;0;
EBT;UF;3162807;0.2500;1;0;1;0;0;0;
EBT;UF;3162906;2.0000;4;0;3;1;0;0;
EBT;UF;3162922;1.0000;1;0;0;1;0;0;
EBT;UF;3163805;0.2500;1;0;1;0;0;0;
EBT;UF;3164209;2.0000;1;0;0;1;0;0;
EBT;UF;3164308;2.0000;1;0;0;1;0;0;
EBT;UF;3164704;1.0000;3;0;3;0;0;0;
EBT;UF;3165305;0.1250;1;0;1;0;0;0;
EBT;UF;3165701;2.2500;2;0;1;1;0;0;
EBT;UF;3167103;2.0625;2;1;0;1;0;0;
EBT;UF;3167202;3.5000;7;0;6;1;0;0;
EBT;UF;3167400;2.0000;1;0;0;1;0;0;
EBT;UF;3167608;0.3125;2;1;1;0;0;0;
EBT;UF;3168002;2.0625;2;1;0;1;0;0;
EBT;UF;3168309;0.2500;1;0;1;0;0;0;
EBT;UF;3168606;6.0625;4;1;0;3;0;0;
EBT;UF;3168705;3.7500;11;0;11;0;0;0;
EBT;UF;3168804;1.0625;2;1;0;1;0;0;
EBT;UF;3168903;2.0000;1;0;0;1;0;0;
EBT;UF;3169208;2.0625;2;1;0;1;0;0;
EBT;UF;3169307;0.3750;2;0;2;0;0;0;
EBT;UF;3169356;3.2500;4;0;3;1;0;0;
EBT;UF;3169604;2.0000;1;0;0;1;0;0;
EBT;UF;3170107;5.7598;12;7;2;3;0;0;
EBT;UF;3170206;8.2353;36;13;20;3;0;0;
EBT;UF;3170404;3.0000;2;0;0;2;0;0;
EBT;UF;3170438;0.5000;1;0;1;0;0;0;
EBT;UF;3170701;0.8750;5;2;3;0;0;0;
EBT;UF;3171006;8.2500;5;0;1;4;0;0;
EBT;UF;3171303;2.0000;1;0;0;1;0;0;
EBT;UF;3200102;1.0625;4;1;3;0;0;0;
EBT;UF;3200136;0.2500;1;0;1;0;0;0;
EBT;UF;3200169;0.2500;1;0;1;0;0;0;
EBT;UF;3200201;0.2500;1;0;1;0;0;0;
EBT;UF;3200300;0.3125;2;1;1;0;0;0;
EBT;UF;3200359;0.2500;1;0;1;0;0;0;
EBT;UF;3200409;0.1250;2;2;0;0;0;0;
EBT;UF;3200508;0.2500;1;0;1;0;0;0;
EBT;UF;3200607;0.1250;2;2;0;0;0;0;
EBT;UF;3200706;0.5625;3;1;2;0;0;0;
EBT;UF;3200805;0.0625;1;1;0;0;0;0;
EBT;UF;3200904;1.0625;2;1;0;1;0;0;
EBT;UF;3201159;0.0625;1;1;0;0;0;0;
EBT;UF;3201209;0.0625;1;1;0;0;0;0;
EBT;UF;3201308;5.3750;4;2;1;0;1;0;
EBT;UF;3201506;0.0625;1;1;0;0;0;0;
EBT;UF;3201605;0.0625;1;1;0;0;0;0;
EBT;UF;3201704;0.3125;2;1;1;0;0;0;
EBT;UF;3201803;0.0625;1;1;0;0;0;0;
EBT;UF;3202207;0.3125;2;1;1;0;0;0;
EBT;UF;3202405;5.5723;4;2;1;0;1;0;
EBT;UF;3202454;0.8125;4;1;3;0;0;0;
EBT;UF;3202553;0.2500;1;0;1;0;0;0;
EBT;UF;3202702;0.3750;2;0;2;0;0;0;
EBT;UF;3203007;2.5625;4;1;0;3;0;0;
EBT;UF;3203106;0.3125;2;1;1;0;0;0;
EBT;UF;3203163;0.5000;2;0;2;0;0;0;
EBT;UF;3203304;0.3125;2;1;1;0;0;0;
EBT;UF;3203353;0.3125;2;1;1;0;0;0;
EBT;UF;3203403;1.3125;5;1;4;0;0;0;
EBT;UF;3203601;0.2500;1;0;1;0;0;0;
EBT;UF;3203700;0.0625;1;1;0;0;0;0;
EBT;UF;3203809;1.5625;4;1;2;1;0;0;
EBT;UF;3204252;0.0625;1;1;0;0;0;0;
EBT;UF;3204302;0.2500;1;0;1;0;0;0;
EBT;UF;3204500;0.8750;4;0;4;0;0;0;
EBT;UF;3204559;0.6875;5;3;2;0;0;0;
EBT;UF;3204658;0.2500;1;0;1;0;0;0;
EBT;UF;3204708;0.1875;2;1;1;0;0;0;
EBT;UF;3204906;0.1250;2;2;0;0;0;0;
EBT;UF;3204955;0.0625;1;1;0;0;0;0;
EBT;UF;3205002;1.6299;10;5;5;0;0;0;
EBT;UF;3205036;0.8125;4;1;3;0;0;0;
EBT;UF;3205069;0.1875;2;1;1;0;0;0;
EBT;UF;3205101;0.0625;1;1;0;0;0;0;
EBT;UF;3205200;0.4395;6;5;1;0;0;0;
EBT;UF;3205309;11.0088;22;18;2;0;2;0;
EBT;UF;3300100;11.1348;19;1;15;2;1;0;
EBT;UF;3300209;0.4473;4;2;2;0;0;0;
EBT;UF;3300233;1.6250;3;0;2;1;0;0;
EBT;UF;3300258;0.1250;1;0;1;0;0;0;
EBT;UF;3300308;10.8223;18;2;13;2;1;0;
EBT;UF;3300407;1.7500;6;0;6;0;0;0;
EBT;UF;3300456;1.9375;6;1;4;1;0;0;
EBT;UF;3300605;1.5000;2;0;1;1;0;0;
EBT;UF;3300704;0.5000;1;0;1;0;0;0;
EBT;UF;3300902;0.5000;1;0;1;0;0;0;
EBT;UF;3301009;2.7500;7;0;6;1;0;0;
EBT;UF;3301306;0.1875;2;1;1;0;0;0;
EBT;UF;3301702;17.3125;22;3;15;2;2;0;
EBT;UF;3301801;0.2500;1;0;1;0;0;0;
EBT;UF;3301850;1.2500;4;0;4;0;0;0;
EBT;UF;3301900;2.5625;11;3;8;0;0;0;
EBT;UF;3302007;5.3311;14;2;10;2;0;0;
EBT;UF;3302205;0.1250;1;0;1;0;0;0;
EBT;UF;3302403;1.5723;9;4;5;0;0;0;
EBT;UF;3302502;3.3750;8;0;6;2;0;0;
EBT;UF;3302601;0.8125;3;1;2;0;0;0;
EBT;UF;3302700;2.5000;6;0;5;1;0;0;
EBT;UF;3302858;0.7500;5;2;3;0;0;0;
EBT;UF;3302908;1.5000;2;0;1;1;0;0;
EBT;UF;3303005;0.2500;1;0;1;0;0;0;
EBT;UF;3303203;1.6875;6;1;5;0;0;0;
EBT;UF;3303302;17.6348;23;6;11;4;2;0;
EBT;UF;3303401;8.7500;13;2;9;1;1;0;
EBT;UF;3303500;8.4561;24;6;14;4;0;0;
EBT;UF;3303609;2.0186;6;1;4;1;0;0;
EBT;UF;3303708;0.5625;4;1;3;0;0;0;
EBT;UF;3303807;5.8750;4;0;3;0;1;0;
EBT;UF;3303906;1.7500;9;4;5;0;0;0;
EBT;UF;3304003;2.0000;2;0;0;2;0;0;
EBT;UF;3304102;0.5000;1;0;1;0;0;0;
EBT;UF;3304110;12.1875;9;3;3;1;2;0;
EBT;UF;3304128;0.5000;1;0;1;0;0;0;
EBT;UF;3304144;2.5000;7;0;7;0;0;0;
EBT;UF;3304201;1.8125;9;3;6;0;0;0;
EBT;UF;3304300;2.2500;7;0;7;0;0;0;
EBT;UF;3304524;3.0625;7;1;5;1;0;0;
EBT;UF;3304557;407.0224;934;298;471;146;19;0;
EBT;UF;3304755;1.6250;3;0;2;1;0;0;
EBT;UF;3304805;0.3125;2;1;1;0;0;0;
EBT;UF;3304904;5.2500;17;4;10;3;0;0;
EBT;UF;3305109;3.6875;20;7;13;0;0;0;
EBT;UF;3305158;0.3125;2;1;1;0;0;0;
EBT;UF;3305208;5.0000;11;0;9;2;0;0;
EBT;UF;3305554;0.2500;3;2;1;0;0;0;
EBT;UF;3305604;0.1250;2;2;0;0;0;0;
EBT;UF;3305802;1.2500;6;2;4;0;0;0;
EBT;UF;3306008;0.9375;4;1;3;0;0;0;
EBT;UF;3306107;0.6250;2;0;2;0;0;0;
EBT;UF;3306206;0.5000;1;0;1;0;0;0;
EBT;UF;3306305;11.3125;21;4;15;1;1;0;
EBT;UF;3500303;2.2500;2;0;1;1;0;0;
EBT;UF;3500501;1.2500;2;0;1;1;0;0;
EBT;UF;3500600;14.2500;8;0;1;7;0;0;
EBT;UF;3500709;0.0625;1;1;0;0;0;0;
EBT;UF;3500907;0.0625;1;1;0;0;0;0;
EBT;UF;3501004;1.0000;1;0;0;1;0;0;
EBT;UF;3501301;2.2500;2;0;1;1;0;0;
EBT;UF;3501608;2.5098;3;1;1;1;0;0;
EBT;UF;3501707;2.5000;3;0;2;1;0;0;
EBT;UF;3501905;7.0625;7;1;3;3;0;0;
EBT;UF;3502200;2.3125;3;1;1;1;0;0;
EBT;UF;3502309;2.2500;2;0;1;1;0;0;
EBT;UF;3502507;0.4375;4;3;1;0;0;0;
EBT;UF;3502705;2.3750;3;0;2;1;0;0;
EBT;UF;3502754;2.0000;1;0;0;1;0;0;
EBT;UF;3502804;1.2500;6;2;4;0;0;0;
EBT;UF;3503208;9.0098;11;3;6;1;1;0;
EBT;UF;3503307;1.2500;6;2;4;0;0;0;
EBT;UF;3503802;4.2500;3;0;1;2;0;0;
EBT;UF;3503901;13.9375;12;1;5;6;0;0;
EBT;UF;3504008;6.2500;8;0;6;2;0;0;
EBT;UF;3504107;12.7500;9;0;3;6;0;0;
EBT;UF;3504206;2.2500;2;0;1;1;0;0;
EBT;UF;3504404;0.0625;1;1;0;0;0;0;
EBT;UF;3504503;5.5000;2;0;1;0;1;0;
EBT;UF;3504909;2.3125;3;1;1;1;0;0;
EBT;UF;3505203;3.2500;5;0;4;1;0;0;
EBT;UF;3505500;2.6875;6;3;2;1;0;0;
EBT;UF;3505708;40.0918;62;14;34;14;0;0;
EBT;UF;3505906;0.0098;1;1;0;0;0;0;
EBT;UF;3506003;10.4375;5;1;2;0;2;0;
EBT;UF;3506102;0.2500;1;0;1;0;0;0;
EBT;UF;3506300;2.5000;3;0;2;1;0;0;
EBT;UF;3506359;0.3125;2;1;1;0;0;0;
EBT;UF;3506409;0.0098;1;1;0;0;0;0;
EBT;UF;3506508;0.5625;2;1;1;0;0;0;
EBT;UF;3506607;2.7500;3;0;2;1;0;0;
EBT;UF;3507001;2.3750;3;0;2;1;0;0;
EBT;UF;3507407;2.2500;2;0;1;1;0;0;
EBT;UF;3507506;100.1250;2;0;1;0;0;1;
EBT;UF;3507605;157.1250;4;2;0;1;0;1;
EBT;UF;3507902;2.5000;3;0;2;1;0;0;
EBT;UF;3508009;2.2500;2;0;1;1;0;0;
EBT;UF;3508108;2.2500;2;0;1;1;0;0;
EBT;UF;3508405;2.0000;1;0;0;1;0;0;
EBT;UF;3508504;7.3125;9;1;5;3;0;0;
EBT;UF;3508603;2.7500;4;0;3;1;0;0;
EBT;UF;3508702;2.0625;2;1;0;1;0;0;
EBT;UF;3508801;2.2500;2;0;1;1;0;0;
EBT;UF;3508900;0.0625;1;1;0;0;0;0;
EBT;UF;3509007;12.7500;11;0;6;5;0;0;
EBT;UF;3509205;36.0000;2;0;0;1;1;0;
EBT;UF;3509254;2.0000;1;0;0;1;0;0;
EBT;UF;3509304;2.2500;2;0;1;1;0;0;
EBT;UF;3509403;0.0098;1;1;0;0;0;0;
EBT;UF;3509502;28.8506;46;14;20;12;0;0;
EBT;UF;3509601;6.8125;6;1;2;3;0;0;
EBT;UF;3509700;24.2500;20;2;7;11;0;0;
EBT;UF;3510203;2.7500;4;0;3;1;0;0;
EBT;UF;3510401;0.2500;1;0;1;0;0;0;
EBT;UF;3510500;1.3125;5;1;4;0;0;0;
EBT;UF;3510609;9.0000;6;0;2;4;0;0;
EBT;UF;3510708;2.2500;2;0;1;1;0;0;
EBT;UF;3510807;1.2500;2;0;1;1;0;0;
EBT;UF;3511102;0.3223;3;2;1;0;0;0;
EBT;UF;3511409;2.2500;2;0;1;1;0;0;
EBT;UF;3511508;2.2500;2;0;1;1;0;0;
EBT;UF;3511607;0.0625;1;1;0;0;0;0;
EBT;UF;3511706;2.2500;2;0;1;1;0;0;
EBT;UF;3512209;4.2500;3;0;1;2;0;0;
EBT;UF;3512308;2.2500;2;0;1;1;0;0;
EBT;UF;3512407;2.2500;2;0;1;1;0;0;
EBT;UF;3512803;0.0098;1;1;0;0;0;0;
EBT;UF;3513009;27.6250;31;6;14;11;0;0;
EBT;UF;3513306;2.2500;2;0;1;1;0;0;
EBT;UF;3513405;7.3125;9;1;5;3;0;0;
EBT;UF;3513504;14.8125;16;1;9;6;0;0;
EBT;UF;3513603;2.5000;3;0;2;1;0;0;
EBT;UF;3513702;0.2500;1;0;1;0;0;0;
EBT;UF;3513801;3.1299;9;5;3;1;0;0;
EBT;UF;3513900;2.5000;3;0;2;1;0;0;
EBT;UF;3514106;4.7500;4;0;2;2;0;0;
EBT;UF;3514403;0.5000;1;0;1;0;0;0;
EBT;UF;3514502;2.2500;2;0;1;1;0;0;
EBT;UF;3515004;10.0000;9;0;5;4;0;0;
EBT;UF;3515103;0.5000;1;0;1;0;0;0;
EBT;UF;3515152;2.2500;2;0;1;1;0;0;
EBT;UF;3515202;2.2500;2;0;1;1;0;0;
EBT;UF;3515400;2.2500;2;0;1;1;0;0;
EBT;UF;3515509;0.5625;2;1;1;0;0;0;
EBT;UF;3515707;8.2500;12;2;7;3;0;0;
EBT;UF;3516002;2.2500;2;0;1;1;0;0;
EBT;UF;3516309;10.2500;6;0;1;5;0;0;
EBT;UF;3516408;7.0000;5;0;2;3;0;0;
EBT;UF;3516705;0.1250;2;2;0;0;0;0;
EBT;UF;3516903;2.2500;2;0;1;1;0;0;
EBT;UF;3517208;0.1875;2;1;1;0;0;0;
EBT;UF;3517505;2.2500;2;0;1;1;0;0;
EBT;UF;3517604;2.3125;3;1;1;1;0;0;
EBT;UF;3517703;0.0098;1;1;0;0;0;0;
EBT;UF;3517901;2.0000;1;0;0;1;0;0;
EBT;UF;3518206;2.2500;2;0;1;1;0;0;
EBT;UF;3518305;2.3447;5;3;1;1;0;0;
EBT;UF;3518404;24.3125;27;9;7;11;0;0;
EBT;UF;3518602;2.5098;4;1;2;1;0;0;
EBT;UF;3518701;2.5723;10;8;1;1;0;0;
EBT;UF;3518800;41.2500;57;12;29;16;0;0;
EBT;UF;3519055;2.2500;2;0;1;1;0;0;
EBT;UF;3519071;12.9375;10;1;3;6;0;0;
EBT;UF;3519253;2.0000;1;0;0;1;0;0;
EBT;UF;3519303;2.3750;4;2;1;1;0;0;
EBT;UF;3519402;2.2500;2;0;1;1;0;0;
EBT;UF;3519600;2.5000;3;0;2;1;0;0;
EBT;UF;3519709;2.3125;3;1;1;1;0;0;
EBT;UF;3519907;2.2500;2;0;1;1;0;0;
EBT;UF;3520202;2.0000;1;0;0;1;0;0;
EBT;UF;3520301;4.2500;3;0;1;2;0;0;
EBT;UF;3520400;1.1348;4;3;0;1;0;0;
EBT;UF;3520442;2.2500;2;0;1;1;0;0;
EBT;UF;3520509;11.6875;16;1;11;4;0;0;
EBT;UF;3520707;2.0000;1;0;0;1;0;0;
EBT;UF;3521002;2.2500;2;0;1;1;0;0;
EBT;UF;3521101;2.2500;2;0;1;1;0;0;
EBT;UF;3521200;0.0625;1;1;0;0;0;0;
EBT;UF;3521408;0.7500;2;0;2;0;0;0;
EBT;UF;3521705;2.0000;1;0;0;1;0;0;
EBT;UF;3521804;4.2500;3;0;1;2;0;0;
EBT;UF;3521903;2.2500;2;0;1;1;0;0;
EBT;UF;3522109;2.8125;4;1;2;1;0;0;
EBT;UF;3522208;2.2500;3;0;2;1;0;0;
EBT;UF;3522307;8.3750;9;4;1;4;0;0;
EBT;UF;3522406;6.3125;11;1;8;2;0;0;
EBT;UF;3522505;6.1250;9;2;5;2;0;0;
EBT;UF;3522604;0.6250;2;0;2;0;0;0;
EBT;UF;3522703;2.8750;5;0;4;1;0;0;
EBT;UF;3522802;2.2500;2;0;1;1;0;0;
EBT;UF;3523107;2.0625;5;1;4;0;0;0;
EBT;UF;3523206;1.5000;3;0;2;1;0;0;
EBT;UF;3523305;0.0625;1;1;0;0;0;0;
EBT;UF;3523404;10.7500;10;2;3;5;0;0;
EBT;UF;3523909;2.7686;7;3;3;1;0;0;
EBT;UF;3524006;4.8125;10;1;8;1;0;0;
EBT;UF;3524105;0.5098;2;1;1;0;0;0;
EBT;UF;3524303;0.8320;6;3;3;0;0;0;
EBT;UF;3524402;3.5625;9;3;5;1;0;0;
EBT;UF;3524600;3.0000;4;0;3;1;0;0;
EBT;UF;3524709;0.2500;1;0;1;0;0;0;
EBT;UF;3524808;4.5625;5;1;2;2;0;0;
EBT;UF;3525003;9.5625;10;1;5;4;0;0;
EBT;UF;3525201;2.2500;2;0;1;1;0;0;
EBT;UF;3525300;0.8125;5;1;4;0;0;0;
EBT;UF;3525508;2.3750;4;2;1;1;0;0;
EBT;UF;3525706;2.7500;4;0;3;1;0;0;
EBT;UF;3525854;2.0000;1;0;0;1;0;0;
EBT;UF;3525904;20.0820;31;11;12;8;0;0;
EBT;UF;3526001;2.3125;3;1;1;1;0;0;
EBT;UF;3526209;1.2598;3;1;1;1;0;0;
EBT;UF;3526605;0.5000;1;0;1;0;0;0;
EBT;UF;3526704;3.3125;7;1;5;1;0;0;
EBT;UF;3526902;1.8750;9;4;5;0;0;0;
EBT;UF;3527009;0.5625;2;1;1;0;0;0;
EBT;UF;3527207;3.0000;5;0;4;1;0;0;
EBT;UF;3527306;5.1250;7;2;3;2;0;0;
EBT;UF;3527603;2.2500;2;0;1;1;0;0;
EBT;UF;3528007;2.2500;2;0;1;1;0;0;
EBT;UF;3528106;2.2500;2;0;1;1;0;0;
EBT;UF;3528403;0.0625;1;1;0;0;0;0;
EBT;UF;3528502;0.0098;1;1;0;0;0;0;
EBT;UF;3528809;2.2500;2;0;1;1;0;0;
EBT;UF;3528858;2.0000;1;0;0;1;0;0;
EBT;UF;3528908;0.0625;1;1;0;0;0;0;
EBT;UF;3529005;2.7500;6;2;3;1;0;0;
EBT;UF;3529302;0.2500;1;0;1;0;0;0;
EBT;UF;3529401;4.4375;7;3;2;2;0;0;
EBT;UF;3529906;0.0625;1;1;0;0;0;0;
EBT;UF;3530102;2.2500;2;0;1;1;0;0;
EBT;UF;3530201;0.6250;3;0;3;0;0;0;
EBT;UF;3530607;4.5186;18;11;6;1;0;0;
EBT;UF;3530706;2.8750;4;0;3;1;0;0;
EBT;UF;3530805;3.0000;7;0;6;1;0;0;
EBT;UF;3531100;0.5000;1;0;1;0;0;0;
EBT;UF;3531308;3.0000;4;0;3;1;0;0;
EBT;UF;3531407;2.2500;2;0;1;1;0;0;
EBT;UF;3531704;0.2500;1;0;1;0;0;0;
EBT;UF;3531803;0.5000;1;0;1;0;0;0;
EBT;UF;3532009;2.2500;2;0;1;1;0;0;
EBT;UF;3532603;2.2598;3;1;1;1;0;0;
EBT;UF;3533007;2.2500;2;0;1;1;0;0;
EBT;UF;3533502;2.5000;3;0;2;1;0;0;
EBT;UF;3533908;0.2500;1;0;1;0;0;0;
EBT;UF;3534401;23.8555;41;11;22;8;0;0;
EBT;UF;3534708;2.4375;4;1;2;1;0;0;
EBT;UF;3534757;2.2500;2;0;1;1;0;0;
EBT;UF;3534906;2.2500;2;0;1;1;0;0;
EBT;UF;3535002;2.2500;2;0;1;1;0;0;
EBT;UF;3535101;0.0625;1;1;0;0;0;0;
EBT;UF;3535200;2.3125;3;1;1;1;0;0;
EBT;UF;3535309;0.0098;1;1;0;0;0;0;
EBT;UF;3535408;2.2500;2;0;1;1;0;0;
EBT;UF;3535507;0.0098;1;1;0;0;0;0;
EBT;UF;3535804;2.5000;3;0;2;1;0;0;
EBT;UF;3536000;2.0000;1;0;0;1;0;0;
EBT;UF;3536109;0.0625;1;1;0;0;0;0;
EBT;UF;3536208;0.0625;1;1;0;0;0;0;
EBT;UF;3536307;2.2500;2;0;1;1;0;0;
EBT;UF;3536505;47.0684;42;8;13;21;0;0;
EBT;UF;3536604;2.2500;2;0;1;1;0;0;
EBT;UF;3536703;0.1250;1;0;1;0;0;0;
EBT;UF;3537008;2.2500;2;0;1;1;0;0;
EBT;UF;3537107;4.5000;4;0;2;2;0;0;
EBT;UF;3537156;2.3750;4;2;1;1;0;0;
EBT;UF;3537206;0.0625;1;1;0;0;0;0;
EBT;UF;3537305;0.1250;1;0;1;0;0;0;
EBT;UF;3537602;5.2500;8;2;4;2;0;0;
EBT;UF;3537800;4.8174;6;2;2;2;0;0;
EBT;UF;3537909;2.3125;3;1;1;1;0;0;
EBT;UF;3538006;2.3125;15;9;6;0;0;0;
EBT;UF;3538105;0.0625;1;1;0;0;0;0;
EBT;UF;3538204;1.2500;2;0;1;1;0;0;
EBT;UF;3538600;2.2500;2;0;1;1;0;0;
EBT;UF;3538709;17.1250;14;6;4;3;1;0;
EBT;UF;3538808;2.0625;2;1;0;1;0;0;
EBT;UF;3538907;2.3125;3;1;1;1;0;0;
EBT;UF;3539004;2.2500;2;0;1;1;0;0;
EBT;UF;3539103;0.5625;2;1;1;0;0;0;
EBT;UF;3539202;2.3125;3;1;1;1;0;0;
EBT;UF;3539301;2.4570;7;5;1;1;0;0;
EBT;UF;3539400;2.2500;2;0;1;1;0;0;
EBT;UF;3539509;2.3125;3;1;1;1;0;0;
EBT;UF;3539806;10.0811;11;2;5;4;0;0;
EBT;UF;3540002;2.2500;2;0;1;1;0;0;
EBT;UF;3540200;2.2500;2;0;1;1;0;0;
EBT;UF;3540705;0.1250;1;0;1;0;0;0;
EBT;UF;3540804;2.2500;2;0;1;1;0;0;
EBT;UF;3541000;5.4375;16;5;10;1;0;0;
EBT;UF;3541208;2.2500;2;0;1;1;0;0;
EBT;UF;3541406;0.6973;4;2;2;0;0;0;
EBT;UF;3541604;2.3125;3;1;1;1;0;0;
EBT;UF;3541901;0.5000;1;0;1;0;0;0;
EBT;UF;3542404;3.7500;5;0;4;1;0;0;
EBT;UF;3542602;2.2500;2;0;1;1;0;0;
EBT;UF;3542909;2.2500;2;0;1;1;0;0;
EBT;UF;3543006;2.2500;2;0;1;1;0;0;
EBT;UF;3543303;6.7500;5;0;2;3;0;0;
EBT;UF;3543402;9.4033;18;4;11;3;0;0;
EBT;UF;3543808;2.2500;2;0;1;1;0;0;
EBT;UF;3543907;0.9375;6;1;5;0;0;0;
EBT;UF;3544004;2.0098;2;1;0;1;0;0;
EBT;UF;3544202;0.2500;1;0;1;0;0;0;
EBT;UF;3544301;0.5625;2;1;1;0;0;0;
EBT;UF;3545001;0.3750;2;0;2;0;0;0;
EBT;UF;3545605;2.2500;2;0;1;1;0;0;
EBT;UF;3545803;0.5000;2;0;2;0;0;0;
EBT;UF;3546009;2.5000;3;0;2;1;0;0;
EBT;UF;3546306;4.2500;3;0;1;2;0;0;
EBT;UF;3546603;2.3125;3;1;1;1;0;0;
EBT;UF;3546702;2.2500;2;0;1;1;0;0;
EBT;UF;3546801;0.1250;1;0;1;0;0;0;
EBT;UF;3547304;18.5000;16;0;8;8;0;0;
EBT;UF;3547502;2.5000;3;0;2;1;0;0;
EBT;UF;3547601;2.2500;2;0;1;1;0;0;
EBT;UF;3547700;2.2500;2;0;1;1;0;0;
EBT;UF;3547809;6.5820;22;13;7;2;0;0;
EBT;UF;3548005;2.5000;3;0;2;1;0;0;
EBT;UF;3548500;19.3750;31;10;14;7;0;0;
EBT;UF;3548609;2.5000;3;0;2;1;0;0;
EBT;UF;3548708;5.2500;13;4;8;1;0;0;
EBT;UF;3548807;0.7500;5;4;1;0;0;0;
EBT;UF;3548906;6.5625;12;5;4;3;0;0;
EBT;UF;3549102;13.7500;18;2;10;6;0;0;
EBT;UF;3549607;2.0625;2;1;0;1;0;0;
EBT;UF;3549706;4.5625;5;1;2;2;0;0;
EBT;UF;3549805;17.6250;16;0;12;2;2;0;
EBT;UF;3549904;36.3320;51;9;27;15;0;0;
EBT;UF;3550001;2.2500;2;0;1;1;0;0;
EBT;UF;3550209;2.2500;2;0;1;1;0;0;
EBT;UF;3550308;343.7226;643;276;253;102;12;0;
EBT;UF;3550605;7.1250;7;0;4;3;0;0;
EBT;UF;3550704;3.3750;9;2;6;1;0;0;
EBT;UF;3550803;2.2500;2;0;1;1;0;0;
EBT;UF;3550902;2.2500;2;0;1;1;0;0;
EBT;UF;3551009;0.7500;6;4;2;0;0;0;
EBT;UF;3551108;2.2500;2;0;1;1;0;0;
EBT;UF;3551504;2.5723;5;2;2;1;0;0;
EBT;UF;3551603;2.7500;3;0;2;1;0;0;
EBT;UF;3551702;2.4561;5;2;2;1;0;0;
EBT;UF;3551801;2.2500;2;0;1;1;0;0;
EBT;UF;3552106;2.5000;3;0;2;1;0;0;
EBT;UF;3552205;10.0723;19;6;10;3;0;0;
EBT;UF;3552403;21.6250;23;2;12;9;0;0;
EBT;UF;3552502;18.0000;24;4;12;8;0;0;
EBT;UF;3552601;2.2500;2;0;1;1;0;0;
EBT;UF;3552809;16.9375;28;5;18;5;0;0;
EBT;UF;3553005;0.0625;1;1;0;0;0;0;
EBT;UF;3553302;2.3125;3;1;1;1;0;0;
EBT;UF;3553401;2.5000;3;0;2;1;0;0;
EBT;UF;3553609;2.2598;3;1;1;1;0;0;
EBT;UF;3553708;6.8125;7;1;3;3;0;0;
EBT;UF;3553807;2.7500;4;0;3;1;0;0;
EBT;UF;3553955;2.2500;2;0;1;1;0;0;
EBT;UF;3554003;4.6875;6;1;3;2;0;0;
EBT;UF;3554102;12.1875;16;3;9;3;1;0;
EBT;UF;3554409;0.0625;1;1;0;0;0;0;
EBT;UF;3554508;0.5000;2;0;2;0;0;0;
EBT;UF;3554755;0.0625;1;1;0;0;0;0;
EBT;UF;3554805;4.0000;2;0;0;2;0;0;
EBT;UF;3554904;2.2500;2;0;1;1;0;0;
EBT;UF;3555406;6.6875;15;3;10;2;0;0;
EBT;UF;3555604;2.7500;3;0;2;1;0;0;
EBT;UF;3555802;2.2500;2;0;1;1;0;0;
EBT;UF;3556008;2.2500;2;0;1;1;0;0;
EBT;UF;3556107;2.2500;2;0;1;1;0;0;
EBT;UF;3556206;0.8750;4;2;2;0;0;0;
EBT;UF;3556305;2.2500;2;0;1;1;0;0;
EBT;UF;3556354;2.0000;1;0;0;1;0;0;
EBT;UF;3556404;0.5000;1;0;1;0;0;0;
EBT;UF;3556453;2.5000;2;0;1;1;0;0;
EBT;UF;3556503;4.8125;6;1;3;2;0;0;
EBT;UF;3556701;12.8750;14;2;7;5;0;0;
EBT;UF;3556800;2.3750;3;0;2;1;0;0;
EBT;UF;3556909;2.2500;2;0;1;1;0;0;
EBT;UF;3557006;2.4375;5;3;1;1;0;0;
EBT;UF;3557105;2.1250;3;2;0;1;0;0;
EBT;UF;3557204;2.2500;2;0;1;1;0;0;
EBT;UF;4100202;0.0625;1;1;0;0;0;0;
EBT;UF;4100301;0.0625;1;1;0;0;0;0;
EBT;UF;4100400;0.0625;1;1;0;0;0;0;
EBT;UF;4100509;0.3750;2;0;2;0;0;0;
EBT;UF;4100608;0.2500;1;0;1;0;0;0;
EBT;UF;4100707;0.3750;2;0;2;0;0;0;
EBT;UF;4100806;0.2500;1;0;1;0;0;0;
EBT;UF;4101002;0.1875;2;1;1;0;0;0;
EBT;UF;4101150;0.2500;1;0;1;0;0;0;
EBT;UF;4101200;2.3125;4;1;1;2;0;0;
EBT;UF;4101309;0.2500;1;0;1;0;0;0;
EBT;UF;4101408;0.2500;1;0;1;0;0;0;
EBT;UF;4101606;0.3125;2;1;1;0;0;0;
EBT;UF;4101705;0.2500;1;0;1;0;0;0;
EBT;UF;4101804;0.3223;3;2;1;0;0;0;
EBT;UF;4101903;0.2500;1;0;1;0;0;0;
EBT;UF;4102000;1.0000;3;0;3;0;0;0;
EBT;UF;4102109;0.5625;3;1;2;0;0;0;
EBT;UF;4102208;0.3125;2;1;1;0;0;0;
EBT;UF;4102505;0.2500;1;0;1;0;0;0;
EBT;UF;4102901;0.3125;2;1;1;0;0;0;
EBT;UF;4103040;0.2500;1;0;1;0;0;0;
EBT;UF;4103107;0.4375;3;1;2;0;0;0;
EBT;UF;4103156;0.0625;1;1;0;0;0;0;
EBT;UF;4103453;0.0625;1;1;0;0;0;0;
EBT;UF;4103602;0.2500;1;0;1;0;0;0;
EBT;UF;4103701;0.2500;2;0;2;0;0;0;
EBT;UF;4103909;0.3750;2;0;2;0;0;0;
EBT;UF;4103958;0.2500;1;0;1;0;0;0;
EBT;UF;4104006;0.2500;2;0;2;0;0;0;
EBT;UF;4104204;0.4375;3;1;2;0;0;0;
EBT;UF;4104253;0.3750;3;2;1;0;0;0;
EBT;UF;4104402;1.2500;2;0;1;1;0;0;
EBT;UF;4104451;1.2500;2;0;1;1;0;0;
EBT;UF;4104600;0.2500;1;0;1;0;0;0;
EBT;UF;4104659;1.3750;4;2;1;1;0;0;
EBT;UF;4104709;0.4375;3;1;2;0;0;0;
EBT;UF;4104808;1.6348;8;3;5;0;0;0;
EBT;UF;4105003;0.0098;1;1;0;0;0;0;
EBT;UF;4105102;0.2500;1;0;1;0;0;0;
EBT;UF;4105409;0.0625;1;1;0;0;0;0;
EBT;UF;4105508;0.1250;1;0;1;0;0;0;
EBT;UF;4105706;0.3125;2;1;1;0;0;0;
EBT;UF;4105805;0.5625;4;1;3;0;0;0;
EBT;UF;4105904;0.2500;1;0;1;0;0;0;
EBT;UF;4106100;0.0625;1;1;0;0;0;0;
EBT;UF;4106209;0.2500;1;0;1;0;0;0;
EBT;UF;4106308;0.3125;2;1;1;0;0;0;
EBT;UF;4106456;0.7500;2;0;2;0;0;0;
EBT;UF;4106506;0.2500;1;0;1;0;0;0;
EBT;UF;4106605;0.2500;1;0;1;0;0;0;
EBT;UF;4106803;0.3750;2;0;2;0;0;0;
EBT;UF;4106902;11.2842;86;52;32;2;0;0;
EBT;UF;4107207;0.3750;2;0;2;0;0;0;
EBT;UF;4107256;0.4375;3;1;2;0;0;0;
EBT;UF;4107306;0.2500;1;0;1;0;0;0;
EBT;UF;4107405;0.2500;1;0;1;0;0;0;
EBT;UF;4107538;0.2500;1;0;1;0;0;0;
EBT;UF;4107553;0.1250;2;2;0;0;0;0;
EBT;UF;4107603;0.3125;2;1;1;0;0;0;
EBT;UF;4107652;0.2500;2;0;2;0;0;0;
EBT;UF;4107850;0.0625;1;1;0;0;0;0;
EBT;UF;4108205;0.3750;2;0;2;0;0;0;
EBT;UF;4108304;3.3848;14;5;8;1;0;0;
EBT;UF;4108320;0.0625;1;1;0;0;0;0;
EBT;UF;4108452;0.0625;1;1;0;0;0;0;
EBT;UF;4108502;0.3750;2;0;2;0;0;0;
EBT;UF;4108650;0.2500;1;0;1;0;0;0;
EBT;UF;4108700;0.2500;1;0;1;0;0;0;
EBT;UF;4108809;0.3750;3;2;1;0;0;0;
EBT;UF;4109302;0.5000;2;0;2;0;0;0;
EBT;UF;4109401;0.8936;5;3;2;0;0;0;
EBT;UF;4109500;0.0625;1;1;0;0;0;0;
EBT;UF;4109609;0.3750;3;2;1;0;0;0;
EBT;UF;4109658;0.2500;1;0;1;0;0;0;
EBT;UF;4109708;0.2500;1;0;1;0;0;0;
EBT;UF;4109757;0.0625;1;1;0;0;0;0;
EBT;UF;4109906;0.3750;2;0;2;0;0;0;
EBT;UF;4110003;1.3125;3;1;1;1;0;0;
EBT;UF;4110078;0.1250;2;2;0;0;0;0;
EBT;UF;4110201;1.0000;1;0;0;1;0;0;
EBT;UF;4110409;0.0625;1;1;0;0;0;0;
EBT;UF;4110508;0.3750;2;0;2;0;0;0;
EBT;UF;4110607;0.2500;1;0;1;0;0;0;
EBT;UF;4110706;0.2500;1;0;1;0;0;0;
EBT;UF;4110805;1.2500;2;0;1;1;0;0;
EBT;UF;4110904;0.1250;2;2;0;0;0;0;
EBT;UF;4110953;0.5000;2;0;2;0;0;0;
EBT;UF;4111001;0.0625;1;1;0;0;0;0;
EBT;UF;4111100;1.2500;2;0;1;1;0;0;
EBT;UF;4111407;1.0000;1;0;0;1;0;0;
EBT;UF;4111506;0.0625;1;1;0;0;0;0;
EBT;UF;4111605;0.0625;1;1;0;0;0;0;
EBT;UF;4111803;3.3750;7;0;6;1;0;0;
EBT;UF;4112009;0.2500;1;0;1;0;0;0;
EBT;UF;4112207;1.2500;2;0;1;1;0;0;
EBT;UF;4112504;0.2500;1;0;1;0;0;0;
EBT;UF;4112751;0.2500;1;0;1;0;0;0;
EBT;UF;4112801;0.2500;1;0;1;0;0;0;
EBT;UF;4112959;1.0000;1;0;0;1;0;0;
EBT;UF;4113007;0.0625;1;1;0;0;0;0;
EBT;UF;4113205;0.3750;3;2;1;0;0;0;
EBT;UF;4113254;0.0625;1;1;0;0;0;0;
EBT;UF;4113452;0.2500;1;0;1;0;0;0;
EBT;UF;4113502;0.2500;1;0;1;0;0;0;
EBT;UF;4113601;1.3750;3;0;2;1;0;0;
EBT;UF;4113700;2.1191;12;7;4;1;0;0;
EBT;UF;4113908;1.2500;2;0;1;1;0;0;
EBT;UF;4114005;0.2500;1;0;1;0;0;0;
EBT;UF;4114104;0.2500;1;0;1;0;0;0;
EBT;UF;4114302;1.3125;3;1;1;1;0;0;
EBT;UF;4114401;0.3125;2;1;1;0;0;0;
EBT;UF;4114500;0.2500;1;0;1;0;0;0;
EBT;UF;4114609;1.7500;7;4;3;0;0;0;
EBT;UF;4114708;0.0625;1;1;0;0;0;0;
EBT;UF;4114807;1.2500;2;0;1;1;0;0;
EBT;UF;4114906;0.2500;1;0;1;0;0;0;
EBT;UF;4115200;1.0098;8;5;3;0;0;0;
EBT;UF;4115358;0.2500;1;0;1;0;0;0;
EBT;UF;4115408;0.2500;1;0;1;0;0;0;
EBT;UF;4115705;0.6250;6;4;2;0;0;0;
EBT;UF;4116000;0.2500;1;0;1;0;0;0;
EBT;UF;4116059;1.3125;3;1;1;1;0;0;
EBT;UF;4116208;0.3750;2;0;2;0;0;0;
EBT;UF;4116505;0.0625;1;1;0;0;0;0;
EBT;UF;4116703;0.2500;1;0;1;0;0;0;
EBT;UF;4116950;0.1250;2;2;0;0;0;0;
EBT;UF;4117008;0.1875;2;1;1;0;0;0;
EBT;UF;4117107;0.2500;1;0;1;0;0;0;
EBT;UF;4117214;0.0625;1;1;0;0;0;0;
EBT;UF;4117255;0.4375;3;1;2;0;0;0;
EBT;UF;4117305;0.2500;1;0;1;0;0;0;
EBT;UF;4117453;0.2500;1;0;1;0;0;0;
EBT;UF;4117602;0.5625;6;5;1;0;0;0;
EBT;UF;4117701;0.4375;4;3;1;0;0;0;
EBT;UF;4117909;0.7500;4;2;2;0;0;0;
EBT;UF;4118006;1.2500;2;0;1;1;0;0;
EBT;UF;4118105;0.2500;1;0;1;0;0;0;
EBT;UF;4118204;0.6348;6;3;3;0;0;0;
EBT;UF;4118303;0.2500;1;0;1;0;0;0;
EBT;UF;4118402;1.1250;2;0;1;1;0;0;
EBT;UF;4118451;0.0625;1;1;0;0;0;0;
EBT;UF;4118501;0.1250;1;0;1;0;0;0;
EBT;UF;4118600;0.2500;1;0;1;0;0;0;
EBT;UF;4118709;0.2500;1;0;1;0;0;0;
EBT;UF;4118808;1.2500;2;0;1;1;0;0;
EBT;UF;4118907;0.2500;1;0;1;0;0;0;
EBT;UF;4119004;0.0625;1;1;0;0;0;0;
EBT;UF;4119103;0.6250;3;0;3;0;0;0;
EBT;UF;4119202;0.2500;1;0;1;0;0;0;
EBT;UF;4119400;1.5000;5;2;2;1;0;0;
EBT;UF;4119608;0.2500;1;0;1;0;0;0;
EBT;UF;4119905;2.0098;17;5;12;0;0;0;
EBT;UF;4119954;4.1875;5;3;0;2;0;0;
EBT;UF;4120002;0.2500;1;0;1;0;0;0;
EBT;UF;4120200;1.2500;2;0;1;1;0;0;
EBT;UF;4120408;0.0625;1;1;0;0;0;0;
EBT;UF;4120507;0.5000;1;0;1;0;0;0;
EBT;UF;4120655;0.0625;1;1;0;0;0;0;
EBT;UF;4120804;0.2500;1;0;1;0;0;0;
EBT;UF;4120853;0.5000;2;0;2;0;0;0;
EBT;UF;4120903;0.3125;2;1;1;0;0;0;
EBT;UF;4121000;0.2500;1;0;1;0;0;0;
EBT;UF;4121208;1.0000;1;0;0;1;0;0;
EBT;UF;4121257;0.0625;1;1;0;0;0;0;
EBT;UF;4121356;0.0625;1;1;0;0;0;0;
EBT;UF;4121406;0.2500;1;0;1;0;0;0;
EBT;UF;4121505;0.2500;1;0;1;0;0;0;
EBT;UF;4121703;0.5000;2;0;2;0;0;0;
EBT;UF;4121752;0.7500;2;0;2;0;0;0;
EBT;UF;4121901;0.2500;1;0;1;0;0;0;
EBT;UF;4122008;0.0625;1;1;0;0;0;0;
EBT;UF;4122156;1.0000;1;0;0;1;0;0;
EBT;UF;4122206;0.2500;1;0;1;0;0;0;
EBT;UF;4122305;1.0000;1;0;0;1;0;0;
EBT;UF;4122404;0.1250;2;2;0;0;0;0;
EBT;UF;4122503;1.2500;2;0;1;1;0;0;
EBT;UF;4122602;0.1250;1;0;1;0;0;0;
EBT;UF;4123204;0.2500;1;0;1;0;0;0;
EBT;UF;4123303;1.2500;2;0;1;1;0;0;
EBT;UF;4123402;1.3125;3;1;1;1;0;0;
EBT;UF;4123501;0.7500;2;0;2;0;0;0;
EBT;UF;4123709;0.2500;1;0;1;0;0;0;
EBT;UF;4123808;0.2500;1;0;1;0;0;0;
EBT;UF;4123857;0.1250;1;0;1;0;0;0;
EBT;UF;4124103;0.8125;3;1;2;0;0;0;
EBT;UF;4124400;0.2500;1;0;1;0;0;0;
EBT;UF;4124509;0.3750;2;0;2;0;0;0;
EBT;UF;4124905;0.2500;1;0;1;0;0;0;
EBT;UF;4125100;1.2500;2;0;1;1;0;0;
EBT;UF;4125209;0.5625;4;1;3;0;0;0;
EBT;UF;4125308;1.2500;2;0;1;1;0;0;
EBT;UF;4125506;1.2881;13;5;8;0;0;0;
EBT;UF;4125605;0.5625;3;1;2;0;0;0;
EBT;UF;4125704;0.2500;1;0;1;0;0;0;
EBT;UF;4126108;0.0625;1;1;0;0;0;0;
EBT;UF;4126256;0.1250;2;2;0;0;0;0;
EBT;UF;4126272;0.1250;2;2;0;0;0;0;
EBT;UF;4126306;0.3125;2;1;1;0;0;0;
EBT;UF;4126504;0.2500;1;0;1;0;0;0;
EBT;UF;4126603;0.2500;1;0;1;0;0;0;
EBT;UF;4126801;0.2500;1;0;1;0;0;0;
EBT;UF;4127007;1.1250;2;0;1;1;0;0;
EBT;UF;4127106;0.3750;4;2;2;0;0;0;
EBT;UF;4127403;0.2500;1;0;1;0;0;0;
EBT;UF;4127502;0.2500;1;0;1;0;0;0;
EBT;UF;4127601;1.2500;2;0;1;1;0;0;
EBT;UF;4127809;0.2500;1;0;1;0;0;0;
EBT;UF;4127882;0.2500;1;0;1;0;0;0;
EBT;UF;4127908;1.0000;1;0;0;1;0;0;
EBT;UF;4128005;0.2500;1;0;1;0;0;0;
EBT;UF;4128104;0.1875;2;1;1;0;0;0;
EBT;UF;4128203;0.0625;1;1;0;0;0;0;
EBT;UF;4128302;0.0625;1;1;0;0;0;0;
EBT;UF;4128401;0.2500;1;0;1;0;0;0;
EBT;UF;4128500;0.5625;4;1;3;0;0;0;
EBT;UF;4128534;0.2500;1;0;1;0;0;0;
EBT;UF;4128609;1.2500;2;0;1;1;0;0;
EBT;UF;4128807;0.0625;1;1;0;0;0;0;
EBT;UF;4200200;1.2500;2;0;1;1;0;0;
EBT;UF;4200408;1.2500;2;0;1;1;0;0;
EBT;UF;4200556;0.5000;1;0;1;0;0;0;
EBT;UF;4200705;1.4375;4;1;2;1;0;0;
EBT;UF;4201000;0.3750;2;0;2;0;0;0;
EBT;UF;4201208;1.2500;2;0;1;1;0;0;
EBT;UF;4201273;0.3750;2;0;2;0;0;0;
EBT;UF;4201307;0.6250;2;0;2;0;0;0;
EBT;UF;4201406;5.6875;10;3;4;3;0;0;
EBT;UF;4201505;1.2500;2;0;1;1;0;0;
EBT;UF;4201653;0.3750;2;0;2;0;0;0;
EBT;UF;4201950;0.4375;3;1;2;0;0;0;
EBT;UF;4202008;0.4375;4;3;1;0;0;0;
EBT;UF;4202107;2.3125;3;1;1;1;0;0;
EBT;UF;4202206;2.2500;3;0;1;2;0;0;
EBT;UF;4202305;0.4375;3;1;2;0;0;0;
EBT;UF;4202404;1.5625;5;1;4;0;0;0;
EBT;UF;4202453;2.1250;3;2;0;1;0;0;
EBT;UF;4202859;1.3125;3;1;1;1;0;0;
EBT;UF;4202909;0.2500;3;2;1;0;0;0;
EBT;UF;4203105;1.2500;2;0;1;1;0;0;
EBT;UF;4203303;1.0000;1;0;0;1;0;0;
EBT;UF;4203402;1.2500;2;0;1;1;0;0;
EBT;UF;4203501;1.5000;3;0;2;1;0;0;
EBT;UF;4203709;0.0625;1;1;0;0;0;0;
EBT;UF;4203808;5.3125;10;1;6;3;0;0;
EBT;UF;4203907;1.2500;2;0;1;1;0;0;
EBT;UF;4204004;1.2500;2;0;1;1;0;0;
EBT;UF;4204103;1.2500;2;0;1;1;0;0;
EBT;UF;4204202;0.0625;1;1;0;0;0;0;
EBT;UF;4204251;2.1875;7;1;5;1;0;0;
EBT;UF;4204301;0.0625;1;1;0;0;0;0;
EBT;UF;4204400;0.3750;2;0;2;0;0;0;
EBT;UF;4204558;5.3750;6;2;1;3;0;0;
EBT;UF;4204608;0.7500;8;6;2;0;0;0;
EBT;UF;4204707;0.3750;2;0;2;0;0;0;
EBT;UF;4204806;0.2500;1;0;1;0;0;0;
EBT;UF;4204905;1.2500;2;0;1;1;0;0;
EBT;UF;4205001;3.5625;6;1;2;3;0;0;
EBT;UF;4205308;2.0000;5;0;4;1;0;0;
EBT;UF;4205407;1.6748;28;23;5;0;0;0;
EBT;UF;4205431;0.3750;2;0;2;0;0;0;
EBT;UF;4205456;1.5625;4;1;2;1;0;0;
EBT;UF;4205605;1.2500;2;0;1;1;0;0;
EBT;UF;4205704;0.0625;1;1;0;0;0;0;
EBT;UF;4205803;1.2500;2;0;1;1;0;0;
EBT;UF;4205902;0.1250;2;2;0;0;0;0;
EBT;UF;4206306;0.6250;2;0;2;0;0;0;
EBT;UF;4206405;1.2500;2;0;1;1;0;0;
EBT;UF;4206504;0.3750;3;0;3;0;0;0;
EBT;UF;4206603;1.2500;2;0;1;1;0;0;
EBT;UF;4206702;0.5625;2;1;1;0;0;0;
EBT;UF;4206900;0.9375;4;1;3;0;0;0;
EBT;UF;4207007;2.0000;7;2;4;1;0;0;
EBT;UF;4207106;1.3125;3;1;1;1;0;0;
EBT;UF;4207304;3.6875;5;1;2;2;0;0;
EBT;UF;4207650;1.2500;2;0;1;1;0;0;
EBT;UF;4207700;1.2500;2;0;1;1;0;0;
EBT;UF;4207809;1.5000;3;0;2;1;0;0;
EBT;UF;4207908;1.5000;3;0;2;1;0;0;
EBT;UF;4208104;1.5000;3;0;2;1;0;0;
EBT;UF;4208203;1.3750;9;2;7;0;0;0;
EBT;UF;4208302;3.7500;4;0;2;2;0;0;
EBT;UF;4208401;2.8125;5;1;2;2;0;0;
EBT;UF;4208450;1.2500;2;0;1;1;0;0;
EBT;UF;4208500;3.1875;8;3;3;2;0;0;
EBT;UF;4208708;1.2500;2;0;1;1;0;0;
EBT;UF;4208906;0.3750;4;2;2;0;0;0;
EBT;UF;4209003;0.5098;2;1;1;0;0;0;
EBT;UF;4209102;1.2285;9;4;5;0;0;0;
EBT;UF;4209300;0.3750;2;0;2;0;0;0;
EBT;UF;4209409;1.3750;3;0;2;1;0;0;
EBT;UF;4209607;1.2500;2;0;1;1;0;0;
EBT;UF;4209805;1.2500;2;0;1;1;0;0;
EBT;UF;4209854;0.2500;1;0;1;0;0;0;
EBT;UF;4209904;1.2500;2;0;1;1;0;0;
EBT;UF;4210506;1.7500;3;0;2;1;0;0;
EBT;UF;4210803;1.2500;2;0;1;1;0;0;
EBT;UF;4210902;0.1250;1;0;1;0;0;0;
EBT;UF;4211009;0.3750;2;0;2;0;0;0;
EBT;UF;4211108;1.2500;2;0;1;1;0;0;
EBT;UF;4211207;2.8125;5;1;2;2;0;0;
EBT;UF;4211405;1.2500;2;0;1;1;0;0;
EBT;UF;4211504;1.3750;3;0;2;1;0;0;
EBT;UF;4211603;0.3125;2;1;1;0;0;0;
EBT;UF;4211652;0.1875;2;1;1;0;0;0;
EBT;UF;4211751;1.1875;3;1;1;1;0;0;
EBT;UF;4211876;0.3750;2;0;2;0;0;0;
EBT;UF;4211900;0.2695;3;2;1;0;0;0;
EBT;UF;4212106;1.7500;3;0;2;1;0;0;
EBT;UF;4212205;0.2500;1;0;1;0;0;0;
EBT;UF;4212270;0.3750;4;2;2;0;0;0;
EBT;UF;4212502;0.0908;3;3;0;0;0;0;
EBT;UF;4212809;1.0000;1;0;0;1;0;0;
EBT;UF;4212908;1.8125;4;1;2;1;0;0;
EBT;UF;4213104;1.2500;2;0;1;1;0;0;
EBT;UF;4213203;0.2500;2;0;2;0;0;0;
EBT;UF;4213302;1.2500;2;0;1;1;0;0;
EBT;UF;4213401;1.2500;2;0;1;1;0;0;
EBT;UF;4213500;0.6250;3;0;3;0;0;0;
EBT;UF;4213609;1.5625;4;1;2;1;0;0;
EBT;UF;4213708;1.2500;2;0;1;1;0;0;
EBT;UF;4213807;1.0000;1;0;0;1;0;0;
EBT;UF;4214201;2.0000;3;0;1;2;0;0;
EBT;UF;4214607;1.2500;2;0;1;1;0;0;
EBT;UF;4214805;0.5000;2;0;2;0;0;0;
EBT;UF;4215075;1.2500;2;0;1;1;0;0;
EBT;UF;4215109;0.0625;1;1;0;0;0;0;
EBT;UF;4215307;1.2500;2;0;1;1;0;0;
EBT;UF;4215356;0.3750;2;0;2;0;0;0;
EBT;UF;4215455;0.2500;1;0;1;0;0;0;
EBT;UF;4215679;0.2500;1;0;1;0;0;0;
EBT;UF;4215687;0.1250;1;0;1;0;0;0;
EBT;UF;4215695;0.3750;2;0;2;0;0;0;
EBT;UF;4215802;1.1250;9;2;7;0;0;0;
EBT;UF;4215901;1.2500;2;0;1;1;0;0;
EBT;UF;4216008;1.2500;2;0;1;1;0;0;
EBT;UF;4216206;0.6250;3;0;3;0;0;0;
EBT;UF;4216305;1.3125;3;1;1;1;0;0;
EBT;UF;4216404;1.2500;2;0;1;1;0;0;
EBT;UF;4216602;0.4375;3;1;2;0;0;0;
EBT;UF;4216701;2.5000;4;0;2;2;0;0;
EBT;UF;4216909;0.3125;2;1;1;0;0;0;
EBT;UF;4217204;6.6250;12;2;7;3;0;0;
EBT;UF;4217402;0.0625;1;1;0;0;0;0;
EBT;UF;4217550;1.2500;2;0;1;1;0;0;
EBT;UF;4217600;1.2500;2;0;1;1;0;0;
EBT;UF;4217709;1.0000;1;0;0;1;0;0;
EBT;UF;4217808;1.2500;2;0;1;1;0;0;
EBT;UF;4217956;0.1875;2;1;1;0;0;0;
EBT;UF;4218004;3.5000;4;0;2;2;0;0;
EBT;UF;4218202;0.4375;4;1;3;0;0;0;
EBT;UF;4218400;1.2500;2;0;1;1;0;0;
EBT;UF;4218608;1.2500;2;0;1;1;0;0;
EBT;UF;4218707;3.0625;5;1;2;2;0;0;
EBT;UF;4218756;1.2500;2;0;1;1;0;0;
EBT;UF;4218806;0.3750;2;0;2;0;0;0;
EBT;UF;4218855;1.2500;2;0;1;1;0;0;
EBT;UF;4218905;3.3613;9;6;1;2;0;0;
EBT;UF;4218954;1.2500;2;0;1;1;0;0;
EBT;UF;4219176;3.0000;4;0;3;1;0;0;
EBT;UF;4219200;0.1250;1;0;1;0;0;0;
EBT;UF;4219507;0.7500;4;2;2;0;0;0;
EBT;UF;4219853;0.3750;2;0;2;0;0;0;
EBT;UF;4300034;0.1250;1;0;1;0;0;0;
EBT;UF;4300109;1.5000;3;0;2;1;0;0;
EBT;UF;4300208;1.2500;2;0;1;1;0;0;
EBT;UF;4300307;1.0000;1;0;0;1;0;0;
EBT;UF;4300406;0.0625;1;1;0;0;0;0;
EBT;UF;4300604;0.4375;5;3;2;0;0;0;
EBT;UF;4300802;1.1250;4;0;4;0;0;0;
EBT;UF;4300901;1.1250;2;0;1;1;0;0;
EBT;UF;4301008;1.8125;5;1;3;1;0;0;
EBT;UF;4301057;1.3125;3;1;1;1;0;0;
EBT;UF;4301107;1.2500;2;0;1;1;0;0;
EBT;UF;4301206;2.6250;5;0;3;2;0;0;
EBT;UF;4301305;2.1875;6;1;4;1;0;0;
EBT;UF;4301404;1.5000;3;0;2;1;0;0;
EBT;UF;4301503;0.3750;2;0;2;0;0;0;
EBT;UF;4301552;1.5000;3;0;2;1;0;0;
EBT;UF;4301602;0.0186;1;1;0;0;0;0;
EBT;UF;4301636;0.0625;1;1;0;0;0;0;
EBT;UF;4301800;1.0000;1;0;0;1;0;0;
EBT;UF;4301909;1.6250;4;0;3;1;0;0;
EBT;UF;4302006;1.0000;1;0;0;1;0;0;
EBT;UF;4302105;0.2061;3;2;1;0;0;0;
EBT;UF;4302204;1.3750;3;0;2;1;0;0;
EBT;UF;4302303;1.2500;2;0;1;1;0;0;
EBT;UF;4302451;1.1250;2;0;1;1;0;0;
EBT;UF;4302501;1.0000;1;0;0;1;0;0;
EBT;UF;4302659;1.2500;2;0;1;1;0;0;
EBT;UF;4302709;1.5000;3;0;2;1;0;0;
EBT;UF;4302808;1.6250;4;0;3;1;0;0;
EBT;UF;4303004;1.5000;2;0;1;1;0;0;
EBT;UF;4303301;1.0000;1;0;0;1;0;0;
EBT;UF;4303509;0.1250;1;0;1;0;0;0;
EBT;UF;4303673;1.2500;2;0;1;1;0;0;
EBT;UF;4303707;0.2500;1;0;1;0;0;0;
EBT;UF;4303806;1.5000;3;0;2;1;0;0;
EBT;UF;4303905;0.2500;1;0;1;0;0;0;
EBT;UF;4304002;1.7500;4;0;3;1;0;0;
EBT;UF;4304200;0.2500;1;0;1;0;0;0;
EBT;UF;4304358;1.0000;1;0;0;1;0;0;
EBT;UF;4304408;1.1250;2;0;1;1;0;0;
EBT;UF;4304507;3.2598;7;1;4;2;0;0;
EBT;UF;4304606;2.7070;7;5;1;1;0;0;
EBT;UF;4304630;0.0625;1;1;0;0;0;0;
EBT;UF;4304663;1.7500;3;0;2;1;0;0;
EBT;UF;4304671;1.2500;2;0;1;1;0;0;
EBT;UF;4304705;0.1875;2;1;1;0;0;0;
EBT;UF;4304903;1.5000;3;0;2;1;0;0;
EBT;UF;4305009;1.2500;2;0;1;1;0;0;
EBT;UF;4305108;2.0186;9;3;5;1;0;0;
EBT;UF;4305116;1.0000;1;0;0;1;0;0;
EBT;UF;4305207;1.5625;4;1;2;1;0;0;
EBT;UF;4305306;1.2500;2;0;1;1;0;0;
EBT;UF;4305355;0.8750;3;0;3;0;0;0;
EBT;UF;4305439;0.6250;3;0;3;0;0;0;
EBT;UF;4305447;1.2500;2;0;1;1;0;0;
EBT;UF;4305454;0.3125;2;1;1;0;0;0;
EBT;UF;4305603;1.2500;2;0;1;1;0;0;
EBT;UF;4305702;0.3750;2;0;2;0;0;0;
EBT;UF;4305801;1.2500;2;0;1;1;0;0;
EBT;UF;4305900;1.5000;3;0;2;1;0;0;
EBT;UF;4306007;0.6250;3;0;3;0;0;0;
EBT;UF;4306106;0.0723;2;2;0;0;0;0;
EBT;UF;4306304;1.2500;2;0;1;1;0;0;
EBT;UF;4306403;0.8125;5;1;4;0;0;0;
EBT;UF;4306452;1.2500;2;0;1;1;0;0;
EBT;UF;4306502;1.2500;2;0;1;1;0;0;
EBT;UF;4306734;1.2500;2;0;1;1;0;0;
EBT;UF;4306767;0.6250;3;0;3;0;0;0;
EBT;UF;4306809;2.4375;7;1;5;1;0;0;
EBT;UF;4306908;2.0000;5;0;4;1;0;0;
EBT;UF;4306932;0.3750;2;0;2;0;0;0;
EBT;UF;4307302;2.2500;3;0;1;2;0;0;
EBT;UF;4307401;1.0000;1;0;0;1;0;0;
EBT;UF;4307500;1.5000;3;0;2;1;0;0;
EBT;UF;4307609;0.2500;1;0;1;0;0;0;
EBT;UF;4307708;1.0625;3;1;2;0;0;0;
EBT;UF;4307807;0.4375;3;1;2;0;0;0;
EBT;UF;4307864;0.2500;1;0;1;0;0;0;
EBT;UF;4307906;8.0000;4;0;0;4;0;0;
EBT;UF;4308003;1.0000;1;0;0;1;0;0;
EBT;UF;4308102;1.2500;2;0;1;1;0;0;
EBT;UF;4308201;1.5000;3;0;2;1;0;0;
EBT;UF;4308300;1.2500;2;0;1;1;0;0;
EBT;UF;4308458;1.2500;2;0;1;1;0;0;
EBT;UF;4308508;3.5000;7;0;5;2;0;0;
EBT;UF;4308706;1.5000;3;0;2;1;0;0;
EBT;UF;4308805;1.7500;4;0;3;1;0;0;
EBT;UF;4309001;0.6875;4;1;3;0;0;0;
EBT;UF;4309050;0.0625;1;1;0;0;0;0;
EBT;UF;4309100;1.0000;1;0;0;1;0;0;
EBT;UF;4309209;2.8848;11;3;7;1;0;0;
EBT;UF;4309308;1.8125;5;1;4;0;0;0;
EBT;UF;4309407;1.5000;3;0;2;1;0;0;
EBT;UF;4309506;1.5000;3;0;2;1;0;0;
EBT;UF;4309605;3.6250;8;2;4;2;0;0;
EBT;UF;4309654;0.0625;1;1;0;0;0;0;
EBT;UF;4309803;1.2500;2;0;1;1;0;0;
EBT;UF;4309902;1.2500;2;0;1;1;0;0;
EBT;UF;4310009;3.5000;4;0;2;2;0;0;
EBT;UF;4310108;1.0000;1;0;0;1;0;0;
EBT;UF;4310207;0.2158;4;3;1;0;0;0;
EBT;UF;4310306;0.3750;2;0;2;0;0;0;
EBT;UF;4310330;0.0625;1;1;0;0;0;0;
EBT;UF;4310405;2.5625;5;1;2;2;0;0;
EBT;UF;4310439;1.2500;2;0;1;1;0;0;
EBT;UF;4310504;0.3750;2;0;2;0;0;0;
EBT;UF;4310538;0.1250;1;0;1;0;0;0;
EBT;UF;4310603;5.0000;11;2;6;3;0;0;
EBT;UF;4310751;1.0000;1;0;0;1;0;0;
EBT;UF;4310801;0.1250;1;0;1;0;0;0;
EBT;UF;4311007;1.3125;6;1;5;0;0;0;
EBT;UF;4311106;1.5000;3;0;2;1;0;0;
EBT;UF;4311122;1.2500;2;0;1;1;0;0;
EBT;UF;4311205;1.5000;3;0;2;1;0;0;
EBT;UF;4311304;4.0625;8;1;5;2;0;0;
EBT;UF;4311403;0.0186;1;1;0;0;0;0;
EBT;UF;4311502;1.5000;3;0;2;1;0;0;
EBT;UF;4311627;0.0625;1;1;0;0;0;0;
EBT;UF;4311700;1.2500;2;0;1;1;0;0;
EBT;UF;4311809;0.2500;1;0;1;0;0;0;
EBT;UF;4311908;1.2500;2;0;1;1;0;0;
EBT;UF;4312104;2.5625;5;1;2;2;0;0;
EBT;UF;4312203;0.2500;1;0;1;0;0;0;
EBT;UF;4312385;1.2500;2;0;1;1;0;0;
EBT;UF;4312401;0.3750;2;0;2;0;0;0;
EBT;UF;4312500;0.6250;3;0;3;0;0;0;
EBT;UF;4312658;3.0625;6;1;3;2;0;0;
EBT;UF;4312708;1.7500;3;0;2;1;0;0;
EBT;UF;4312757;1.2500;2;0;1;1;0;0;
EBT;UF;4312906;0.0625;1;1;0;0;0;0;
EBT;UF;4313037;0.3750;2;0;2;0;0;0;
EBT;UF;4313086;1.2500;2;0;1;1;0;0;
EBT;UF;4313102;0.3750;2;0;2;0;0;0;
EBT;UF;4313300;3.3125;7;1;4;2;0;0;
EBT;UF;4313359;1.2500;2;0;1;1;0;0;
EBT;UF;4313375;1.0000;1;0;0;1;0;0;
EBT;UF;4313409;0.1250;1;0;1;0;0;0;
EBT;UF;4313508;0.3750;3;2;1;0;0;0;
EBT;UF;4313656;0.6875;4;1;3;0;0;0;
EBT;UF;4313706;3.6875;9;1;7;1;0;0;
EBT;UF;4313805;1.2500;2;0;1;1;0;0;
EBT;UF;4313904;1.0000;4;0;4;0;0;0;
EBT;UF;4313953;1.3750;3;0;2;1;0;0;
EBT;UF;4314001;1.5000;3;0;2;1;0;0;
EBT;UF;4314027;0.6250;3;0;3;0;0;0;
EBT;UF;4314050;0.4375;5;3;2;0;0;0;
EBT;UF;4314076;1.6250;3;0;2;1;0;0;
EBT;UF;4314100;0.1348;2;1;1;0;0;0;
EBT;UF;4314159;1.2500;2;0;1;1;0;0;
EBT;UF;4314209;1.2500;2;0;1;1;0;0;
EBT;UF;4314407;2.0625;8;1;7;0;0;0;
EBT;UF;4314423;1.2500;2;0;1;1;0;0;
EBT;UF;4314506;1.1250;2;0;1;1;0;0;
EBT;UF;4314555;1.0000;1;0;0;1;0;0;
EBT;UF;4314605;1.2500;2;0;1;1;0;0;
EBT;UF;4314704;1.2500;2;0;1;1;0;0;
EBT;UF;4314803;0.0625;1;1;0;0;0;0;
EBT;UF;4314902;19.7119;62;24;33;5;0;0;
EBT;UF;4315107;0.6875;4;1;3;0;0;0;
EBT;UF;4315206;1.2500;2;0;1;1;0;0;
EBT;UF;4315305;1.3125;3;1;1;1;0;0;
EBT;UF;4315503;0.2500;1;0;1;0;0;0;
EBT;UF;4315602;2.6250;17;10;6;1;0;0;
EBT;UF;4315701;2.1250;5;0;4;1;0;0;
EBT;UF;4315800;0.3750;2;0;2;0;0;0;
EBT;UF;4316006;0.3750;2;0;2;0;0;0;
EBT;UF;4316105;1.5000;3;0;2;1;0;0;
EBT;UF;4316204;1.2500;2;0;1;1;0;0;
EBT;UF;4316303;1.2500;2;0;1;1;0;0;
EBT;UF;4316402;0.7500;2;0;2;0;0;0;
EBT;UF;4316436;1.2500;2;0;1;1;0;0;
EBT;UF;4316451;1.2500;2;0;1;1;0;0;
EBT;UF;4316501;0.3125;2;1;1;0;0;0;
EBT;UF;4316600;1.5000;3;0;2;1;0;0;
EBT;UF;4316709;0.2500;1;0;1;0;0;0;
EBT;UF;4316808;2.8750;7;2;4;1;0;0;
EBT;UF;4316907;1.5391;10;4;6;0;0;0;
EBT;UF;4317103;0.2500;3;2;1;0;0;0;
EBT;UF;4317202;4.7500;7;4;1;2;0;0;
EBT;UF;4317301;2.3750;6;0;5;1;0;0;
EBT;UF;4317400;5.1875;11;3;6;2;0;0;
EBT;UF;4317509;0.4375;4;3;1;0;0;0;
EBT;UF;4317608;0.4375;5;3;2;0;0;0;
EBT;UF;4317707;0.2500;1;0;1;0;0;0;
EBT;UF;4317806;1.5000;3;0;2;1;0;0;
EBT;UF;4318002;7.7500;17;4;10;3;0;0;
EBT;UF;4318101;1.5000;3;0;2;1;0;0;
EBT;UF;4318200;1.2500;3;0;3;0;0;0;
EBT;UF;4318309;5.6250;14;4;8;2;0;0;
EBT;UF;4318408;1.8223;5;2;2;1;0;0;
EBT;UF;4318432;1.2500;2;0;1;1;0;0;
EBT;UF;4318507;1.2500;2;0;1;1;0;0;
EBT;UF;4318606;1.5000;3;0;2;1;0;0;
EBT;UF;4318622;1.1250;2;0;1;1;0;0;
EBT;UF;4318705;1.9375;7;1;5;1;0;0;
EBT;UF;4318804;2.1875;6;1;4;1;0;0;
EBT;UF;4318903;1.8125;5;1;3;1;0;0;
EBT;UF;4319109;0.3750;2;0;2;0;0;0;
EBT;UF;4319125;0.5000;1;0;1;0;0;0;
EBT;UF;4319158;1.2500;2;0;1;1;0;0;
EBT;UF;4319208;1.2500;2;0;1;1;0;0;
EBT;UF;4319307;1.2500;2;0;1;1;0;0;
EBT;UF;4319406;1.5000;3;0;2;1;0;0;
EBT;UF;4319505;0.5000;1;0;1;0;0;0;
EBT;UF;4319604;1.5000;3;0;2;1;0;0;
EBT;UF;4319802;1.5625;4;1;2;1;0;0;
EBT;UF;4319901;1.5000;2;0;1;1;0;0;
EBT;UF;4320008;0.5625;3;1;2;0;0;0;
EBT;UF;4320107;2.5625;9;3;5;1;0;0;
EBT;UF;4320206;1.3750;3;0;2;1;0;0;
EBT;UF;4320305;1.2500;2;0;1;1;0;0;
EBT;UF;4320404;3.4375;5;1;2;2;0;0;
EBT;UF;4320602;1.1250;2;0;1;1;0;0;
EBT;UF;4320677;0.3750;2;0;2;0;0;0;
EBT;UF;4320701;1.5000;3;0;2;1;0;0;
EBT;UF;4320800;2.9375;8;1;6;1;0;0;
EBT;UF;4320859;0.1250;1;0;1;0;0;0;
EBT;UF;4320909;1.5000;3;0;2;1;0;0;
EBT;UF;4321006;1.5000;3;0;2;1;0;0;
EBT;UF;4321105;1.6250;4;0;3;1;0;0;
EBT;UF;4321204;2.4375;5;1;3;1;0;0;
EBT;UF;4321303;2.5000;8;2;5;1;0;0;
EBT;UF;4321402;1.5000;3;0;2;1;0;0;
EBT;UF;4321436;0.2500;1;0;1;0;0;0;
EBT;UF;4321451;1.2500;2;0;1;1;0;0;
EBT;UF;4321501;0.1250;1;0;1;0;0;0;
EBT;UF;4321600;0.5000;1;0;1;0;0;0;
EBT;UF;4321667;1.5000;3;0;2;1;0;0;
EBT;UF;4321709;1.6250;4;0;3;1;0;0;
EBT;UF;4321808;1.5000;3;0;2;1;0;0;
EBT;UF;4321857;1.2500;2;0;1;1;0;0;
EBT;UF;4321907;2.6250;6;0;5;1;0;0;
EBT;UF;4322004;10.2500;17;2;10;5;0;0;
EBT;UF;4322103;1.2500;2;0;1;1;0;0;
EBT;UF;4322202;1.5000;3;0;2;1;0;0;
EBT;UF;4322301;0.3750;2;0;2;0;0;0;
EBT;UF;4322400;0.1250;1;0;1;0;0;0;
EBT;UF;4322509;0.2500;1;0;1;0;0;0;
EBT;UF;4322533;1.0000;1;0;0;1;0;0;
EBT;UF;4322558;1.2500;2;0;1;1;0;0;
EBT;UF;4322608;5.0000;11;4;5;2;0;0;
EBT;UF;4322707;1.5625;4;1;2;1;0;0;
EBT;UF;4322806;1.5000;3;0;2;1;0;0;
EBT;UF;4323002;1.0283;12;8;4;0;0;0;
EBT;UF;4323200;1.2500;2;0;1;1;0;0;
EBT;UF;4323309;1.3125;3;1;1;1;0;0;
EBT;UF;4323457;1.2500;2;0;1;1;0;0;
EBT;UF;5000203;0.1260;3;3;0;0;0;0;
EBT;UF;5000609;0.8750;3;0;3;0;0;0;
EBT;UF;5000708;1.2500;4;2;1;1;0;0;
EBT;UF;5000807;1.0000;1;0;0;1;0;0;
EBT;UF;5000856;1.0000;1;0;0;1;0;0;
EBT;UF;5000906;0.0625;1;1;0;0;0;0;
EBT;UF;5001102;0.2500;4;4;0;0;0;0;
EBT;UF;5001243;0.2500;1;0;1;0;0;0;
EBT;UF;5001508;1.0000;1;0;0;1;0;0;
EBT;UF;5001904;1.1250;3;2;0;1;0;0;
EBT;UF;5002001;2.0000;2;0;0;2;0;0;
EBT;UF;5002100;1.3125;3;1;1;1;0;0;
EBT;UF;5002209;1.2500;2;0;1;1;0;0;
EBT;UF;5002308;0.3125;2;1;1;0;0;0;
EBT;UF;5002407;3.8750;6;2;2;2;0;0;
EBT;UF;5002605;0.0625;1;1;0;0;0;0;
EBT;UF;5002704;9.3467;60;43;15;2;0;0;
EBT;UF;5002902;2.3750;6;2;3;1;0;0;
EBT;UF;5002951;3.8848;7;3;2;2;0;0;
EBT;UF;5003207;17.9404;22;5;8;9;0;0;
EBT;UF;5003256;1.2500;2;0;1;1;0;0;
EBT;UF;5003306;1.6250;5;2;2;1;0;0;
EBT;UF;5003454;1.0000;1;0;0;1;0;0;
EBT;UF;5003488;1.2500;2;0;1;1;0;0;
EBT;UF;5003702;5.1250;10;6;2;2;0;0;
EBT;UF;5003751;1.6250;3;0;2;1;0;0;
EBT;UF;5003801;1.9375;6;3;2;1;0;0;
EBT;UF;5004007;1.2500;2;0;1;1;0;0;
EBT;UF;5004106;1.2500;2;0;1;1;0;0;
EBT;UF;5004304;1.0625;2;1;0;1;0;0;
EBT;UF;5004403;1.0000;1;0;0;1;0;0;
EBT;UF;5004502;1.0000;1;0;0;1;0;0;
EBT;UF;5004601;2.0000;2;0;0;2;0;0;
EBT;UF;5004700;1.3750;3;0;2;1;0;0;
EBT;UF;5004908;0.0625;1;1;0;0;0;0;
EBT;UF;5005004;3.0625;3;1;0;2;0;0;
EBT;UF;5005103;1.0000;1;0;0;1;0;0;
EBT;UF;5005202;6.5625;6;1;1;4;0;0;
EBT;UF;5005251;1.2500;2;0;1;1;0;0;
EBT;UF;5005400;1.8223;5;2;2;1;0;0;
EBT;UF;5005608;1.2695;4;2;1;1;0;0;
EBT;UF;5005681;1.2500;2;0;1;1;0;0;
EBT;UF;5005707;1.0000;1;0;0;1;0;0;
EBT;UF;5005806;1.3125;3;1;1;1;0;0;
EBT;UF;5006002;1.2500;2;0;1;1;0;0;
EBT;UF;5006200;1.0625;2;1;0;1;0;0;
EBT;UF;5006309;0.3125;5;5;0;0;0;0;
EBT;UF;5006358;0.4375;3;1;2;0;0;0;
EBT;UF;5006408;1.2500;2;0;1;1;0;0;
EBT;UF;5006606;6.8965;19;9;7;3;0;0;
EBT;UF;5006903;0.5000;1;0;1;0;0;0;
EBT;UF;5007109;0.0010;1;1;0;0;0;0;
EBT;UF;5007208;1.3125;3;1;1;1;0;0;
EBT;UF;5007307;1.2500;2;0;1;1;0;0;
EBT;UF;5007406;1.2500;2;0;1;1;0;0;
EBT;UF;5007554;0.0625;1;1;0;0;0;0;
EBT;UF;5007695;2.7500;8;2;5;1;0;0;
EBT;UF;5007802;1.0000;1;0;0;1;0;0;
EBT;UF;5007901;0.2500;1;0;1;0;0;0;
EBT;UF;5007935;1.0625;2;1;0;1;0;0;
EBT;UF;5008305;0.5107;6;4;2;0;0;0;
EBT;UF;5008404;1.2500;2;0;1;1;0;0;
EBT;UF;5100201;0.5000;1;0;1;0;0;0;
EBT;UF;5100250;2.6875;6;3;1;2;0;0;
EBT;UF;5100300;1.0625;2;1;0;1;0;0;
EBT;UF;5100409;1.5000;2;0;1;1;0;0;
EBT;UF;5100607;1.2500;2;0;1;1;0;0;
EBT;UF;5101258;1.2500;2;0;1;1;0;0;
EBT;UF;5101407;3.5000;3;0;1;2;0;0;
EBT;UF;5101704;1.1250;3;2;0;1;0;0;
EBT;UF;5101803;12.1250;20;4;10;6;0;0;
EBT;UF;5102603;1.0000;1;0;0;1;0;0;
EBT;UF;5102678;1.8125;4;1;2;1;0;0;
EBT;UF;5102686;0.1250;1;0;1;0;0;0;
EBT;UF;5102702;1.0000;1;0;0;1;0;0;
EBT;UF;5103007;1.3125;3;1;1;1;0;0;
EBT;UF;5103205;1.5000;2;0;1;1;0;0;
EBT;UF;5103304;0.1875;2;1;1;0;0;0;
EBT;UF;5103353;1.0000;2;0;2;0;0;0;
EBT;UF;5103452;1.2500;2;0;1;1;0;0;
EBT;UF;5103502;2.3750;6;2;3;1;0;0;
EBT;UF;5103601;0.3750;2;0;2;0;0;0;
EBT;UF;5104104;0.1250;1;0;1;0;0;0;
EBT;UF;5104203;1.0000;1;0;0;1;0;0;
EBT;UF;5104559;0.1250;2;2;0;0;0;0;
EBT;UF;5104609;1.2500;2;0;1;1;0;0;
EBT;UF;5104807;1.8125;4;1;2;1;0;0;
EBT;UF;5105101;1.0625;2;1;0;1;0;0;
EBT;UF;5105150;3.5625;6;1;3;2;0;0;
EBT;UF;5105200;1.0000;1;0;0;1;0;0;
EBT;UF;5105580;0.1875;2;1;1;0;0;0;
EBT;UF;5105606;0.1250;1;0;1;0;0;0;
EBT;UF;5105622;0.8125;4;1;3;0;0;0;
EBT;UF;5105903;3.2500;3;0;1;2;0;0;
EBT;UF;5106109;0.0625;1;1;0;0;0;0;
EBT;UF;5106232;1.3125;3;1;1;1;0;0;
EBT;UF;5106257;1.0625;2;1;0;1;0;0;
EBT;UF;5106307;0.3750;2;0;2;0;0;0;
EBT;UF;5106372;1.2500;2;0;1;1;0;0;
EBT;UF;5106422;1.0000;1;0;0;1;0;0;
EBT;UF;5106505;1.0000;1;0;0;1;0;0;
EBT;UF;5106778;0.0625;1;1;0;0;0;0;
EBT;UF;5106802;1.0000;1;0;0;1;0;0;
EBT;UF;5107008;0.3750;2;0;2;0;0;0;
EBT;UF;5107040;6.2500;15;4;9;2;0;0;
EBT;UF;5107065;1.3750;3;0;2;1;0;0;
EBT;UF;5107107;1.2500;2;0;1;1;0;0;
EBT;UF;5107180;0.2500;1;0;1;0;0;0;
EBT;UF;5107206;1.0000;1;0;0;1;0;0;
EBT;UF;5107305;1.2500;2;0;1;1;0;0;
EBT;UF;5107602;0.7500;1;0;0;1;0;0;
EBT;UF;5107800;1.2500;2;0;1;1;0;0;
EBT;UF;5107859;0.5781;5;2;3;0;0;0;
EBT;UF;5107909;0.0625;1;1;0;0;0;0;
EBT;UF;5107958;0.0625;1;1;0;0;0;0;
EBT;UF;5108600;0.5000;4;2;2;0;0;0;
EBT;UF;5200050;0.0625;1;1;0;0;0;0;
EBT;UF;5200134;1.3125;3;1;1;1;0;0;
EBT;UF;5200175;0.0625;1;1;0;0;0;0;
EBT;UF;5200258;0.1875;2;1;1;0;0;0;
EBT;UF;5200605;0.3750;2;0;2;0;0;0;
EBT;UF;5200803;0.2500;1;0;1;0;0;0;
EBT;UF;5201306;1.3125;3;1;1;1;0;0;
EBT;UF;5201405;1.5625;8;5;3;0;0;0;
EBT;UF;5201702;0.5000;1;0;1;0;0;0;
EBT;UF;5202502;0.5000;1;0;1;0;0;0;
EBT;UF;5203302;0.0625;1;1;0;0;0;0;
EBT;UF;5203401;1.2500;2;0;1;1;0;0;
EBT;UF;5203500;1.0000;1;0;0;1;0;0;
EBT;UF;5203906;3.6250;7;2;3;2;0;0;
EBT;UF;5204102;2.3750;3;0;2;1;0;0;
EBT;UF;5204250;0.6250;2;0;2;0;0;0;
EBT;UF;5204300;1.2500;2;0;1;1;0;0;
EBT;UF;5204409;0.0625;1;1;0;0;0;0;
EBT;UF;5204508;0.3125;2;1;1;0;0;0;
EBT;UF;5204557;1.0000;1;0;0;1;0;0;
EBT;UF;5204805;0.2500;1;0;1;0;0;0;
EBT;UF;5204904;1.2500;2;0;1;1;0;0;
EBT;UF;5205000;2.2500;3;0;1;2;0;0;
EBT;UF;5205109;1.8125;5;3;1;1;0;0;
EBT;UF;5205307;1.2500;2;0;1;1;0;0;
EBT;UF;5205406;3.6875;8;1;5;2;0;0;
EBT;UF;5205455;0.0625;1;1;0;0;0;0;
EBT;UF;5205471;2.6875;5;1;3;1;0;0;
EBT;UF;5205513;0.5000;1;0;1;0;0;0;
EBT;UF;5205802;1.2500;2;0;1;1;0;0;
EBT;UF;5205901;1.3750;3;0;2;1;0;0;
EBT;UF;5206404;1.0000;1;0;0;1;0;0;
EBT;UF;5206602;0.0625;1;1;0;0;0;0;
EBT;UF;5207253;1.2500;2;0;1;1;0;0;
EBT;UF;5207402;1.0000;1;0;0;1;0;0;
EBT;UF;5207600;0.2500;1;0;1;0;0;0;
EBT;UF;5208004;9.3125;16;3;9;4;0;0;
EBT;UF;5208608;1.8125;4;1;2;1;0;0;
EBT;UF;5208707;1.2783;12;8;4;0;0;0;
EBT;UF;5208905;2.2500;3;0;1;2;0;0;
EBT;UF;5209101;3.7500;6;0;4;2;0;0;
EBT;UF;5209200;0.0625;1;1;0;0;0;0;
EBT;UF;5209903;0.2500;1;0;1;0;0;0;
EBT;UF;5209952;1.1250;2;0;1;1;0;0;
EBT;UF;5210000;0.5000;3;2;1;0;0;0;
EBT;UF;5210109;0.0625;1;1;0;0;0;0;
EBT;UF;5210208;2.2500;4;0;3;1;0;0;
EBT;UF;5210406;1.5000;2;0;1;1;0;0;
EBT;UF;5210604;1.2500;2;0;1;1;0;0;
EBT;UF;5210802;1.2500;2;0;1;1;0;0;
EBT;UF;5210901;1.2500;2;0;1;1;0;0;
EBT;UF;5211008;1.2500;2;0;1;1;0;0;
EBT;UF;5211206;0.6250;3;0;3;0;0;0;
EBT;UF;5211503;1.3125;3;1;1;1;0;0;
EBT;UF;5211701;1.2500;2;0;1;1;0;0;
EBT;UF;5211800;1.8125;4;1;2;1;0;0;
EBT;UF;5211909;0.0625;1;1;0;0;0;0;
EBT;UF;5212105;0.3750;2;0;2;0;0;0;
EBT;UF;5212204;1.3125;3;1;1;1;0;0;
EBT;UF;5212303;0.0625;1;1;0;0;0;0;
EBT;UF;5212501;1.6758;15;9;6;0;0;0;
EBT;UF;5212808;0.2500;1;0;1;0;0;0;
EBT;UF;5212956;0.2500;1;0;1;0;0;0;
EBT;UF;5213004;1.0000;1;0;0;1;0;0;
EBT;UF;5213087;1.2500;2;0;1;1;0;0;
EBT;UF;5213103;5.9375;17;9;5;3;0;0;
EBT;UF;5213756;0.2500;1;0;1;0;0;0;
EBT;UF;5213806;4.0625;10;5;2;3;0;0;
EBT;UF;5214002;1.2500;2;0;1;1;0;0;
EBT;UF;5214507;1.2500;2;0;1;1;0;0;
EBT;UF;5214606;3.0625;6;1;3;2;0;0;
EBT;UF;5214838;1.2500;2;0;1;1;0;0;
EBT;UF;5215231;0.0625;1;1;0;0;0;0;
EBT;UF;5215306;0.8750;4;0;4;0;0;0;
EBT;UF;5215603;1.2500;2;0;1;1;0;0;
EBT;UF;5215702;1.5000;3;0;2;1;0;0;
EBT;UF;5216304;0.1250;2;2;0;0;0;0;
EBT;UF;5216403;1.5000;3;0;2;1;0;0;
EBT;UF;5216809;1.0000;1;0;0;1;0;0;
EBT;UF;5217104;1.0000;1;0;0;1;0;0;
EBT;UF;5217203;1.2500;2;0;1;1;0;0;
EBT;UF;5217302;1.2500;2;0;1;1;0;0;
EBT;UF;5217401;1.0625;2;1;0;1;0;0;
EBT;UF;5217609;2.0645;8;2;5;1;0;0;
EBT;UF;5217708;0.5000;2;0;2;0;0;0;
EBT;UF;5218003;1.1875;4;3;0;1;0;0;
EBT;UF;5218052;0.5000;1;0;1;0;0;0;
EBT;UF;5218102;1.1250;2;0;1;1;0;0;
EBT;UF;5218300;0.5000;1;0;1;0;0;0;
EBT;UF;5218508;2.8125;5;1;2;2;0;0;
EBT;UF;5218607;0.0625;1;1;0;0;0;0;
EBT;UF;5218789;0.6621;5;4;1;0;0;0;
EBT;UF;5218805;1.1875;7;5;1;1;0;0;
EBT;UF;5218904;1.0000;1;0;0;1;0;0;
EBT;UF;5219001;0.3750;2;0;2;0;0;0;
EBT;UF;5219308;8.8125;8;1;2;5;0;0;
EBT;UF;5219407;0.0625;1;1;0;0;0;0;
EBT;UF;5219704;1.2500;2;0;1;1;0;0;
EBT;UF;5219753;1.2549;3;1;1;1;0;0;
EBT;UF;5219803;0.2500;1;0;1;0;0;0;
EBT;UF;5220108;3.7500;6;0;3;3;0;0;
EBT;UF;5220405;1.3750;3;0;2;1;0;0;
EBT;UF;5220454;0.5000;1;0;1;0;0;0;
EBT;UF;5220603;1.5000;3;0;2;1;0;0;
EBT;UF;5221403;4.1250;4;2;0;2;0;0;
EBT;UF;5221601;1.3750;4;2;1;1;0;0;
EBT;UF;5221809;0.0625;1;1;0;0;0;0;
EBT;UF;5221858;2.5098;10;3;6;1;0;0;
EBT;UF;5222005;1.2500;2;0;1;1;0;0;
EBT;UF;5222054;1.2500;2;0;1;1;0;0;
EBT;UF;5300108;31.5263;158;118;33;4;3;0;
09;1998;
