01;CLA;IPL4;201505;
EBT;UF;1100023;171.3750;48;5;37;4;2;0;
EBT;UF;1100049;340.6875;90;20;54;14;1;1;
EBT;UF;1100080;0.3750;2;2;0;0;0;0;
EBT;UF;1100098;0.5000;1;1;0;0;0;0;
EBT;UF;1100106;18.0000;7;0;5;2;0;0;
EBT;UF;1100114;109.0000;19;0;16;1;2;0;
EBT;UF;1100122;1182.6875;194;14;149;18;9;4;
EBT;UF;1100155;90.0000;8;0;4;1;3;0;
EBT;UF;1100189;140.3125;46;9;31;4;2;0;
EBT;UF;1100205;15363.2031;822;98;506;142;33;43;
EBT;UF;1100288;2.0000;1;0;1;0;0;0;
EBT;UF;1100296;1.0000;1;0;1;0;0;0;
EBT;UF;1100304;656.0000;143;19;99;18;6;1;
EBT;UF;1100346;1.0000;1;0;1;0;0;0;
EBT;UF;1100452;1.0000;1;0;1;0;0;0;
EBT;UF;1100924;2.0000;1;0;1;0;0;0;
EBT;UF;1101005;1.0000;1;0;1;0;0;0;
EBT;UF;1101468;0.5000;1;1;0;0;0;0;
EBT;UF;1101500;0.1250;1;1;0;0;0;0;
EBT;UF;1200054;2.0000;2;0;2;0;0;0;
EBT;UF;1200104;1.0000;1;0;1;0;0;0;
EBT;UF;1200138;19.0000;7;0;5;2;0;0;
EBT;UF;1200203;5.0000;3;0;3;0;0;0;
EBT;UF;1200252;0.6875;3;3;0;0;0;0;
EBT;UF;1200344;1.0000;1;0;1;0;0;0;
EBT;UF;1200401;8010.5391;395;46;236;79;14;20;
EBT;UF;1200450;4.0000;2;0;2;0;0;0;
EBT;UF;1301100;4.0000;3;0;3;0;0;0;
EBT;UF;1301704;117.8125;12;3;7;1;0;1;
EBT;UF;1301852;2.0000;1;0;1;0;0;0;
EBT;UF;1302603;13116.7500;1086;134;618;223;73;38;
EBT;UF;1303403;2.5000;3;2;1;0;0;0;
EBT;UF;1400100;702.0625;146;11;76;51;8;0;
EBT;UF;1500602;2.0000;1;0;1;0;0;0;
EBT;UF;1500800;8289.8965;174;11;90;56;8;9;
EBT;UF;1501303;24.0000;4;0;2;2;0;0;
EBT;UF;1501402;52683.5469;1034;47;429;351;107;100;
EBT;UF;1501501;50.8750;22;6;12;4;0;0;
EBT;UF;1501709;2.2500;2;1;1;0;0;0;
EBT;UF;1501956;0.7500;2;2;0;0;0;0;
EBT;UF;1502202;231.0000;9;0;1;3;4;1;
EBT;UF;1502400;157.5156;37;3;24;8;2;0;
EBT;UF;1502939;1.0000;1;0;1;0;0;0;
EBT;UF;1503606;6.0000;3;0;3;0;0;0;
EBT;UF;1503903;2.0000;1;0;1;0;0;0;
EBT;UF;1504208;559.6875;134;34;68;23;7;2;
EBT;UF;1504422;292.7031;79;14;42;20;3;0;
EBT;UF;1505304;1.0000;1;0;1;0;0;0;
EBT;UF;1505502;392.0000;22;0;15;2;2;3;
EBT;UF;1506203;1.2500;3;3;0;0;0;0;
EBT;UF;1506500;0.7500;2;2;0;0;0;0;
EBT;UF;1506807;218.5781;58;12;37;6;1;2;
EBT;UF;1507607;4.0000;2;0;2;0;0;0;
EBT;UF;1508209;0.2500;1;1;0;0;0;0;
EBT;UF;1600303;521.5391;127;16;81;24;4;2;
EBT;UF;1600600;21.6250;15;5;9;1;0;0;
EBT;UF;1700350;4.0000;3;0;3;0;0;0;
EBT;UF;1700707;17.7500;7;2;4;1;0;0;
EBT;UF;1702000;0.2500;1;1;0;0;0;0;
EBT;UF;1702109;468.3750;81;12;35;29;5;0;
EBT;UF;1705508;232.5000;10;1;6;0;1;2;
EBT;UF;1707009;5.0000;3;0;3;0;0;0;
EBT;UF;1709302;122.6875;11;4;4;2;0;1;
EBT;UF;1709500;236.3125;24;3;12;7;0;2;
EBT;UF;1713205;8.5625;8;3;5;0;0;0;
EBT;UF;1713304;4.7500;6;3;3;0;0;0;
EBT;UF;1714880;25.8125;7;3;3;0;1;0;
EBT;UF;1716109;168.7500;15;2;8;2;2;1;
EBT;UF;1716604;8.0000;4;0;4;0;0;0;
EBT;UF;1718204;336.7500;32;4;16;6;4;2;
EBT;UF;1718402;4.0000;1;0;0;1;0;0;
EBT;UF;1721000;2198.5000;246;44;117;61;18;6;
EBT;UF;1722081;4.0000;1;0;0;1;0;0;
EBT;UF;2100204;32.0000;1;0;0;0;1;0;
EBT;UF;2101202;98.0000;7;0;4;0;3;0;
EBT;UF;2101251;155.0000;1;0;0;0;0;1;
EBT;UF;2101400;144.0000;9;0;0;6;2;1;
EBT;UF;2101608;0.1250;1;1;0;0;0;0;
EBT;UF;2103000;1118.0000;27;0;6;8;7;6;
EBT;UF;2103307;155.0000;1;0;0;0;0;1;
EBT;UF;2103604;0.5000;1;1;0;0;0;0;
EBT;UF;2104057;6.0000;3;0;3;0;0;0;
EBT;UF;2105302;461.2500;50;2;22;22;3;1;
EBT;UF;2105427;20.0000;3;0;1;2;0;0;
EBT;UF;2108603;4.0000;1;0;0;1;0;0;
EBT;UF;2109106;2.2500;4;3;1;0;0;0;
EBT;UF;2109601;2.0000;1;0;1;0;0;0;
EBT;UF;2109908;47.0000;10;2;7;0;1;0;
EBT;UF;2110203;0.2500;1;1;0;0;0;0;
EBT;UF;2110302;52.0000;6;0;1;5;0;0;
EBT;UF;2111201;48.1445;21;8;8;5;0;0;
EBT;UF;2111300;17237.6875;354;33;92;157;46;26;
EBT;UF;2112209;162.0000;6;0;0;2;3;1;
EBT;UF;2112902;0.3750;2;2;0;0;0;0;
EBT;UF;2114007;2.0000;1;0;1;0;0;0;
EBT;UF;2200400;32.0000;1;0;0;0;1;0;
EBT;UF;2201507;42.0000;2;0;0;1;1;0;
EBT;UF;2202000;32.0000;1;0;0;0;1;0;
EBT;UF;2202208;80.0000;4;0;0;2;2;0;
EBT;UF;2202406;64.0000;2;0;0;0;2;0;
EBT;UF;2202703;64.0000;2;0;0;0;2;0;
EBT;UF;2203701;106.0000;4;0;0;1;3;0;
EBT;UF;2203909;54.0000;5;0;1;3;1;0;
EBT;UF;2207702;144.0000;7;0;0;3;4;0;
EBT;UF;2208403;523.0000;13;0;1;2;8;2;
EBT;UF;2211001;18110.9844;314;5;69;115;112;13;
EBT;UF;2301000;130.2500;10;1;6;2;0;1;
EBT;UF;2301109;50.0000;5;0;0;4;1;0;
EBT;UF;2301901;40.6250;9;3;1;5;0;0;
EBT;UF;2302503;20.0000;2;0;0;2;0;0;
EBT;UF;2303709;36.5391;22;7;12;3;0;0;
EBT;UF;2303956;0.2500;1;1;0;0;0;0;
EBT;UF;2304103;8.2500;2;1;0;1;0;0;
EBT;UF;2304202;95.0000;7;0;2;3;2;0;
EBT;UF;2304285;240.0000;28;0;16;7;4;1;
EBT;UF;2304400;13039.1367;480;31;156;199;52;42;
EBT;UF;2305233;81.0625;11;1;5;3;2;0;
EBT;UF;2305407;100.0000;4;0;0;1;2;1;
EBT;UF;2305506;42.0000;3;0;0;2;1;0;
EBT;UF;2306256;0.5000;1;1;0;0;0;0;
EBT;UF;2306405;38.0000;5;0;0;5;0;0;
EBT;UF;2307007;1.0000;1;0;1;0;0;0;
EBT;UF;2307304;337.5000;28;1;11;13;1;2;
EBT;UF;2307601;110.0000;4;0;0;2;1;1;
EBT;UF;2307650;207.2148;43;2;21;19;1;0;
EBT;UF;2307700;20.0000;2;0;0;2;0;0;
EBT;UF;2308302;16.0000;1;0;0;0;1;0;
EBT;UF;2309201;10.0000;1;0;0;1;0;0;
EBT;UF;2309607;106.0000;3;0;0;0;2;1;
EBT;UF;2310704;1.0000;1;0;1;0;0;0;
EBT;UF;2311306;53.0000;5;0;1;3;1;0;
EBT;UF;2311801;72.9375;20;8;8;3;1;0;
EBT;UF;2312403;4.0000;2;0;2;0;0;0;
EBT;UF;2312908;432.3125;44;6;14;17;5;2;
EBT;UF;2313302;3.1875;4;2;2;0;0;0;
EBT;UF;2313401;722.0000;13;0;2;4;3;4;
EBT;UF;2400109;106.0000;5;0;0;3;1;1;
EBT;UF;2400802;10.5000;2;1;0;1;0;0;
EBT;UF;2403251;175.6641;47;6;26;15;0;0;
EBT;UF;2404507;1.0000;1;0;1;0;0;0;
EBT;UF;2406700;10.0000;1;0;0;1;0;0;
EBT;UF;2407104;45.0000;14;0;11;3;0;0;
EBT;UF;2407203;10.0000;1;0;0;1;0;0;
EBT;UF;2408003;784.8125;57;6;29;12;7;3;
EBT;UF;2408102;6123.5430;159;18;35;61;22;23;
EBT;UF;2412005;239.5000;24;1;13;7;1;2;
EBT;UF;2501807;79.5000;12;1;7;3;1;0;
EBT;UF;2503209;555.2500;35;1;17;13;1;3;
EBT;UF;2504009;1923.7500;64;6;14;29;6;9;
EBT;UF;2506301;42.0000;2;0;0;1;1;0;
EBT;UF;2506905;48.0000;2;0;0;0;2;0;
EBT;UF;2507507;6012.7773;240;19;96;73;26;26;
EBT;UF;2510808;197.0000;3;0;0;1;1;1;
EBT;UF;2516201;2.0000;1;0;1;0;0;0;
EBT;UF;2600054;236.6250;38;7;27;2;1;1;
EBT;UF;2601102;18.0000;1;0;0;0;1;0;
EBT;UF;2601201;90.0000;7;0;1;2;4;0;
EBT;UF;2601706;90.5000;5;1;0;1;3;0;
EBT;UF;2601904;22.0000;1;0;0;0;1;0;
EBT;UF;2602902;1268.1719;99;6;66;18;3;6;
EBT;UF;2603454;19.5000;11;1;9;1;0;0;
EBT;UF;2604007;51.0000;5;0;1;3;1;0;
EBT;UF;2604106;1654.4727;64;7;30;20;4;3;
EBT;UF;2605103;24.7891;3;0;2;0;1;0;
EBT;UF;2606002;20.5000;3;1;0;2;0;0;
EBT;UF;2606408;145.2500;10;3;5;1;0;1;
EBT;UF;2606804;42.5000;16;1;10;5;0;0;
EBT;UF;2607208;612.2500;43;6;19;15;0;3;
EBT;UF;2607901;917.7813;174;17;92;56;8;1;
EBT;UF;2608909;6.0000;9;5;4;0;0;0;
EBT;UF;2609600;486.4648;57;7;28;15;5;2;
EBT;UF;2610707;469.1250;66;9;46;8;1;2;
EBT;UF;2610905;168.0000;3;0;0;0;2;1;
EBT;UF;2611101;106.5000;15;1;8;4;2;0;
EBT;UF;2611606;17802.3047;695;50;280;218;78;69;
EBT;UF;2612000;50.0000;1;0;0;0;0;1;
EBT;UF;2612208;22.0000;3;0;0;3;0;0;
EBT;UF;2613701;37.0000;6;0;4;1;1;0;
EBT;UF;2613909;161.6250;32;18;6;2;6;0;
EBT;UF;2700300;330.5625;43;2;22;17;1;1;
EBT;UF;2704302;4941.8398;329;39;110;136;23;21;
EBT;UF;2704708;2.0000;1;0;1;0;0;0;
EBT;UF;2706307;2.0000;1;0;1;0;0;0;
EBT;UF;2706703;12.0000;2;0;1;1;0;0;
EBT;UF;2707701;176.5000;15;1;13;0;0;1;
EBT;UF;2708600;2.0000;1;0;1;0;0;0;
EBT;UF;2800308;6943.0625;284;35;94;112;21;22;
EBT;UF;2800670;2.8750;5;3;2;0;0;0;
EBT;UF;2803203;1.0000;1;0;1;0;0;0;
EBT;UF;2804805;429.7500;57;6;32;16;1;2;
EBT;UF;2805703;30.0000;3;0;0;3;0;0;
EBT;UF;2806701;170.5625;13;3;5;3;1;1;
EBT;UF;2900702;129.0000;16;0;6;8;2;0;
EBT;UF;2901007;1.0000;1;0;1;0;0;0;
EBT;UF;2901106;1.0000;1;0;1;0;0;0;
EBT;UF;2903201;20.0000;6;0;4;2;0;0;
EBT;UF;2904605;58.0000;5;0;2;2;0;1;
EBT;UF;2904704;2.0000;1;0;1;0;0;0;
EBT;UF;2905602;130.0000;5;0;2;1;1;1;
EBT;UF;2905701;520.1250;88;6;50;28;2;2;
EBT;UF;2906501;744.0000;18;0;6;6;2;4;
EBT;UF;2906709;2.0000;1;0;1;0;0;0;
EBT;UF;2908408;1.0000;1;0;1;0;0;0;
EBT;UF;2908507;11.0000;2;0;1;1;0;0;
EBT;UF;2909802;58.0000;5;0;0;4;1;0;
EBT;UF;2910727;382.8125;27;3;13;8;1;2;
EBT;UF;2910800;3183.2344;165;22;65;56;8;14;
EBT;UF;2912103;4.0000;1;0;0;1;0;0;
EBT;UF;2913606;954.5000;83;1;24;48;7;3;
EBT;UF;2913705;1.0000;1;0;1;0;0;0;
EBT;UF;2914653;18.0000;3;0;1;2;0;0;
EBT;UF;2914802;1719.1250;76;9;30;26;3;8;
EBT;UF;2914901;72.0000;2;0;0;1;0;1;
EBT;UF;2915304;2.0000;1;0;1;0;0;0;
EBT;UF;2915601;70.0000;9;0;6;1;2;0;
EBT;UF;2915809;12.0000;2;0;1;1;0;0;
EBT;UF;2916302;2.0000;1;0;1;0;0;0;
EBT;UF;2916401;164.1875;9;2;2;2;2;1;
EBT;UF;2917102;2.0000;1;0;1;0;0;0;
EBT;UF;2917607;100.0000;1;0;0;0;0;1;
EBT;UF;2918001;209.0000;24;3;11;8;1;1;
EBT;UF;2918407;7.5156;4;0;4;0;0;0;
EBT;UF;2919207;1432.5000;65;1;31;26;3;4;
EBT;UF;2919553;2.0000;1;0;1;0;0;0;
EBT;UF;2920601;18.0000;2;0;0;2;0;0;
EBT;UF;2921005;20.2500;3;1;0;2;0;0;
EBT;UF;2921302;10.0000;2;0;0;2;0;0;
EBT;UF;2922003;14.0000;2;0;0;2;0;0;
EBT;UF;2924009;84.1250;12;1;5;4;2;0;
EBT;UF;2925006;4.0000;2;0;2;0;0;0;
EBT;UF;2925105;20.0000;2;0;0;2;0;0;
EBT;UF;2925303;320.0000;22;0;11;6;3;2;
EBT;UF;2927002;0.5000;1;1;0;0;0;0;
EBT;UF;2927408;36700.5547;1000;103;352;385;80;80;
EBT;UF;2928703;196.0000;7;0;1;3;2;1;
EBT;UF;2929206;4.0625;2;1;0;1;0;0;
EBT;UF;2929305;50.0000;1;0;0;0;0;1;
EBT;UF;2929354;4.0000;1;0;0;1;0;0;
EBT;UF;2930105;25.0000;5;0;3;2;0;0;
EBT;UF;2930709;214.5000;52;3;31;18;0;0;
EBT;UF;2931350;3367.3125;39;4;14;7;5;9;
EBT;UF;2932507;32.0000;1;0;0;0;1;0;
EBT;UF;2932903;6.2500;10;6;4;0;0;0;
EBT;UF;2933307;1225.0625;90;7;37;34;7;5;
EBT;UF;3100302;2.0000;1;0;1;0;0;0;
EBT;UF;3101508;259.0000;11;2;1;0;8;0;
EBT;UF;3101607;73.6250;34;8;23;3;0;0;
EBT;UF;3101904;2.0000;1;0;1;0;0;0;
EBT;UF;3103504;45.5547;23;2;18;3;0;0;
EBT;UF;3104007;78.9648;33;7;25;0;1;0;
EBT;UF;3104205;13.2500;8;1;7;0;0;0;
EBT;UF;3104601;32.0000;1;0;0;0;1;0;
EBT;UF;3104908;4.0000;2;0;2;0;0;0;
EBT;UF;3105608;217.3945;28;2;17;3;6;0;
EBT;UF;3106200;131433.939;2933;330;1659;573;218;153;
EBT;UF;3106309;74.0625;5;1;1;1;2;0;
EBT;UF;3106705;2235.1172;284;53;167;34;26;4;
EBT;UF;3107109;4.0000;2;0;2;0;0;0;
EBT;UF;3107406;10.0000;5;0;5;0;0;0;
EBT;UF;3107703;0.2500;1;1;0;0;0;0;
EBT;UF;3108404;2.0000;1;0;1;0;0;0;
EBT;UF;3108909;2.2500;2;1;1;0;0;0;
EBT;UF;3109303;2.0000;1;0;1;0;0;0;
EBT;UF;3109501;2.0000;1;0;1;0;0;0;
EBT;UF;3109709;2.0000;1;0;1;0;0;0;
EBT;UF;3110004;2.0000;1;0;1;0;0;0;
EBT;UF;3110301;2.0000;1;0;1;0;0;0;
EBT;UF;3110509;5.0000;3;0;3;0;0;0;
EBT;UF;3110608;3.0000;2;0;2;0;0;0;
EBT;UF;3110707;4.0000;2;0;2;0;0;0;
EBT;UF;3111606;2.0000;1;0;1;0;0;0;
EBT;UF;3112307;2.0000;1;0;1;0;0;0;
EBT;UF;3113206;64.0000;2;0;0;0;2;0;
EBT;UF;3113404;14.0000;3;0;2;1;0;0;
EBT;UF;3114303;2.0000;1;0;1;0;0;0;
EBT;UF;3114501;2.0000;1;0;1;0;0;0;
EBT;UF;3115300;561.0000;11;0;3;3;2;3;
EBT;UF;3115508;10.6250;8;3;5;0;0;0;
EBT;UF;3117876;24.0000;3;0;0;3;0;0;
EBT;UF;3118007;26.3125;13;4;8;1;0;0;
EBT;UF;3118304;92.8437;33;7;20;5;1;0;
EBT;UF;3118403;32.0000;1;0;0;0;1;0;
EBT;UF;3118601;3319.9726;474;66;271;90;38;9;
EBT;UF;3119401;92.5000;19;1;15;1;2;0;
EBT;UF;3120904;66.0000;30;0;28;2;0;0;
EBT;UF;3122306;1042.0430;89;9;61;11;3;5;
EBT;UF;3122454;0.2500;1;1;0;0;0;0;
EBT;UF;3123601;4.0000;2;0;2;0;0;0;
EBT;UF;3123908;2.0000;1;0;1;0;0;0;
EBT;UF;3124203;32.0000;1;0;0;0;1;0;
EBT;UF;3125101;21.0000;12;0;12;0;0;0;
EBT;UF;3126109;4.0000;2;0;2;0;0;0;
EBT;UF;3127008;4.0000;2;0;2;0;0;0;
EBT;UF;3127107;17.0000;9;0;9;0;0;0;
EBT;UF;3127701;1771.8086;102;11;58;13;14;6;
EBT;UF;3128709;8.0000;1;0;0;1;0;0;
EBT;UF;3129509;2.0000;1;0;1;0;0;0;
EBT;UF;3129806;212.9648;20;3;12;1;3;1;
EBT;UF;3130101;6.0000;3;0;3;0;0;0;
EBT;UF;3130309;5.0000;3;0;3;0;0;0;
EBT;UF;3131307;792.5273;88;15;50;8;13;2;
EBT;UF;3131703;263.2031;45;14;25;4;1;1;
EBT;UF;3131901;19.8750;11;4;6;1;0;0;
EBT;UF;3132206;6.0000;3;0;3;0;0;0;
EBT;UF;3132404;362.7070;70;16;39;8;7;0;
EBT;UF;3133006;9.0000;5;0;5;0;0;0;
EBT;UF;3133808;135.2500;27;3;16;7;1;0;
EBT;UF;3134103;0.2500;1;1;0;0;0;0;
EBT;UF;3134202;35.3945;21;2;19;0;0;0;
EBT;UF;3135209;2.0000;1;0;1;0;0;0;
EBT;UF;3135407;28.1250;7;1;4;2;0;0;
EBT;UF;3135506;2.0000;1;0;1;0;0;0;
EBT;UF;3136207;38.0000;32;13;18;1;0;0;
EBT;UF;3136306;62.0000;8;0;5;2;1;0;
EBT;UF;3136603;0.2500;1;1;0;0;0;0;
EBT;UF;3136702;4754.9219;204;14;107;42;24;17;
EBT;UF;3137205;88.0000;9;0;4;3;2;0;
EBT;UF;3137601;91.6797;33;11;18;3;1;0;
EBT;UF;3138203;450.0000;68;14;37;12;3;2;
EBT;UF;3138401;189.0000;3;0;1;0;1;1;
EBT;UF;3138609;200.0000;6;0;2;0;3;1;
EBT;UF;3138807;2.0000;1;0;1;0;0;0;
EBT;UF;3139003;32.0000;1;0;0;0;1;0;
EBT;UF;3139607;34.0000;2;0;1;0;1;0;
EBT;UF;3140001;64.0000;2;0;0;0;2;0;
EBT;UF;3140803;81.0000;10;0;4;5;1;0;
EBT;UF;3140902;0.2500;1;1;0;0;0;0;
EBT;UF;3141405;40.0000;5;0;4;0;1;0;
EBT;UF;3143302;3474.8984;140;14;66;17;34;9;
EBT;UF;3143906;390.0000;8;0;3;1;2;2;
EBT;UF;3144805;932.0664;103;6;61;20;14;2;
EBT;UF;3145208;2.0000;1;0;1;0;0;0;
EBT;UF;3145604;12.2500;7;1;5;1;0;0;
EBT;UF;3145901;5.0000;3;0;3;0;0;0;
EBT;UF;3146107;12.5625;8;2;6;0;0;0;
EBT;UF;3146305;4.0000;2;0;2;0;0;0;
EBT;UF;3147006;116.2500;26;1;19;4;2;0;
EBT;UF;3147105;179.0625;14;1;11;1;0;1;
EBT;UF;3147402;200.0000;2;0;0;0;0;2;
EBT;UF;3147600;2.0000;1;0;1;0;0;0;
EBT;UF;3147907;216.1445;42;9;25;5;2;1;
EBT;UF;3148004;37.8750;20;4;15;1;0;0;
EBT;UF;3148103;6.5000;4;1;3;0;0;0;
EBT;UF;3149101;2.0000;1;0;1;0;0;0;
EBT;UF;3149309;102.3398;34;9;20;3;2;0;
EBT;UF;3149903;219.0000;8;0;5;1;0;2;
EBT;UF;3151206;475.5000;20;1;2;3;14;0;
EBT;UF;3151404;4.0000;2;0;2;0;0;0;
EBT;UF;3151800;311.5156;101;15;69;13;4;0;
EBT;UF;3152105;22.0000;3;0;1;2;0;0;
EBT;UF;3152501;582.8281;126;24;69;25;7;1;
EBT;UF;3154200;32.0000;1;0;0;0;1;0;
EBT;UF;3154606;209.1172;63;17;35;8;3;0;
EBT;UF;3155504;2.0000;1;0;1;0;0;0;
EBT;UF;3156007;0.2500;1;1;0;0;0;0;
EBT;UF;3156502;0.2500;1;1;0;0;0;0;
EBT;UF;3156700;23.8125;15;3;12;0;0;0;
EBT;UF;3157807;185.3086;62;15;36;9;2;0;
EBT;UF;3160405;2.0000;1;0;1;0;0;0;
EBT;UF;3160702;124.5000;6;1;2;2;0;1;
EBT;UF;3162104;20.0000;6;0;5;1;0;0;
EBT;UF;3162401;2.0000;1;0;1;0;0;0;
EBT;UF;3162500;373.9375;50;16;24;2;7;1;
EBT;UF;3162559;2.0000;1;0;1;0;0;0;
EBT;UF;3162708;2.0000;1;0;1;0;0;0;
EBT;UF;3162955;2.4648;4;3;1;0;0;0;
EBT;UF;3163706;40.5000;21;6;14;0;1;0;
EBT;UF;3164704;70.3750;46;14;31;1;0;0;
EBT;UF;3165701;64.0000;2;0;0;0;2;0;
EBT;UF;3166907;8.0000;1;0;0;1;0;0;
EBT;UF;3167202;330.8203;93;12;64;13;4;0;
EBT;UF;3168606;331.5000;44;6;21;10;7;0;
EBT;UF;3168705;599.5625;39;5;11;5;18;0;
EBT;UF;3169307;164.8750;45;19;20;2;4;0;
EBT;UF;3169356;4.0000;2;0;2;0;0;0;
EBT;UF;3169406;2.7500;3;2;1;0;0;0;
EBT;UF;3169901;166.0000;6;0;0;4;1;1;
EBT;UF;3170107;2439.8633;138;28;92;13;2;3;
EBT;UF;3170206;5303.4922;442;86;231;74;26;25;
EBT;UF;3170404;176.0000;43;2;36;3;1;1;
EBT;UF;3170701;2394.6211;101;9;55;17;9;11;
EBT;UF;3170800;193.0000;7;0;1;0;6;0;
EBT;UF;3171006;2.0000;1;0;1;0;0;0;
EBT;UF;3171204;128.0000;48;6;34;6;2;0;
EBT;UF;3171303;56.2500;11;1;8;1;1;0;
EBT;UF;3171501;1.0000;1;0;1;0;0;0;
EBT;UF;3172004;128.0000;4;0;0;0;4;0;
EBT;UF;3200102;8.0000;4;0;3;1;0;0;
EBT;UF;3200136;2.0000;1;0;1;0;0;0;
EBT;UF;3200169;4.0000;2;0;2;0;0;0;
EBT;UF;3200201;44.0000;4;0;1;2;1;0;
EBT;UF;3200300;7.0625;5;1;4;0;0;0;
EBT;UF;3200409;144.0000;3;0;0;1;1;1;
EBT;UF;3200508;1.0000;1;0;1;0;0;0;
EBT;UF;3200607;52.5000;10;3;3;3;1;0;
EBT;UF;3200706;3.0000;2;0;2;0;0;0;
EBT;UF;3200805;46.0000;4;0;0;2;2;0;
EBT;UF;3200904;16.0000;3;0;1;2;0;0;
EBT;UF;3201159;4.0000;2;0;2;0;0;0;
EBT;UF;3201209;2635.8125;54;4;33;8;4;5;
EBT;UF;3201308;534.0000;72;10;43;14;2;3;
EBT;UF;3201506;1196.9375;44;4;29;6;2;3;
EBT;UF;3201902;4.6250;8;6;2;0;0;0;
EBT;UF;3202009;1.0000;1;0;1;0;0;0;
EBT;UF;3202108;2.0000;1;0;1;0;0;0;
EBT;UF;3202207;4.7500;4;2;2;0;0;0;
EBT;UF;3202306;5.9375;8;5;3;0;0;0;
EBT;UF;3202405;535.5000;21;3;10;3;1;4;
EBT;UF;3202454;6.0000;4;0;4;0;0;0;
EBT;UF;3202504;75.1250;8;2;4;0;2;0;
EBT;UF;3202553;6.0000;3;0;3;0;0;0;
EBT;UF;3202603;2.0000;1;0;1;0;0;0;
EBT;UF;3202652;2.0000;1;0;1;0;0;0;
EBT;UF;3202702;5.1250;5;1;4;0;0;0;
EBT;UF;3202801;104.1875;8;5;2;0;0;1;
EBT;UF;3202900;38.0000;3;0;2;0;1;0;
EBT;UF;3203007;2.0000;1;0;1;0;0;0;
EBT;UF;3203106;6.0000;3;0;3;0;0;0;
EBT;UF;3203130;2.0000;1;0;1;0;0;0;
EBT;UF;3203163;3.1875;4;2;2;0;0;0;
EBT;UF;3203205;231.8750;33;7;18;5;2;1;
EBT;UF;3203304;10.0000;4;0;3;1;0;0;
EBT;UF;3203320;6.1875;10;5;5;0;0;0;
EBT;UF;3203346;20.0000;2;0;0;2;0;0;
EBT;UF;3203353;2.0000;1;0;1;0;0;0;
EBT;UF;3203502;10.0000;1;0;0;1;0;0;
EBT;UF;3203601;3.2500;3;1;2;0;0;0;
EBT;UF;3203809;3.0000;2;0;2;0;0;0;
EBT;UF;3203908;4.0000;2;0;2;0;0;0;
EBT;UF;3204054;22.0000;6;0;4;2;0;0;
EBT;UF;3204104;96.0000;3;0;1;0;1;1;
EBT;UF;3204203;129.6250;5;3;1;0;0;1;
EBT;UF;3204252;1.2500;2;1;1;0;0;0;
EBT;UF;3204302;8.0000;4;0;4;0;0;0;
EBT;UF;3204401;30.0000;2;0;0;1;1;0;
EBT;UF;3204500;1.2500;2;1;1;0;0;0;
EBT;UF;3204559;4.5625;4;2;2;0;0;0;
EBT;UF;3204609;49.0000;6;0;4;1;1;0;
EBT;UF;3204658;2.0000;2;0;2;0;0;0;
EBT;UF;3204708;4.0000;2;0;2;0;0;0;
EBT;UF;3204807;2.0000;1;0;1;0;0;0;
EBT;UF;3204906;769.7500;22;3;6;4;4;5;
EBT;UF;3205002;3494.2500;190;31;83;49;15;12;
EBT;UF;3205010;2.0000;1;0;1;0;0;0;
EBT;UF;3205036;5.0000;2;0;1;1;0;0;
EBT;UF;3205069;110.1875;13;7;5;0;0;1;
EBT;UF;3205101;218.0625;25;1;14;8;1;1;
EBT;UF;3205200;2531.8125;99;12;39;33;7;8;
EBT;UF;3205309;40275.5859;219;25;37;74;24;59;
EBT;UF;3300100;1163.5000;27;4;15;5;2;1;
EBT;UF;3300209;27.0000;9;2;4;3;0;0;
EBT;UF;3300233;3.2500;5;4;1;0;0;0;
EBT;UF;3300258;2.2500;2;1;1;0;0;0;
EBT;UF;3300308;12.7500;8;2;6;0;0;0;
EBT;UF;3300407;119.5000;28;4;16;6;2;0;
EBT;UF;3300456;304.8047;52;7;37;5;1;2;
EBT;UF;3300506;1.4648;1;0;1;0;0;0;
EBT;UF;3300605;0.2500;1;1;0;0;0;0;
EBT;UF;3300704;51.0000;22;2;18;2;0;0;
EBT;UF;3300803;4.0000;2;0;2;0;0;0;
EBT;UF;3301009;7494.8398;92;21;43;13;4;11;
EBT;UF;3301108;5.5000;5;2;3;0;0;0;
EBT;UF;3301306;3.0000;2;0;2;0;0;0;
EBT;UF;3301702;4446.8437;174;20;101;22;8;23;
EBT;UF;3301850;2.0000;1;0;1;0;0;0;
EBT;UF;3301900;2727.1602;32;5;21;4;0;2;
EBT;UF;3302007;138.4648;34;3;25;3;3;0;
EBT;UF;3302205;38.9648;23;4;19;0;0;0;
EBT;UF;3302254;265.2500;26;1;15;5;4;1;
EBT;UF;3302270;2.5000;2;1;1;0;0;0;
EBT;UF;3302403;11588.0586;307;14;122;123;29;19;
EBT;UF;3302502;9.7500;7;2;5;0;0;0;
EBT;UF;3302601;10.5000;2;1;0;1;0;0;
EBT;UF;3302700;10.5000;6;1;5;0;0;0;
EBT;UF;3302858;74.0547;18;3;13;1;0;1;
EBT;UF;3303203;42.6797;31;7;24;0;0;0;
EBT;UF;3303302;4088.8359;354;27;260;38;19;10;
EBT;UF;3303401;27.0000;17;6;10;1;0;0;
EBT;UF;3303500;494.8555;97;12;66;17;0;2;
EBT;UF;3303609;3.2500;3;1;2;0;0;0;
EBT;UF;3303807;38.7500;9;2;4;3;0;0;
EBT;UF;3303906;890.6992;84;9;54;13;6;2;
EBT;UF;3303955;1.4648;1;0;1;0;0;0;
EBT;UF;3304003;3.5000;3;1;2;0;0;0;
EBT;UF;3304110;1285.1250;45;7;14;13;1;10;
EBT;UF;3304144;26.7500;12;2;9;1;0;0;
EBT;UF;3304201;832.2500;71;4;40;14;9;4;
EBT;UF;3304300;11.2500;10;3;7;0;0;0;
EBT;UF;3304524;266.2500;51;7;25;17;2;0;
EBT;UF;3304557;841699.919;8644;475;4424;2415;525;805;
EBT;UF;3304706;1.0000;1;0;1;0;0;0;
EBT;UF;3304805;0.5000;1;1;0;0;0;0;
EBT;UF;3304904;654.0352;127;23;82;18;0;4;
EBT;UF;3305000;82.2500;17;3;11;1;2;0;
EBT;UF;3305109;196.0625;58;8;42;7;0;1;
EBT;UF;3305208;28.2148;18;4;14;0;0;0;
EBT;UF;3305505;3.5000;3;1;2;0;0;0;
EBT;UF;3305554;506.0000;12;5;3;0;1;3;
EBT;UF;3305802;10145.8906;26;2;13;1;1;9;
EBT;UF;3306008;239.5000;27;1;15;9;1;1;
EBT;UF;3306107;5.0000;4;2;2;0;0;0;
EBT;UF;3306305;899.7500;56;6;30;8;7;5;
EBT;UF;3500105;155.0000;1;0;0;0;0;1;
EBT;UF;3500709;6.0000;1;0;0;1;0;0;
EBT;UF;3501004;0.2500;1;1;0;0;0;0;
EBT;UF;3501152;52.0000;2;0;1;0;0;1;
EBT;UF;3501608;3599.6797;159;21;94;18;5;21;
EBT;UF;3501707;310.0000;2;0;0;0;0;2;
EBT;UF;3502101;1819.0000;8;0;4;1;0;3;
EBT;UF;3502507;4.7148;4;1;3;0;0;0;
EBT;UF;3502804;543.7148;21;3;9;6;0;3;
EBT;UF;3503000;2.5000;2;1;1;0;0;0;
EBT;UF;3503208;4157.7500;105;14;47;14;5;25;
EBT;UF;3503307;50.6875;34;9;25;0;0;0;
EBT;UF;3503901;128.7500;16;4;10;1;0;1;
EBT;UF;3504008;1018.6250;18;3;3;5;1;6;
EBT;UF;3504107;30.9648;15;3;11;1;0;0;
EBT;UF;3504503;2.0000;1;0;1;0;0;0;
EBT;UF;3505302;6.0000;3;0;3;0;0;0;
EBT;UF;3505500;671.5156;14;0;4;5;0;5;
EBT;UF;3505708;107396.523;667;53;230;163;70;151;
EBT;UF;3505906;1.2598;3;2;1;0;0;0;
EBT;UF;3506003;13720.4844;260;13;96;62;14;75;
EBT;UF;3506102;2057.3750;53;10;20;8;3;12;
EBT;UF;3506359;7.0000;9;6;3;0;0;0;
EBT;UF;3506508;235.0000;2;0;0;0;0;2;
EBT;UF;3507001;299.0000;9;0;3;4;0;2;
EBT;UF;3507506;1712.2539;48;0;28;8;2;10;
EBT;UF;3507605;1555.0625;33;10;6;5;3;9;
EBT;UF;3507803;2.2500;2;1;1;0;0;0;
EBT;UF;3508207;2.5000;2;1;1;0;0;0;
EBT;UF;3508405;18.5000;7;1;5;1;0;0;
EBT;UF;3508504;135.2500;7;1;5;0;0;1;
EBT;UF;3508603;1375.2500;7;1;1;0;2;3;
EBT;UF;3509007;1.0000;1;0;1;0;0;0;
EBT;UF;3509205;1746.6094;95;13;39;30;6;7;
EBT;UF;3509254;155.2500;2;1;0;0;0;1;
EBT;UF;3509403;1.2500;2;1;1;0;0;0;
EBT;UF;3509502;67134.9687;818;70;380;152;45;171;
EBT;UF;3509700;27.3750;15;6;8;1;0;0;
EBT;UF;3510005;0.7500;2;2;0;0;0;0;
EBT;UF;3510401;2.0000;1;0;1;0;0;0;
EBT;UF;3510500;209.0000;5;0;1;2;1;1;
EBT;UF;3510609;1.4648;1;0;1;0;0;0;
EBT;UF;3511102;617.7109;26;0;12;10;1;3;
EBT;UF;3511508;0.5000;1;1;0;0;0;0;
EBT;UF;3512803;8.0625;4;1;2;1;0;0;
EBT;UF;3513009;360.2070;49;11;26;8;2;2;
EBT;UF;3513504;953.1250;29;3;13;5;2;6;
EBT;UF;3513702;1.5625;6;6;0;0;0;0;
EBT;UF;3513801;3961.5664;317;44;198;49;4;22;
EBT;UF;3515186;4.2500;3;1;2;0;0;0;
EBT;UF;3516200;3230.0918;93;12;56;4;2;19;
EBT;UF;3516705;7.2500;5;1;4;0;0;0;
EBT;UF;3517000;2.0000;1;0;1;0;0;0;
EBT;UF;3517406;1.2646;4;3;1;0;0;0;
EBT;UF;3517703;13.7686;10;3;7;0;0;0;
EBT;UF;3518305;155.0000;1;0;0;0;0;1;
EBT;UF;3518404;75.5625;45;5;40;0;0;0;
EBT;UF;3518701;1690.6289;96;16;61;12;3;4;
EBT;UF;3518800;2736.7617;556;92;370;73;9;12;
EBT;UF;3519071;13916.8750;79;4;19;8;10;38;
EBT;UF;3520103;0.5000;1;1;0;0;0;0;
EBT;UF;3520509;2581.3125;86;14;43;10;3;16;
EBT;UF;3521002;4.0000;2;0;2;0;0;0;
EBT;UF;3521309;4.7686;5;3;2;0;0;0;
EBT;UF;3522208;10.0000;1;0;0;1;0;0;
EBT;UF;3522307;610.0000;9;3;0;1;1;4;
EBT;UF;3522505;17.5391;5;0;2;3;0;0;
EBT;UF;3522604;1.5625;4;3;1;0;0;0;
EBT;UF;3523107;222.2500;27;11;9;5;1;1;
EBT;UF;3523909;3901.7031;96;9;42;18;8;19;
EBT;UF;3524006;0.1250;1;1;0;0;0;0;
EBT;UF;3524105;3.8750;5;3;2;0;0;0;
EBT;UF;3524303;229.2500;9;1;0;6;1;1;
EBT;UF;3524402;574.0469;127;15;93;17;0;2;
EBT;UF;3524709;963.5000;19;5;5;1;2;6;
EBT;UF;3525003;196.7500;13;2;6;4;0;1;
EBT;UF;3525102;3.7500;5;2;3;0;0;0;
EBT;UF;3525201;20.0000;1;0;0;0;1;0;
EBT;UF;3525300;2714.0000;65;0;35;11;3;16;
EBT;UF;3525904;11042.1172;312;42;150;59;19;42;
EBT;UF;3526704;4.5000;4;1;3;0;0;0;
EBT;UF;3526803;1662.0000;27;0;11;4;2;10;
EBT;UF;3526902;2558.4844;104;10;66;11;2;15;
EBT;UF;3527108;2475.0156;44;9;11;7;2;15;
EBT;UF;3527207;10.0000;5;0;5;0;0;0;
EBT;UF;3527306;426.2148;18;3;9;2;1;3;
EBT;UF;3528007;2048.0000;2;0;0;0;0;2;
EBT;UF;3528403;12.7500;8;2;6;0;0;0;
EBT;UF;3528502;4.7500;4;2;2;0;0;0;
EBT;UF;3529005;3677.6250;116;14;49;23;8;22;
EBT;UF;3529302;318.0000;3;0;0;1;0;2;
EBT;UF;3529401;2202.2422;161;27;99;21;2;12;
EBT;UF;3529708;3.7500;4;2;2;0;0;0;
EBT;UF;3530300;332.0000;5;0;1;2;0;2;
EBT;UF;3530508;3.0000;4;3;1;0;0;0;
EBT;UF;3530607;6279.1172;258;49;156;24;14;15;
EBT;UF;3530706;79.2500;42;5;36;1;0;0;
EBT;UF;3530805;565.9766;28;0;24;1;0;3;
EBT;UF;3531100;9.8750;8;3;5;0;0;0;
EBT;UF;3531902;3.2500;5;3;2;0;0;0;
EBT;UF;3532009;7.0000;4;0;4;0;0;0;
EBT;UF;3533403;19.0000;13;2;11;0;0;0;
EBT;UF;3534401;7004.4980;177;14;76;49;13;25;
EBT;UF;3534609;155.2500;2;1;0;0;0;1;
EBT;UF;3534708;1633.5000;31;1;9;8;2;11;
EBT;UF;3535507;10.0000;1;0;0;1;0;0;
EBT;UF;3536505;6.3125;5;2;3;0;0;0;
EBT;UF;3536703;35.0000;2;0;1;0;1;0;
EBT;UF;3537404;3.3125;6;5;1;0;0;0;
EBT;UF;3537602;2.0000;1;0;1;0;0;0;
EBT;UF;3538006;5289.1250;35;4;21;4;0;6;
EBT;UF;3538709;4568.6289;127;18;71;17;4;17;
EBT;UF;3539004;2.0000;1;0;1;0;0;0;
EBT;UF;3539301;16.8125;11;3;8;0;0;0;
EBT;UF;3539806;1166.8945;45;0;3;4;32;6;
EBT;UF;3541000;43.1797;35;13;21;1;0;0;
EBT;UF;3541307;0.2500;1;1;0;0;0;0;
EBT;UF;3541406;3243.5781;102;7;51;18;7;19;
EBT;UF;3541505;16.0000;1;0;0;0;1;0;
EBT;UF;3542206;12.0000;2;0;1;1;0;0;
EBT;UF;3542404;2.0000;1;0;1;0;0;0;
EBT;UF;3543303;30.8125;16;5;10;1;0;0;
EBT;UF;3543402;16948.0742;462;30;211;118;13;90;
EBT;UF;3543907;2025.3867;109;14;67;14;2;12;
EBT;UF;3544004;157.2500;5;3;1;0;0;1;
EBT;UF;3544103;7.2500;5;1;4;0;0;0;
EBT;UF;3544202;2.0000;1;0;1;0;0;0;
EBT;UF;3545209;649.4648;14;0;7;3;0;4;
EBT;UF;3545803;302.0742;55;2;42;10;0;1;
EBT;UF;3546306;2.0000;1;0;1;0;0;0;
EBT;UF;3546405;21.0000;4;2;0;2;0;0;
EBT;UF;3547304;8033.1875;51;4;20;10;3;14;
EBT;UF;3547809;16484.2031;438;80;227;60;11;60;
EBT;UF;3548500;15238.3281;377;31;192;89;16;49;
EBT;UF;3548708;15776.1992;696;175;331;80;41;69;
EBT;UF;3548807;7811.8672;189;31;94;35;12;17;
EBT;UF;3548906;3118.8398;60;2;29;19;0;10;
EBT;UF;3549409;7.6250;10;6;4;0;0;0;
EBT;UF;3549706;12.3125;8;2;6;0;0;0;
EBT;UF;3549805;5510.0000;98;0;23;39;6;30;
EBT;UF;3549904;9163.1172;417;57;242;76;12;30;
EBT;UF;3550100;2.2500;4;3;1;0;0;0;
EBT;UF;3550308;493836.070;12234;1110;5547;3239;652;1686;
EBT;UF;3550605;10.3750;11;5;6;0;0;0;
EBT;UF;3550704;18.0000;4;0;2;2;0;0;
EBT;UF;3551009;3191.0547;102;26;55;13;0;8;
EBT;UF;3551702;499.0000;12;0;7;2;0;3;
EBT;UF;3552205;15311.0430;441;39;218;82;21;81;
EBT;UF;3552403;70.5000;16;2;11;1;2;0;
EBT;UF;3552502;214.3750;44;12;30;0;0;2;
EBT;UF;3552809;12507.7500;35;2;13;7;2;11;
EBT;UF;3554102;2604.1797;166;30;95;19;7;15;
EBT;UF;3554508;11.0000;5;0;4;1;0;0;
EBT;UF;3555000;2.0000;1;0;1;0;0;0;
EBT;UF;3555406;0.5000;1;1;0;0;0;0;
EBT;UF;3556206;859.7148;43;9;22;5;1;6;
EBT;UF;3556404;0.5000;1;1;0;0;0;0;
EBT;UF;3556503;0.2500;1;1;0;0;0;0;
EBT;UF;3556701;196.0000;7;0;5;0;1;1;
EBT;UF;3557006;1026.7500;50;8;31;5;0;6;
EBT;UF;3557105;30.1250;9;2;5;2;0;0;
EBT;UF;3557303;0.2500;1;1;0;0;0;0;
EBT;UF;4100202;0.2500;1;1;0;0;0;0;
EBT;UF;4100301;0.2500;1;1;0;0;0;0;
EBT;UF;4100400;26.2500;16;7;7;2;0;0;
EBT;UF;4100509;1.0000;1;0;1;0;0;0;
EBT;UF;4100608;1.0000;1;0;1;0;0;0;
EBT;UF;4100707;1.2500;2;1;1;0;0;0;
EBT;UF;4100806;1.2500;2;1;1;0;0;0;
EBT;UF;4100905;0.5000;2;2;0;0;0;0;
EBT;UF;4101002;0.5000;1;1;0;0;0;0;
EBT;UF;4101101;10.7500;8;2;6;0;0;0;
EBT;UF;4101408;147.1250;31;2;21;7;1;0;
EBT;UF;4101507;2101.5000;13;2;4;5;0;2;
EBT;UF;4101606;1.0000;1;0;1;0;0;0;
EBT;UF;4101705;1.0000;1;0;1;0;0;0;
EBT;UF;4101804;724.1875;121;34;64;16;5;2;
EBT;UF;4101903;1.0000;1;0;1;0;0;0;
EBT;UF;4102000;1.0000;1;0;1;0;0;0;
EBT;UF;4102109;1.0000;1;0;1;0;0;0;
EBT;UF;4102307;14.5000;9;1;8;0;0;0;
EBT;UF;4102406;23.3125;9;6;1;2;0;0;
EBT;UF;4102505;1.0000;1;0;1;0;0;0;
EBT;UF;4102802;3.2500;3;1;2;0;0;0;
EBT;UF;4102901;1.0000;1;0;1;0;0;0;
EBT;UF;4103057;0.2500;1;1;0;0;0;0;
EBT;UF;4103206;0.2500;1;1;0;0;0;0;
EBT;UF;4103354;0.2500;1;1;0;0;0;0;
EBT;UF;4103503;0.2500;1;1;0;0;0;0;
EBT;UF;4103602;4.2500;3;1;2;0;0;0;
EBT;UF;4103701;61.4375;49;18;29;2;0;0;
EBT;UF;4103800;0.5000;2;2;0;0;0;0;
EBT;UF;4104006;3.2500;4;1;3;0;0;0;
EBT;UF;4104105;0.2500;1;1;0;0;0;0;
EBT;UF;4104204;141.0000;28;4;15;8;0;1;
EBT;UF;4104253;4.2500;4;1;3;0;0;0;
EBT;UF;4104303;11.0000;6;0;6;0;0;0;
EBT;UF;4104428;9.2500;3;1;1;1;0;0;
EBT;UF;4104501;1.2500;2;1;1;0;0;0;
EBT;UF;4104659;1.4375;4;3;1;0;0;0;
EBT;UF;4104709;2.0000;1;0;1;0;0;0;
EBT;UF;4104808;2502.4375;153;42;81;25;3;2;
EBT;UF;4104907;21.4375;30;21;8;1;0;0;
EBT;UF;4105003;0.2500;1;1;0;0;0;0;
EBT;UF;4105102;1.0000;1;0;1;0;0;0;
EBT;UF;4105409;3.1250;3;1;2;0;0;0;
EBT;UF;4105508;83.6250;37;11;22;4;0;0;
EBT;UF;4105607;0.2500;1;1;0;0;0;0;
EBT;UF;4105706;1.0000;1;0;1;0;0;0;
EBT;UF;4105805;237.3125;53;19;29;3;1;1;
EBT;UF;4106001;0.2500;1;1;0;0;0;0;
EBT;UF;4106209;1.0000;1;0;1;0;0;0;
EBT;UF;4106308;1.0000;1;0;1;0;0;0;
EBT;UF;4106407;52.2500;7;1;3;2;1;0;
EBT;UF;4106506;1.5625;4;3;1;0;0;0;
EBT;UF;4106605;1.0000;1;0;1;0;0;0;
EBT;UF;4106704;0.2500;1;1;0;0;0;0;
EBT;UF;4106902;44838.4687;1880;334;892;414;138;102;
EBT;UF;4107009;2.0000;2;0;2;0;0;0;
EBT;UF;4107108;0.5000;2;2;0;0;0;0;
EBT;UF;4107207;8.2500;7;2;5;0;0;0;
EBT;UF;4107256;12.7500;3;2;0;1;0;0;
EBT;UF;4107306;0.5000;2;2;0;0;0;0;
EBT;UF;4107405;0.2500;1;1;0;0;0;0;
EBT;UF;4107504;0.2500;1;1;0;0;0;0;
EBT;UF;4107538;1.0000;1;0;1;0;0;0;
EBT;UF;4107603;1.0000;1;0;1;0;0;0;
EBT;UF;4107652;354.4375;17;6;7;1;1;2;
EBT;UF;4107702;0.2500;1;1;0;0;0;0;
EBT;UF;4107736;6.0000;2;0;1;1;0;0;
EBT;UF;4107801;2.5000;3;2;1;0;0;0;
EBT;UF;4107900;2.2500;2;1;1;0;0;0;
EBT;UF;4108007;1.5000;3;2;1;0;0;0;
EBT;UF;4108106;0.2500;1;1;0;0;0;0;
EBT;UF;4108205;1.2500;2;1;1;0;0;0;
EBT;UF;4108304;387.1250;151;58;83;8;1;1;
EBT;UF;4108320;0.2500;1;1;0;0;0;0;
EBT;UF;4108403;62.5625;23;7;15;0;1;0;
EBT;UF;4108452;0.0625;1;1;0;0;0;0;
EBT;UF;4108502;2.0000;1;0;1;0;0;0;
EBT;UF;4108551;0.2500;1;1;0;0;0;0;
EBT;UF;4108601;6.3125;9;5;4;0;0;0;
EBT;UF;4108700;1.0000;1;0;1;0;0;0;
EBT;UF;4108809;19.5000;11;1;10;0;0;0;
EBT;UF;4109302;1.0000;1;0;1;0;0;0;
EBT;UF;4109401;672.0625;27;7;16;3;0;1;
EBT;UF;4109500;2.5000;3;2;1;0;0;0;
EBT;UF;4109609;9.0000;5;0;5;0;0;0;
EBT;UF;4109708;1.0000;1;0;1;0;0;0;
EBT;UF;4109807;15.8750;23;13;10;0;0;0;
EBT;UF;4110201;0.2500;1;1;0;0;0;0;
EBT;UF;4110607;1.0000;1;0;1;0;0;0;
EBT;UF;4110706;10.8125;25;22;3;0;0;0;
EBT;UF;4110904;0.2500;1;1;0;0;0;0;
EBT;UF;4110953;1.0000;1;0;1;0;0;0;
EBT;UF;4111407;0.2500;1;1;0;0;0;0;
EBT;UF;4111506;3.2500;3;1;2;0;0;0;
EBT;UF;4111803;12.2148;10;4;6;0;0;0;
EBT;UF;4112009;17.2500;3;1;1;0;1;0;
EBT;UF;4112108;3.3750;5;3;2;0;0;0;
EBT;UF;4112504;1.0000;1;0;1;0;0;0;
EBT;UF;4112702;1.2500;2;1;1;0;0;0;
EBT;UF;4112801;1.0000;1;0;1;0;0;0;
EBT;UF;4113205;1.0625;2;1;1;0;0;0;
EBT;UF;4113304;2.7500;4;2;2;0;0;0;
EBT;UF;4113502;1.0000;1;0;1;0;0;0;
EBT;UF;4113601;14.0000;4;0;3;1;0;0;
EBT;UF;4113700;8714.1367;324;85;137;69;16;17;
EBT;UF;4113734;0.2500;1;1;0;0;0;0;
EBT;UF;4113809;1.0000;1;0;1;0;0;0;
EBT;UF;4114005;1.0000;1;0;1;0;0;0;
EBT;UF;4114104;6.2500;6;3;3;0;0;0;
EBT;UF;4114203;45.0000;14;6;6;1;1;0;
EBT;UF;4114351;0.2500;1;1;0;0;0;0;
EBT;UF;4114401;2.2500;3;1;2;0;0;0;
EBT;UF;4114500;1.2500;2;1;1;0;0;0;
EBT;UF;4114609;0.5000;1;1;0;0;0;0;
EBT;UF;4114807;11.7500;7;2;4;1;0;0;
EBT;UF;4114906;1.0000;1;0;1;0;0;0;
EBT;UF;4115101;0.2500;1;1;0;0;0;0;
EBT;UF;4115200;4567.5000;311;75;155;70;4;7;
EBT;UF;4115309;0.2500;1;1;0;0;0;0;
EBT;UF;4115358;1.0000;1;0;1;0;0;0;
EBT;UF;4115606;3.2500;3;1;2;0;0;0;
EBT;UF;4115705;5.0000;3;0;3;0;0;0;
EBT;UF;4115804;3.2500;3;1;2;0;0;0;
EBT;UF;4116208;1.0000;1;0;1;0;0;0;
EBT;UF;4116703;1.0000;1;0;1;0;0;0;
EBT;UF;4116901;2.3750;5;4;1;0;0;0;
EBT;UF;4117008;0.2500;1;1;0;0;0;0;
EBT;UF;4117107;1.0000;1;0;1;0;0;0;
EBT;UF;4117206;0.2500;1;1;0;0;0;0;
EBT;UF;4117271;0.2500;1;1;0;0;0;0;
EBT;UF;4117503;9.3750;7;2;5;0;0;0;
EBT;UF;4117602;4.5000;4;1;3;0;0;0;
EBT;UF;4117701;1.0000;1;0;1;0;0;0;
EBT;UF;4117909;7.2500;5;1;4;0;0;0;
EBT;UF;4118105;1.0000;1;0;1;0;0;0;
EBT;UF;4118204;466.3125;108;20;69;16;2;1;
EBT;UF;4118402;87.6875;47;18;28;0;1;0;
EBT;UF;4118451;1.2500;2;1;1;0;0;0;
EBT;UF;4118501;78.5625;35;8;25;1;1;0;
EBT;UF;4118600;0.2500;1;1;0;0;0;0;
EBT;UF;4118709;0.2500;1;1;0;0;0;0;
EBT;UF;4118907;1.0000;1;0;1;0;0;0;
EBT;UF;4119152;289.2500;62;3;41;14;4;0;
EBT;UF;4119202;0.2500;1;1;0;0;0;0;
EBT;UF;4119301;37.5625;6;3;2;0;1;0;
EBT;UF;4119400;2.0000;1;0;1;0;0;0;
EBT;UF;4119509;12.5625;11;4;7;0;0;0;
EBT;UF;4119608;1.0000;1;0;1;0;0;0;
EBT;UF;4119707;0.2500;1;1;0;0;0;0;
EBT;UF;4119806;1.0000;1;0;1;0;0;0;
EBT;UF;4119905;569.1875;143;43;74;20;5;1;
EBT;UF;4119954;26.7500;9;2;6;0;1;0;
EBT;UF;4120002;1.0000;1;0;1;0;0;0;
EBT;UF;4120101;0.5000;2;2;0;0;0;0;
EBT;UF;4120309;0.2500;1;1;0;0;0;0;
EBT;UF;4120606;3.2500;3;1;2;0;0;0;
EBT;UF;4120705;0.5000;2;2;0;0;0;0;
EBT;UF;4120804;413.2500;25;6;11;4;2;2;
EBT;UF;4120853;1.0000;1;0;1;0;0;0;
EBT;UF;4120903;1.0000;1;0;1;0;0;0;
EBT;UF;4121307;0.2500;1;1;0;0;0;0;
EBT;UF;4121406;1.2500;2;1;1;0;0;0;
EBT;UF;4121505;1.0000;1;0;1;0;0;0;
EBT;UF;4121604;0.2500;1;1;0;0;0;0;
EBT;UF;4121703;1.0000;1;0;1;0;0;0;
EBT;UF;4121901;1.0000;1;0;1;0;0;0;
EBT;UF;4122008;1.0000;1;0;1;0;0;0;
EBT;UF;4122206;1.7500;3;2;1;0;0;0;
EBT;UF;4122305;28.2500;18;10;5;3;0;0;
EBT;UF;4122404;57.5000;23;2;19;2;0;0;
EBT;UF;4122701;0.2500;1;1;0;0;0;0;
EBT;UF;4122800;0.2500;1;1;0;0;0;0;
EBT;UF;4123204;1.0000;1;0;1;0;0;0;
EBT;UF;4123402;1.0000;1;0;1;0;0;0;
EBT;UF;4123501;2.0000;2;0;2;0;0;0;
EBT;UF;4123709;1.0000;1;0;1;0;0;0;
EBT;UF;4123808;1.0000;1;0;1;0;0;0;
EBT;UF;4123907;1.2500;2;1;1;0;0;0;
EBT;UF;4124020;1.0000;1;0;1;0;0;0;
EBT;UF;4124053;1.0625;2;1;1;0;0;0;
EBT;UF;4124103;7.0625;5;1;4;0;0;0;
EBT;UF;4124301;0.2500;1;1;0;0;0;0;
EBT;UF;4124400;1.0000;1;0;1;0;0;0;
EBT;UF;4124509;2.2500;3;1;2;0;0;0;
EBT;UF;4124608;0.2500;1;1;0;0;0;0;
EBT;UF;4124707;1.2500;2;1;1;0;0;0;
EBT;UF;4124905;0.2500;1;1;0;0;0;0;
EBT;UF;4125001;2.0000;2;0;2;0;0;0;
EBT;UF;4125357;0.2500;1;1;0;0;0;0;
EBT;UF;4125456;0.2500;1;1;0;0;0;0;
EBT;UF;4125506;23412.1797;312;62;184;47;7;12;
EBT;UF;4125605;2.7500;4;2;2;0;0;0;
EBT;UF;4125704;19.0000;4;2;1;0;1;0;
EBT;UF;4126009;0.5000;2;2;0;0;0;0;
EBT;UF;4126207;0.2500;1;1;0;0;0;0;
EBT;UF;4126256;18.2500;21;11;10;0;0;0;
EBT;UF;4126306;1.0000;1;0;1;0;0;0;
EBT;UF;4126504;3.0000;2;0;2;0;0;0;
EBT;UF;4126603;1.0000;1;0;1;0;0;0;
EBT;UF;4126678;1.2500;2;1;1;0;0;0;
EBT;UF;4126801;1.0000;1;0;1;0;0;0;
EBT;UF;4126900;0.2500;1;1;0;0;0;0;
EBT;UF;4127007;1.5000;3;2;1;0;0;0;
EBT;UF;4127106;33.5000;11;1;9;0;1;0;
EBT;UF;4127403;1.0000;1;0;1;0;0;0;
EBT;UF;4127502;1.0000;1;0;1;0;0;0;
EBT;UF;4127700;203.6875;36;11;15;9;0;1;
EBT;UF;4127809;1.2500;2;1;1;0;0;0;
EBT;UF;4128104;212.1250;42;6;21;13;1;1;
EBT;UF;4128203;17.0000;9;0;9;0;0;0;
EBT;UF;4128401;1.0000;1;0;1;0;0;0;
EBT;UF;4128500;2.0000;2;0;2;0;0;0;
EBT;UF;4128708;4.5000;4;2;2;0;0;0;
EBT;UF;4128807;0.2500;1;1;0;0;0;0;
EBT;UF;4200101;3.3750;4;2;2;0;0;0;
EBT;UF;4201307;217.5625;35;3;16;13;3;0;
EBT;UF;4201703;0.2500;1;1;0;0;0;0;
EBT;UF;4202008;259.2500;41;3;21;15;1;1;
EBT;UF;4202073;1.0000;1;0;1;0;0;0;
EBT;UF;4202305;150.4375;56;25;23;5;3;0;
EBT;UF;4202404;3441.8750;283;52;127;73;20;11;
EBT;UF;4202602;5.3750;4;2;1;1;0;0;
EBT;UF;4202909;824.1250;77;8;37;23;4;5;
EBT;UF;4203006;63.8750;16;5;6;4;1;0;
EBT;UF;4203204;33.1250;22;8;12;2;0;0;
EBT;UF;4203600;2.0000;1;0;1;0;0;0;
EBT;UF;4203956;20.7500;7;2;3;2;0;0;
EBT;UF;4204202;648.3281;88;23;43;15;4;3;
EBT;UF;4204251;87.0000;13;3;7;1;2;0;
EBT;UF;4204301;635.5000;17;1;3;7;2;4;
EBT;UF;4204350;0.6875;4;4;0;0;0;0;
EBT;UF;4204509;5.6250;6;3;3;0;0;0;
EBT;UF;4204558;17.0000;5;2;1;2;0;0;
EBT;UF;4204608;408.6875;67;16;26;22;2;1;
EBT;UF;4204806;30.5000;4;1;0;3;0;0;
EBT;UF;4205191;10.0000;1;0;0;1;0;0;
EBT;UF;4205407;8877.4258;395;57;133;144;34;27;
EBT;UF;4205506;8.0000;14;9;5;0;0;0;
EBT;UF;4205704;20.6250;14;6;7;1;0;0;
EBT;UF;4205803;9.0000;3;0;1;2;0;0;
EBT;UF;4205902;109.8750;33;14;11;6;2;0;
EBT;UF;4206504;214.7500;32;7;17;6;1;1;
EBT;UF;4206702;6.6250;7;4;3;0;0;0;
EBT;UF;4207007;40.3125;12;4;5;3;0;0;
EBT;UF;4207106;1.2500;2;1;1;0;0;0;
EBT;UF;4207304;4.0000;2;0;2;0;0;0;
EBT;UF;4207502;276.5625;40;2;21;16;0;1;
EBT;UF;4208203;5025.7031;313;24;160;106;14;9;
EBT;UF;4208807;1.2500;2;1;1;0;0;0;
EBT;UF;4208906;540.0664;79;11;45;19;3;1;
EBT;UF;4209003;198.5000;25;1;13;7;4;0;
EBT;UF;4209102;2850.9883;427;78;194;131;16;8;
EBT;UF;4209300;379.7500;59;15;20;21;2;1;
EBT;UF;4209409;1.0000;1;0;1;0;0;0;
EBT;UF;4209706;1.2500;2;1;1;0;0;0;
EBT;UF;4210035;5.2500;5;1;4;0;0;0;
EBT;UF;4210100;27.4375;26;16;8;2;0;0;
EBT;UF;4210209;3.2500;3;1;2;0;0;0;
EBT;UF;4210605;15.5625;7;3;3;1;0;0;
EBT;UF;4211306;293.8125;58;6;25;23;4;0;
EBT;UF;4211454;1.0000;1;0;1;0;0;0;
EBT;UF;4211603;8.2500;7;1;6;0;0;0;
EBT;UF;4211702;2.2500;4;3;1;0;0;0;
EBT;UF;4211900;652.1875;94;16;51;22;4;1;
EBT;UF;4212205;1.0000;1;0;1;0;0;0;
EBT;UF;4213005;0.3125;3;3;0;0;0;0;
EBT;UF;4213203;53.5000;10;2;3;4;1;0;
EBT;UF;4214706;2.2500;2;1;1;0;0;0;
EBT;UF;4214805;566.2500;76;15;30;25;2;4;
EBT;UF;4215000;42.0000;5;0;3;0;2;0;
EBT;UF;4215109;104.7500;5;2;2;0;0;1;
EBT;UF;4215455;1.0000;1;0;1;0;0;0;
EBT;UF;4215802;314.0781;102;36;48;16;2;0;
EBT;UF;4215901;0.5000;1;1;0;0;0;0;
EBT;UF;4216107;3.5000;4;2;2;0;0;0;
EBT;UF;4216206;384.4375;36;7;9;14;4;2;
EBT;UF;4216255;1.0000;1;0;1;0;0;0;
EBT;UF;4216602;686.7500;104;14;42;42;5;1;
EBT;UF;4216909;49.8750;11;4;4;2;1;0;
EBT;UF;4217006;4.5000;3;1;2;0;0;0;
EBT;UF;4217402;229.5000;9;2;3;1;1;2;
EBT;UF;4217709;618.0000;7;0;1;1;0;5;
EBT;UF;4218202;159.0000;21;2;13;5;0;1;
EBT;UF;4218707;281.5000;20;1;11;6;1;1;
EBT;UF;4218806;14.0000;3;0;2;1;0;0;
EBT;UF;4219309;49.2500;26;12;11;2;1;0;
EBT;UF;4219507;35.7500;18;7;10;0;1;0;
EBT;UF;4219705;72.7500;13;5;5;1;2;0;
EBT;UF;4300406;79.8125;39;23;5;11;0;0;
EBT;UF;4300604;149.0000;34;11;12;9;2;0;
EBT;UF;4301008;14.0000;6;2;3;1;0;0;
EBT;UF;4301206;1.0000;1;0;1;0;0;0;
EBT;UF;4301552;1.2500;2;1;1;0;0;0;
EBT;UF;4301602;683.1250;43;9;11;14;6;3;
EBT;UF;4302105;1234.7500;141;10;55;63;10;3;
EBT;UF;4302204;1.0000;1;0;1;0;0;0;
EBT;UF;4302352;6.5000;4;1;2;1;0;0;
EBT;UF;4302709;2.2500;3;1;2;0;0;0;
EBT;UF;4302808;1.0000;1;0;1;0;0;0;
EBT;UF;4302907;0.6250;2;2;0;0;0;0;
EBT;UF;4303004;24.9375;24;13;10;1;0;0;
EBT;UF;4303103;520.0000;81;8;30;37;6;0;
EBT;UF;4303509;327.5000;31;5;11;11;3;1;
EBT;UF;4303806;2.5000;4;2;2;0;0;0;
EBT;UF;4303905;1151.7500;84;19;32;22;5;6;
EBT;UF;4304408;45.2500;18;10;5;2;1;0;
EBT;UF;4304507;4.5000;4;1;3;0;0;0;
EBT;UF;4304606;1530.4551;175;43;58;57;11;6;
EBT;UF;4304630;10612.5625;13;4;2;4;1;2;
EBT;UF;4304663;5.0000;5;2;3;0;0;0;
EBT;UF;4304705;62.0625;33;16;11;6;0;0;
EBT;UF;4304804;112.1875;14;5;4;2;3;0;
EBT;UF;4304903;4.0000;7;4;3;0;0;0;
EBT;UF;4305108;4366.0625;485;76;212;168;22;7;
EBT;UF;4305207;2.0000;2;0;2;0;0;0;
EBT;UF;4305439;1.0000;1;0;1;0;0;0;
EBT;UF;4305801;0.2500;1;1;0;0;0;0;
EBT;UF;4305975;2.0000;1;0;1;0;0;0;
EBT;UF;4306056;1.0000;1;0;1;0;0;0;
EBT;UF;4306106;1237.4375;51;22;21;5;1;2;
EBT;UF;4306205;2.5625;4;2;2;0;0;0;
EBT;UF;4306304;1.0000;1;0;1;0;0;0;
EBT;UF;4306403;0.5000;2;2;0;0;0;0;
EBT;UF;4306601;6.0000;1;0;0;1;0;0;
EBT;UF;4306767;604.0000;41;2;14;17;5;3;
EBT;UF;4307005;10602.6016;55;3;25;20;6;1;
EBT;UF;4307559;118.5000;4;1;1;0;1;1;
EBT;UF;4307609;43.7500;17;5;7;5;0;0;
EBT;UF;4307708;96.3750;47;21;18;8;0;0;
EBT;UF;4307807;27.2500;13;7;4;2;0;0;
EBT;UF;4307906;957.6133;71;3;24;33;10;1;
EBT;UF;4308102;3.0000;3;0;3;0;0;0;
EBT;UF;4308508;5.0000;8;4;4;0;0;0;
EBT;UF;4308607;233.6875;56;10;29;15;2;0;
EBT;UF;4308904;17.5000;8;4;2;2;0;0;
EBT;UF;4309001;2.6875;6;4;2;0;0;0;
EBT;UF;4309050;8.6250;3;2;0;1;0;0;
EBT;UF;4309100;91.7500;29;12;12;4;1;0;
EBT;UF;4309209;473.7500;128;38;43;44;3;0;
EBT;UF;4309308;196.6875;34;14;10;6;4;0;
EBT;UF;4309407;5.0000;6;3;3;0;0;0;
EBT;UF;4309605;5.8750;11;7;4;0;0;0;
EBT;UF;4309803;1.0000;1;0;1;0;0;0;
EBT;UF;4310108;18.7500;18;10;5;3;0;0;
EBT;UF;4310207;82.0625;14;3;4;6;1;0;
EBT;UF;4310330;2.1250;5;4;1;0;0;0;
EBT;UF;4310603;2.0000;1;0;1;0;0;0;
EBT;UF;4310801;15.0000;11;7;3;1;0;0;
EBT;UF;4311007;8.9375;8;4;3;1;0;0;
EBT;UF;4311205;2.7500;4;2;2;0;0;0;
EBT;UF;4311403;1117.0625;33;8;15;9;0;1;
EBT;UF;4311809;85.0625;15;8;4;1;2;0;
EBT;UF;4312401;61.5625;27;16;6;4;1;0;
EBT;UF;4312500;1.0000;1;0;1;0;0;0;
EBT;UF;4312658;10.0000;1;0;0;1;0;0;
EBT;UF;4312906;6.2500;4;1;2;1;0;0;
EBT;UF;4313060;2.5000;2;1;1;0;0;0;
EBT;UF;4313201;57.5625;12;5;1;5;1;0;
EBT;UF;4313300;22.5625;15;6;8;1;0;0;
EBT;UF;4313409;769.4766;151;24;61;58;8;0;
EBT;UF;4313508;48.8750;26;14;8;4;0;0;
EBT;UF;4313656;0.5000;1;1;0;0;0;0;
EBT;UF;4313706;7.5625;10;5;5;0;0;0;
EBT;UF;4313904;78.8125;31;17;10;3;1;0;
EBT;UF;4314050;14.6875;20;14;6;0;0;0;
EBT;UF;4314100;1156.3750;112;18;46;34;11;3;
EBT;UF;4314308;0.2500;1;1;0;0;0;0;
EBT;UF;4314407;2303.9375;94;20;42;21;6;5;
EBT;UF;4314506;4.0000;1;0;0;1;0;0;
EBT;UF;4314803;11.2500;7;4;2;1;0;0;
EBT;UF;4314902;48023.2461;1138;120;328;464;138;88;
EBT;UF;4315206;2.0000;2;0;2;0;0;0;
EBT;UF;4315305;1.0000;1;0;1;0;0;0;
EBT;UF;4315503;0.5000;1;1;0;0;0;0;
EBT;UF;4315602;1289.2500;105;31;33;29;6;6;
EBT;UF;4315701;3.3750;6;4;2;0;0;0;
EBT;UF;4315800;2.0000;2;0;2;0;0;0;
EBT;UF;4316402;169.2500;12;6;4;1;0;1;
EBT;UF;4316501;0.3125;2;2;0;0;0;0;
EBT;UF;4316808;2727.0625;54;12;11;22;3;6;
EBT;UF;4316907;1833.6250;134;56;45;27;2;4;
EBT;UF;4317103;128.5625;16;3;6;5;1;1;
EBT;UF;4317202;5.0000;4;0;4;0;0;0;
EBT;UF;4317301;2.0000;1;0;1;0;0;0;
EBT;UF;4317400;14.4375;11;6;4;1;0;0;
EBT;UF;4317509;440.0000;9;0;2;5;0;2;
EBT;UF;4317608;13.7500;10;6;3;1;0;0;
EBT;UF;4317905;1.5000;2;1;1;0;0;0;
EBT;UF;4318002;2.0000;1;0;1;0;0;0;
EBT;UF;4318101;1.5000;3;2;1;0;0;0;
EBT;UF;4318200;1.7500;3;2;1;0;0;0;
EBT;UF;4318309;4.5000;4;1;3;0;0;0;
EBT;UF;4318507;0.2500;1;1;0;0;0;0;
EBT;UF;4318705;1291.5625;104;29;31;36;5;3;
EBT;UF;4318804;102.4375;6;3;2;0;0;1;
EBT;UF;4319406;3.0000;5;3;2;0;0;0;
EBT;UF;4319505;23.5625;11;5;3;3;0;0;
EBT;UF;4319802;1.5000;3;2;1;0;0;0;
EBT;UF;4319901;108.0000;19;0;10;8;1;0;
EBT;UF;4320008;147.1875;44;17;14;12;1;0;
EBT;UF;4320107;128.3750;11;6;2;1;1;1;
EBT;UF;4320206;0.2500;1;1;0;0;0;0;
EBT;UF;4320404;4.5625;5;2;3;0;0;0;
EBT;UF;4320701;1.0000;1;0;1;0;0;0;
EBT;UF;4320800;2.0000;2;0;2;0;0;0;
EBT;UF;4320909;1.0000;1;0;1;0;0;0;
EBT;UF;4321204;224.0000;21;9;9;1;0;2;
EBT;UF;4321303;6.0000;3;0;3;0;0;0;
EBT;UF;4321451;826.9375;22;12;3;1;2;4;
EBT;UF;4321501;20.9375;25;20;3;2;0;0;
EBT;UF;4321600;32.4375;23;16;4;3;0;0;
EBT;UF;4321709;2.7500;4;2;2;0;0;0;
EBT;UF;4321808;1.0000;1;0;1;0;0;0;
EBT;UF;4322004;32.0000;1;0;0;0;1;0;
EBT;UF;4322400;10784.1250;36;6;12;11;3;4;
EBT;UF;4322509;287.0859;40;4;18;17;0;1;
EBT;UF;4322608;64.7500;20;6;8;6;0;0;
EBT;UF;4322806;1.0000;1;0;1;0;0;0;
EBT;UF;4323002;123.3750;26;11;8;3;4;0;
EBT;UF;4323408;1.7500;3;2;1;0;0;0;
EBT;UF;4323804;3.3750;11;10;1;0;0;0;
EBT;UF;5000203;86.0000;12;0;3;8;1;0;
EBT;UF;5001003;1.0000;1;0;1;0;0;0;
EBT;UF;5002407;3.0000;2;0;2;0;0;0;
EBT;UF;5002704;7016.0625;561;103;216;182;34;26;
EBT;UF;5002902;0.5000;1;1;0;0;0;0;
EBT;UF;5002951;2.0625;2;1;1;0;0;0;
EBT;UF;5003207;37.0000;14;0;10;4;0;0;
EBT;UF;5003306;2.0000;1;0;1;0;0;0;
EBT;UF;5003702;1154.3125;60;8;24;22;2;4;
EBT;UF;5003751;1.0000;1;0;1;0;0;0;
EBT;UF;5004106;2.0000;1;0;1;0;0;0;
EBT;UF;5004502;28.2500;9;3;4;2;0;0;
EBT;UF;5004700;1.0000;1;0;1;0;0;0;
EBT;UF;5005103;1.0000;1;0;1;0;0;0;
EBT;UF;5005202;4.0000;2;0;2;0;0;0;
EBT;UF;5005400;244.5000;13;1;3;4;3;2;
EBT;UF;5005608;2.0000;1;0;1;0;0;0;
EBT;UF;5005707;4.0000;2;0;2;0;0;0;
EBT;UF;5006002;2.5000;3;1;2;0;0;0;
EBT;UF;5006309;6.0000;3;0;3;0;0;0;
EBT;UF;5006606;8.0000;5;0;5;0;0;0;
EBT;UF;5006903;2.0000;1;0;1;0;0;0;
EBT;UF;5007109;47.0000;7;0;1;5;1;0;
EBT;UF;5007208;3.0000;2;0;2;0;0;0;
EBT;UF;5007695;1.0000;2;2;0;0;0;0;
EBT;UF;5007703;1.0000;1;0;1;0;0;0;
EBT;UF;5007901;218.5000;14;1;5;2;5;1;
EBT;UF;5008008;2.0000;1;0;1;0;0;0;
EBT;UF;5008305;572.0000;60;0;24;29;6;1;
EBT;UF;5100201;7.0000;4;0;4;0;0;0;
EBT;UF;5100250;15.5000;9;1;8;0;0;0;
EBT;UF;5100300;0.5000;1;1;0;0;0;0;
EBT;UF;5100409;0.5000;1;1;0;0;0;0;
EBT;UF;5100805;1.0000;1;0;1;0;0;0;
EBT;UF;5101803;8.0000;6;2;4;0;0;0;
EBT;UF;5102504;180.0000;61;12;38;10;1;0;
EBT;UF;5102678;1.0000;1;0;1;0;0;0;
EBT;UF;5103056;1.0000;1;0;1;0;0;0;
EBT;UF;5103403;29209.0937;1026;146;548;189;93;50;
EBT;UF;5103502;5.5000;4;1;3;0;0;0;
EBT;UF;5104104;0.5000;1;1;0;0;0;0;
EBT;UF;5105002;92.2500;10;1;3;3;3;0;
EBT;UF;5105150;4.0000;2;0;2;0;0;0;
EBT;UF;5105259;2210.6250;195;40;94;39;11;11;
EBT;UF;5105622;111.5000;21;3;14;2;2;0;
EBT;UF;5105903;0.5000;1;1;0;0;0;0;
EBT;UF;5106224;781.6875;115;17;64;24;7;3;
EBT;UF;5106752;389.3750;59;21;26;5;5;2;
EBT;UF;5107040;4.5625;4;2;2;0;0;0;
EBT;UF;5107065;0.5000;1;1;0;0;0;0;
EBT;UF;5107180;0.5000;1;1;0;0;0;0;
EBT;UF;5107198;0.5625;2;2;0;0;0;0;
EBT;UF;5107602;2136.5000;264;25;158;56;14;11;
EBT;UF;5107800;1.0000;1;0;1;0;0;0;
EBT;UF;5107859;1.2500;2;1;1;0;0;0;
EBT;UF;5107909;7691.5859;260;24;167;46;7;16;
EBT;UF;5107925;1506.2500;183;21;100;48;4;10;
EBT;UF;5107958;5.3750;8;6;2;0;0;0;
EBT;UF;5108402;976.1875;179;25;86;60;7;1;
EBT;UF;5108600;0.2500;1;1;0;0;0;0;
EBT;UF;5200050;2.0000;1;0;1;0;0;0;
EBT;UF;5200258;56.7656;24;5;15;3;1;0;
EBT;UF;5200308;9.5000;12;7;5;0;0;0;
EBT;UF;5200605;1.2500;2;1;1;0;0;0;
EBT;UF;5200803;1.2500;2;1;1;0;0;0;
EBT;UF;5201108;2564.1250;263;29;93;121;13;7;
EBT;UF;5201405;564.5625;227;44;147;36;0;0;
EBT;UF;5202502;1.0000;1;0;1;0;0;0;
EBT;UF;5202601;0.2500;1;1;0;0;0;0;
EBT;UF;5203203;1.0000;1;0;1;0;0;0;
EBT;UF;5203500;2.0000;1;0;1;0;0;0;
EBT;UF;5203906;2.0000;1;0;1;0;0;0;
EBT;UF;5204003;0.2500;1;1;0;0;0;0;
EBT;UF;5204508;31.0000;8;2;3;3;0;0;
EBT;UF;5204706;6.0000;6;3;3;0;0;0;
EBT;UF;5204805;1.2500;2;1;1;0;0;0;
EBT;UF;5205109;371.8750;47;5;24;10;6;2;
EBT;UF;5205406;2.0625;2;1;1;0;0;0;
EBT;UF;5205455;0.2500;1;1;0;0;0;0;
EBT;UF;5205497;6.5000;4;1;3;0;0;0;
EBT;UF;5205513;0.7500;2;2;0;0;0;0;
EBT;UF;5205802;0.2500;1;1;0;0;0;0;
EBT;UF;5205901;1.0000;1;0;1;0;0;0;
EBT;UF;5206206;203.3125;21;4;6;7;3;1;
EBT;UF;5206800;0.2500;1;1;0;0;0;0;
EBT;UF;5207808;0.2500;1;1;0;0;0;0;
EBT;UF;5208004;7.0000;4;0;4;0;0;0;
EBT;UF;5208103;0.2500;1;1;0;0;0;0;
EBT;UF;5208608;0.0625;1;1;0;0;0;0;
EBT;UF;5208707;9948.1875;906;122;543;172;39;30;
EBT;UF;5208806;8.0000;3;0;2;1;0;0;
EBT;UF;5209101;1.2500;3;3;0;0;0;0;
EBT;UF;5209705;2.0000;1;0;1;0;0;0;
EBT;UF;5209804;0.2500;1;1;0;0;0;0;
EBT;UF;5209937;2.0000;1;0;1;0;0;0;
EBT;UF;5210000;8.0000;4;0;4;0;0;0;
EBT;UF;5210802;0.2500;1;1;0;0;0;0;
EBT;UF;5210901;1.0000;1;0;1;0;0;0;
EBT;UF;5211206;0.5000;1;1;0;0;0;0;
EBT;UF;5211503;134.7500;37;2;27;6;2;0;
EBT;UF;5211909;129.5000;16;1;13;1;0;1;
EBT;UF;5212105;0.2500;1;1;0;0;0;0;
EBT;UF;5212303;0.2500;1;1;0;0;0;0;
EBT;UF;5212501;101.4141;53;17;28;8;0;0;
EBT;UF;5213004;0.2500;1;1;0;0;0;0;
EBT;UF;5213103;1.0000;2;2;0;0;0;0;
EBT;UF;5213509;0.2500;1;1;0;0;0;0;
EBT;UF;5213756;0.2500;1;1;0;0;0;0;
EBT;UF;5213806;13.6250;15;8;7;0;0;0;
EBT;UF;5213905;0.2500;1;1;0;0;0;0;
EBT;UF;5214002;0.2500;1;1;0;0;0;0;
EBT;UF;5214408;1.0000;1;0;1;0;0;0;
EBT;UF;5214838;1.0000;1;0;1;0;0;0;
EBT;UF;5215231;11.5625;12;6;6;0;0;0;
EBT;UF;5215306;1.2500;2;1;1;0;0;0;
EBT;UF;5215504;0.2500;1;1;0;0;0;0;
EBT;UF;5215603;1.4648;1;0;1;0;0;0;
EBT;UF;5216304;0.2500;1;1;0;0;0;0;
EBT;UF;5216809;1.0000;1;0;1;0;0;0;
EBT;UF;5217203;0.2500;1;1;0;0;0;0;
EBT;UF;5217401;1.0000;1;0;1;0;0;0;
EBT;UF;5217609;5.5000;4;1;3;0;0;0;
EBT;UF;5218003;72.5000;6;1;1;1;3;0;
EBT;UF;5218789;0.2500;1;1;0;0;0;0;
EBT;UF;5218805;511.9375;94;11;50;27;5;1;
EBT;UF;5219100;0.2500;1;1;0;0;0;0;
EBT;UF;5219605;2.0000;1;0;1;0;0;0;
EBT;UF;5219753;9.5000;6;1;5;0;0;0;
EBT;UF;5219902;0.2500;1;1;0;0;0;0;
EBT;UF;5220108;0.5000;1;1;0;0;0;0;
EBT;UF;5220454;44.0000;20;2;17;1;0;0;
EBT;UF;5221403;124.3125;20;6;7;5;1;1;
EBT;UF;5221601;15.0625;13;8;3;2;0;0;
EBT;UF;5221700;0.2500;1;1;0;0;0;0;
EBT;UF;5221809;0.2500;1;1;0;0;0;0;
EBT;UF;5221858;63.3906;37;13;19;5;0;0;
EBT;UF;5300108;294859.717;3914;536;1608;1128;296;346;
TLB;UF;3106200;0.2500;1;1;0;0;0;0;
09;1224;
