01;CLA;IPL4;201407;
EBT;UF;1100015;1.0000;1;0;1;0;0;0;
EBT;UF;1100023;174.3125;39;4;30;2;3;0;
EBT;UF;1100049;325.6875;83;20;48;13;1;1;
EBT;UF;1100080;0.1250;1;1;0;0;0;0;
EBT;UF;1100098;0.5000;1;1;0;0;0;0;
EBT;UF;1100106;16.0000;6;0;4;2;0;0;
EBT;UF;1100114;28.0000;10;0;9;1;0;0;
EBT;UF;1100122;1046.6875;146;14;101;18;10;3;
EBT;UF;1100155;230.0000;12;0;4;1;7;0;
EBT;UF;1100189;154.3125;48;9;32;5;2;0;
EBT;UF;1100205;11364.7500;671;94;416;97;29;35;
EBT;UF;1100254;1.0000;1;0;1;0;0;0;
EBT;UF;1100288;4.0000;2;0;2;0;0;0;
EBT;UF;1100296;1.0000;1;0;1;0;0;0;
EBT;UF;1100304;616.6875;129;15;92;15;6;1;
EBT;UF;1100320;1.0000;1;0;1;0;0;0;
EBT;UF;1100346;1.0000;1;0;1;0;0;0;
EBT;UF;1100403;1.0000;1;0;1;0;0;0;
EBT;UF;1100452;1.0000;1;0;1;0;0;0;
EBT;UF;1100924;2.0000;1;0;1;0;0;0;
EBT;UF;1101005;1.0000;1;0;1;0;0;0;
EBT;UF;1101468;0.5000;1;1;0;0;0;0;
EBT;UF;1200054;1.0000;1;0;1;0;0;0;
EBT;UF;1200104;1.0000;1;0;1;0;0;0;
EBT;UF;1200138;17.0000;6;0;4;2;0;0;
EBT;UF;1200203;1.0000;1;0;1;0;0;0;
EBT;UF;1200252;1.1875;3;2;1;0;0;0;
EBT;UF;1200344;1.0000;1;0;1;0;0;0;
EBT;UF;1200401;7526.5000;343;43;206;65;12;17;
EBT;UF;1200450;4.0000;2;0;2;0;0;0;
EBT;UF;1200500;1.0000;1;0;1;0;0;0;
EBT;UF;1200609;1.0000;1;0;1;0;0;0;
EBT;UF;1301100;2.0000;2;0;2;0;0;0;
EBT;UF;1301704;110.2500;7;1;5;0;0;1;
EBT;UF;1301852;2.0000;1;0;1;0;0;0;
EBT;UF;1302603;9689.5625;828;105;519;118;61;25;
EBT;UF;1303403;2.5000;3;2;1;0;0;0;
EBT;UF;1400100;567.0000;101;8;52;35;5;1;
EBT;UF;1500602;2.0000;1;0;1;0;0;0;
EBT;UF;1500800;7859.5000;135;8;75;41;5;6;
EBT;UF;1501303;24.0000;4;0;2;2;0;0;
EBT;UF;1501402;47946.2266;830;34;337;282;85;92;
EBT;UF;1501501;43.3750;18;5;10;3;0;0;
EBT;UF;1501709;0.2500;1;1;0;0;0;0;
EBT;UF;1502202;130.0000;7;0;0;3;4;0;
EBT;UF;1502400;124.0000;32;3;22;5;2;0;
EBT;UF;1503606;6.0000;3;0;3;0;0;0;
EBT;UF;1503903;2.0000;1;0;1;0;0;0;
EBT;UF;1504208;290.6875;100;32;51;13;4;0;
EBT;UF;1504422;237.6875;63;10;36;14;3;0;
EBT;UF;1505304;1.0000;1;0;1;0;0;0;
EBT;UF;1505502;388.0000;20;0;13;2;2;3;
EBT;UF;1506203;0.5000;1;1;0;0;0;0;
EBT;UF;1506807;175.6875;32;8;17;4;1;2;
EBT;UF;1507607;4.0000;2;0;2;0;0;0;
EBT;UF;1508209;0.2500;1;1;0;0;0;0;
EBT;UF;1600303;338.0000;86;9;56;17;3;1;
EBT;UF;1600600;10.0000;7;3;3;1;0;0;
EBT;UF;1700350;4.0000;3;0;3;0;0;0;
EBT;UF;1700707;37.2500;12;1;9;2;0;0;
EBT;UF;1702000;0.2500;1;1;0;0;0;0;
EBT;UF;1702109;467.8750;78;13;33;26;6;0;
EBT;UF;1705508;212.0000;8;0;6;0;0;2;
EBT;UF;1707009;1.0000;1;0;1;0;0;0;
EBT;UF;1709302;92.6875;10;4;4;1;0;1;
EBT;UF;1709500;233.3750;23;4;8;9;1;1;
EBT;UF;1713205;8.5625;8;3;5;0;0;0;
EBT;UF;1713304;4.7500;6;3;3;0;0;0;
EBT;UF;1714880;5.3125;5;2;3;0;0;0;
EBT;UF;1716109;45.0000;10;2;5;2;1;0;
EBT;UF;1716604;8.0000;4;0;4;0;0;0;
EBT;UF;1718204;212.7500;24;4;10;7;2;1;
EBT;UF;1718402;4.0000;1;0;0;1;0;0;
EBT;UF;1721000;1783.1875;206;40;100;50;12;4;
EBT;UF;1722081;4.0000;1;0;0;1;0;0;
EBT;UF;2100204;32.0000;1;0;0;0;1;0;
EBT;UF;2101202;98.0000;7;0;4;0;3;0;
EBT;UF;2101608;0.1250;1;1;0;0;0;0;
EBT;UF;2103000;1132.0000;22;0;5;5;5;7;
EBT;UF;2103307;155.0000;1;0;0;0;0;1;
EBT;UF;2103604;0.5000;1;1;0;0;0;0;
EBT;UF;2105302;327.2500;25;2;8;12;2;1;
EBT;UF;2105427;20.0000;3;0;1;2;0;0;
EBT;UF;2108603;4.0000;1;0;0;1;0;0;
EBT;UF;2109106;2.2500;4;3;1;0;0;0;
EBT;UF;2109908;43.0000;8;2;5;0;1;0;
EBT;UF;2110302;52.0000;6;0;1;5;0;0;
EBT;UF;2111201;31.2500;8;3;1;4;0;0;
EBT;UF;2111300;13715.9453;256;25;66;118;35;12;
EBT;UF;2112209;154.0000;5;0;0;1;3;1;
EBT;UF;2112902;0.3750;2;2;0;0;0;0;
EBT;UF;2114007;2.0000;1;0;1;0;0;0;
EBT;UF;2200400;32.0000;1;0;0;0;1;0;
EBT;UF;2202000;32.0000;1;0;0;0;1;0;
EBT;UF;2202208;72.0000;3;0;0;1;2;0;
EBT;UF;2202406;64.0000;2;0;0;0;2;0;
EBT;UF;2202703;32.0000;1;0;0;0;1;0;
EBT;UF;2203701;42.0000;2;0;0;1;1;0;
EBT;UF;2206407;32.0000;1;0;0;0;1;0;
EBT;UF;2207702;144.0000;7;0;0;3;4;0;
EBT;UF;2208403;249.0000;10;0;1;1;8;0;
EBT;UF;2211001;16266.5625;265;5;57;92;102;9;
EBT;UF;2300309;6.0000;1;0;0;1;0;0;
EBT;UF;2301000;129.2500;9;1;5;2;0;1;
EBT;UF;2301109;42.0000;4;0;0;3;1;0;
EBT;UF;2301901;38.6250;8;3;0;5;0;0;
EBT;UF;2302503;20.0000;2;0;0;2;0;0;
EBT;UF;2303709;26.7500;15;2;12;1;0;0;
EBT;UF;2303808;12.0000;2;0;1;1;0;0;
EBT;UF;2303956;0.2500;1;1;0;0;0;0;
EBT;UF;2304103;0.2500;1;1;0;0;0;0;
EBT;UF;2304202;53.0000;4;0;1;2;1;0;
EBT;UF;2304285;215.5000;24;1;13;5;4;1;
EBT;UF;2304400;9008.0625;336;19;95;139;51;32;
EBT;UF;2305233;87.0625;11;1;5;3;2;0;
EBT;UF;2305407;50.0000;3;0;0;1;2;0;
EBT;UF;2305506;42.0000;3;0;0;2;1;0;
EBT;UF;2306256;0.5000;1;1;0;0;0;0;
EBT;UF;2306405;72.0000;6;0;0;5;1;0;
EBT;UF;2307007;1.0000;1;0;1;0;0;0;
EBT;UF;2307304;228.0000;24;0;10;12;1;1;
EBT;UF;2307601;80.0000;5;0;0;3;2;0;
EBT;UF;2307650;137.7500;33;2;18;12;1;0;
EBT;UF;2307700;20.0000;2;0;0;2;0;0;
EBT;UF;2308104;8.0000;1;0;0;1;0;0;
EBT;UF;2308302;16.0000;1;0;0;0;1;0;
EBT;UF;2309607;106.0000;3;0;0;0;2;1;
EBT;UF;2310704;1.0000;1;0;1;0;0;0;
EBT;UF;2311306;69.0000;6;0;1;3;2;0;
EBT;UF;2311801;63.3750;16;6;7;2;1;0;
EBT;UF;2312403;4.0000;2;0;2;0;0;0;
EBT;UF;2312908;395.3750;41;7;12;16;4;2;
EBT;UF;2313302;0.6875;3;3;0;0;0;0;
EBT;UF;2313401;577.0000;13;0;2;4;3;4;
EBT;UF;2400109;106.0000;5;0;0;3;1;1;
EBT;UF;2400802;20.5000;3;1;0;2;0;0;
EBT;UF;2403251;140.3750;37;5;20;12;0;0;
EBT;UF;2404507;1.0000;1;0;1;0;0;0;
EBT;UF;2406700;10.0000;1;0;0;1;0;0;
EBT;UF;2407104;46.0000;16;0;14;2;0;0;
EBT;UF;2407203;10.0000;1;0;0;1;0;0;
EBT;UF;2407401;26.0000;2;0;0;1;1;0;
EBT;UF;2408003;776.0625;46;6;22;9;5;4;
EBT;UF;2408102;4459.0000;132;16;26;55;16;19;
EBT;UF;2409332;4.0000;1;0;0;1;0;0;
EBT;UF;2412005;203.0000;18;0;11;5;0;2;
EBT;UF;2414209;1.0000;1;0;1;0;0;0;
EBT;UF;2501807;34.0000;8;0;6;2;0;0;
EBT;UF;2503209;521.2500;28;1;15;8;1;3;
EBT;UF;2504009;1157.7500;53;6;11;25;5;6;
EBT;UF;2506301;42.0000;2;0;0;1;1;0;
EBT;UF;2506905;48.0000;2;0;0;0;2;0;
EBT;UF;2507507;4935.8125;189;8;76;65;24;16;
EBT;UF;2510808;197.0000;3;0;0;1;1;1;
EBT;UF;2516201;2.0000;1;0;1;0;0;0;
EBT;UF;2600054;209.1250;25;6;17;0;1;1;
EBT;UF;2601102;18.0000;1;0;0;0;1;0;
EBT;UF;2601201;82.0000;6;0;1;1;4;0;
EBT;UF;2601706;86.0000;3;0;0;0;3;0;
EBT;UF;2601904;22.0000;1;0;0;0;1;0;
EBT;UF;2602902;1165.5000;64;5;36;15;2;6;
EBT;UF;2603454;12.5000;6;1;4;1;0;0;
EBT;UF;2604007;11.0000;2;0;1;1;0;0;
EBT;UF;2604106;1602.8750;49;7;18;18;3;3;
EBT;UF;2605103;22.0000;1;0;0;0;1;0;
EBT;UF;2606002;20.5000;3;1;0;2;0;0;
EBT;UF;2606408;141.8750;9;3;4;1;0;1;
EBT;UF;2606804;31.5000;14;1;9;4;0;0;
EBT;UF;2607208;290.7500;33;5;13;14;0;1;
EBT;UF;2607901;622.7500;111;12;54;41;3;1;
EBT;UF;2608909;2.5000;5;4;1;0;0;0;
EBT;UF;2609600;418.5000;43;7;19;11;4;2;
EBT;UF;2610707;455.6250;59;8;41;7;1;2;
EBT;UF;2610905;168.0000;3;0;0;0;2;1;
EBT;UF;2611101;66.5000;12;1;7;3;1;0;
EBT;UF;2611606;15907.9375;485;23;172;160;69;61;
EBT;UF;2612000;50.0000;1;0;0;0;0;1;
EBT;UF;2612208;22.0000;3;0;0;3;0;0;
EBT;UF;2613701;37.0000;6;0;4;1;1;0;
EBT;UF;2613909;121.0000;26;17;3;2;4;0;
EBT;UF;2700300;314.5625;40;2;21;15;1;1;
EBT;UF;2704302;3536.3750;272;37;89;112;19;15;
EBT;UF;2704708;2.0000;1;0;1;0;0;0;
EBT;UF;2706307;2.0000;1;0;1;0;0;0;
EBT;UF;2706703;12.0000;2;0;1;1;0;0;
EBT;UF;2707701;168.5000;10;1;8;0;0;1;
EBT;UF;2708600;2.0000;1;0;1;0;0;0;
EBT;UF;2800308;6471.6875;260;33;92;98;19;18;
EBT;UF;2800670;2.8750;5;3;2;0;0;0;
EBT;UF;2802106;10.0000;1;0;0;1;0;0;
EBT;UF;2804805;503.0000;52;7;27;14;1;3;
EBT;UF;2805703;20.0000;2;0;0;2;0;0;
EBT;UF;2806701;70.5625;12;3;5;3;1;0;
EBT;UF;2900702;97.5000;13;1;5;5;2;0;
EBT;UF;2903201;8.0000;4;0;3;1;0;0;
EBT;UF;2904605;47.0000;4;0;2;1;0;1;
EBT;UF;2904704;2.0000;1;0;1;0;0;0;
EBT;UF;2905602;130.0000;5;0;2;1;1;1;
EBT;UF;2905701;491.6250;80;5;46;25;2;2;
EBT;UF;2906501;734.0000;17;0;6;5;2;4;
EBT;UF;2906709;2.0000;1;0;1;0;0;0;
EBT;UF;2908507;1.0000;1;0;1;0;0;0;
EBT;UF;2909802;48.0000;4;0;0;3;1;0;
EBT;UF;2910727;350.8125;24;3;13;5;1;2;
EBT;UF;2910800;2776.8125;131;17;56;37;9;12;
EBT;UF;2912103;4.0000;1;0;0;1;0;0;
EBT;UF;2913606;640.5000;63;1;21;33;6;2;
EBT;UF;2914653;18.0000;3;0;1;2;0;0;
EBT;UF;2914802;1378.1250;60;9;25;18;3;5;
EBT;UF;2914901;72.0000;2;0;0;1;0;1;
EBT;UF;2915304;2.0000;1;0;1;0;0;0;
EBT;UF;2915601;22.0000;4;0;3;0;1;0;
EBT;UF;2915809;12.0000;2;0;1;1;0;0;
EBT;UF;2916302;2.0000;1;0;1;0;0;0;
EBT;UF;2916401;152.1875;7;2;1;1;2;1;
EBT;UF;2917102;2.0000;1;0;1;0;0;0;
EBT;UF;2917508;100.0000;1;0;0;0;0;1;
EBT;UF;2917607;100.0000;1;0;0;0;0;1;
EBT;UF;2918001;197.0000;22;3;10;7;1;1;
EBT;UF;2918407;6.0000;3;0;3;0;0;0;
EBT;UF;2919207;723.5000;45;1;20;18;3;3;
EBT;UF;2919553;2.0000;1;0;1;0;0;0;
EBT;UF;2920601;18.0000;2;0;0;2;0;0;
EBT;UF;2921005;20.2500;3;1;0;2;0;0;
EBT;UF;2921302;10.0000;2;0;0;2;0;0;
EBT;UF;2922003;14.0000;2;0;0;2;0;0;
EBT;UF;2924009;77.1250;10;1;4;3;2;0;
EBT;UF;2925006;4.0000;2;0;2;0;0;0;
EBT;UF;2925105;20.0000;2;0;0;2;0;0;
EBT;UF;2925303;302.0000;21;0;10;6;4;1;
EBT;UF;2927002;0.5000;1;1;0;0;0;0;
EBT;UF;2927408;34964.3633;870;103;301;320;71;75;
EBT;UF;2928703;176.0000;5;0;1;1;2;1;
EBT;UF;2929206;4.0625;2;1;0;1;0;0;
EBT;UF;2929305;50.0000;1;0;0;0;0;1;
EBT;UF;2930105;15.0000;4;0;3;1;0;0;
EBT;UF;2930709;200.5000;46;3;25;18;0;0;
EBT;UF;2931350;2104.3125;25;4;11;1;3;6;
EBT;UF;2932507;32.0000;1;0;0;0;1;0;
EBT;UF;2932903;6.2500;10;6;4;0;0;0;
EBT;UF;2933307;950.5625;72;8;32;25;3;4;
EBT;UF;3100302;2.0000;1;0;1;0;0;0;
EBT;UF;3101508;258.0000;9;0;1;0;8;0;
EBT;UF;3101607;46.1250;27;7;18;2;0;0;
EBT;UF;3101904;2.0000;1;0;1;0;0;0;
EBT;UF;3103504;41.6250;20;2;15;3;0;0;
EBT;UF;3104007;74.7500;31;8;22;0;1;0;
EBT;UF;3104205;11.2500;7;1;6;0;0;0;
EBT;UF;3104601;32.0000;1;0;0;0;1;0;
EBT;UF;3104908;4.0000;2;0;2;0;0;0;
EBT;UF;3105608;205.5000;20;1;11;2;6;0;
EBT;UF;3106200;72089.5390;2495;323;1390;447;202;133;
EBT;UF;3106309;74.0625;5;1;1;1;2;0;
EBT;UF;3106705;2121.4414;253;55;145;24;25;4;
EBT;UF;3107109;4.0000;2;0;2;0;0;0;
EBT;UF;3107406;6.0000;3;0;3;0;0;0;
EBT;UF;3107703;0.2500;1;1;0;0;0;0;
EBT;UF;3108404;2.0000;1;0;1;0;0;0;
EBT;UF;3108909;2.2500;2;1;1;0;0;0;
EBT;UF;3109303;2.0000;1;0;1;0;0;0;
EBT;UF;3109501;2.0000;1;0;1;0;0;0;
EBT;UF;3109709;2.0000;1;0;1;0;0;0;
EBT;UF;3110004;2.5000;2;1;1;0;0;0;
EBT;UF;3110301;2.0000;1;0;1;0;0;0;
EBT;UF;3110509;5.0000;3;0;3;0;0;0;
EBT;UF;3110608;3.0000;2;0;2;0;0;0;
EBT;UF;3110707;4.0000;2;0;2;0;0;0;
EBT;UF;3111606;2.0000;1;0;1;0;0;0;
EBT;UF;3112307;2.0000;1;0;1;0;0;0;
EBT;UF;3113206;64.0000;2;0;0;0;2;0;
EBT;UF;3113404;14.0000;3;0;2;1;0;0;
EBT;UF;3114303;2.0000;1;0;1;0;0;0;
EBT;UF;3114501;2.0000;1;0;1;0;0;0;
EBT;UF;3115300;559.0000;10;0;2;3;2;3;
EBT;UF;3115508;10.6250;8;3;5;0;0;0;
EBT;UF;3117876;30.0000;3;0;0;3;0;0;
EBT;UF;3118007;23.8125;11;3;7;1;0;0;
EBT;UF;3118304;78.3750;27;7;17;2;1;0;
EBT;UF;3118403;32.0000;1;0;0;0;1;0;
EBT;UF;3118601;2941.1094;402;63;229;66;36;8;
EBT;UF;3119401;80.5000;14;1;11;0;2;0;
EBT;UF;3120904;58.0000;26;0;25;1;0;0;
EBT;UF;3122306;984.5195;61;6;38;10;2;5;
EBT;UF;3122454;0.2500;1;1;0;0;0;0;
EBT;UF;3123601;4.0000;2;0;2;0;0;0;
EBT;UF;3123908;2.0000;1;0;1;0;0;0;
EBT;UF;3124203;32.0000;1;0;0;0;1;0;
EBT;UF;3125101;17.0000;10;0;10;0;0;0;
EBT;UF;3126109;4.0000;2;0;2;0;0;0;
EBT;UF;3127008;4.0000;2;0;2;0;0;0;
EBT;UF;3127107;18.0000;9;0;9;0;0;0;
EBT;UF;3127701;1635.8125;78;9;42;10;12;5;
EBT;UF;3128709;8.0000;1;0;0;1;0;0;
EBT;UF;3129509;2.0000;1;0;1;0;0;0;
EBT;UF;3129806;87.5000;16;3;11;0;2;0;
EBT;UF;3130101;2.0000;1;0;1;0;0;0;
EBT;UF;3130309;4.0000;2;0;2;0;0;0;
EBT;UF;3131307;780.5000;75;14;37;9;13;2;
EBT;UF;3131703;413.1875;45;16;22;4;1;2;
EBT;UF;3131901;8.8750;9;4;5;0;0;0;
EBT;UF;3132206;6.0000;3;0;3;0;0;0;
EBT;UF;3132404;324.1875;63;19;33;4;7;0;
EBT;UF;3133006;9.0000;5;0;5;0;0;0;
EBT;UF;3133600;1.0000;1;0;1;0;0;0;
EBT;UF;3133808;131.2500;25;3;14;7;1;0;
EBT;UF;3134103;0.2500;1;1;0;0;0;0;
EBT;UF;3134202;27.0000;15;2;13;0;0;0;
EBT;UF;3135209;2.0000;1;0;1;0;0;0;
EBT;UF;3135407;20.1250;7;1;5;1;0;0;
EBT;UF;3135506;2.0000;1;0;1;0;0;0;
EBT;UF;3136207;32.7500;28;12;15;1;0;0;
EBT;UF;3136306;62.0000;8;0;5;2;1;0;
EBT;UF;3136702;4569.0078;155;12;73;30;24;16;
EBT;UF;3137205;86.0000;8;0;3;3;2;0;
EBT;UF;3137601;86.7148;29;10;15;3;1;0;
EBT;UF;3138203;418.7500;64;16;33;10;3;2;
EBT;UF;3138401;189.0000;3;0;1;0;1;1;
EBT;UF;3138609;198.0000;5;0;1;0;3;1;
EBT;UF;3138807;2.0000;1;0;1;0;0;0;
EBT;UF;3139003;32.0000;1;0;0;0;1;0;
EBT;UF;3139607;32.0000;1;0;0;0;1;0;
EBT;UF;3140001;64.0000;2;0;0;0;2;0;
EBT;UF;3140803;105.0000;11;0;5;4;2;0;
EBT;UF;3140902;0.2500;1;1;0;0;0;0;
EBT;UF;3141405;38.0000;4;0;3;0;1;0;
EBT;UF;3143302;3347.8672;123;11;54;16;34;8;
EBT;UF;3143906;410.0000;8;0;2;1;3;2;
EBT;UF;3144805;870.7422;89;6;50;19;12;2;
EBT;UF;3145208;2.0000;1;0;1;0;0;0;
EBT;UF;3145604;10.2500;5;1;3;1;0;0;
EBT;UF;3145901;5.0000;3;0;3;0;0;0;
EBT;UF;3146107;12.5625;8;2;6;0;0;0;
EBT;UF;3146305;4.0000;2;0;2;0;0;0;
EBT;UF;3147006;62.2500;19;1;16;1;1;0;
EBT;UF;3147105;22.0625;12;1;10;1;0;0;
EBT;UF;3147402;200.0000;2;0;0;0;0;2;
EBT;UF;3147600;2.0000;1;0;1;0;0;0;
EBT;UF;3147907;202.7148;32;8;16;5;2;1;
EBT;UF;3148004;53.8750;13;5;6;1;1;0;
EBT;UF;3148103;4.0000;2;0;2;0;0;0;
EBT;UF;3149101;2.0000;1;0;1;0;0;0;
EBT;UF;3149309;78.8750;28;9;15;3;1;0;
EBT;UF;3149903;319.0000;9;0;5;1;0;3;
EBT;UF;3151206;485.5000;21;1;2;4;14;0;
EBT;UF;3151404;4.0000;2;0;2;0;0;0;
EBT;UF;3151800;261.7969;79;15;49;11;4;0;
EBT;UF;3152105;22.0000;3;0;1;2;0;0;
EBT;UF;3152501;324.6797;88;23;43;17;5;0;
EBT;UF;3154200;32.0000;1;0;0;0;1;0;
EBT;UF;3154606;175.4375;54;18;28;5;3;0;
EBT;UF;3155504;2.0000;1;0;1;0;0;0;
EBT;UF;3156007;0.2500;1;1;0;0;0;0;
EBT;UF;3156502;0.2500;1;1;0;0;0;0;
EBT;UF;3156700;21.7500;13;2;11;0;0;0;
EBT;UF;3157807;181.5898;51;14;29;5;3;0;
EBT;UF;3160405;2.0000;1;0;1;0;0;0;
EBT;UF;3160702;114.0000;4;0;2;1;0;1;
EBT;UF;3162104;18.0000;5;0;4;1;0;0;
EBT;UF;3162401;2.0000;1;0;1;0;0;0;
EBT;UF;3162500;402.4375;47;13;23;2;8;1;
EBT;UF;3162559;2.0000;1;0;1;0;0;0;
EBT;UF;3162708;2.0000;1;0;1;0;0;0;
EBT;UF;3162955;0.5000;2;2;0;0;0;0;
EBT;UF;3163706;67.5000;18;4;12;0;2;0;
EBT;UF;3164704;55.8750;43;15;28;0;0;0;
EBT;UF;3165701;64.0000;2;0;0;0;2;0;
EBT;UF;3166907;8.0000;1;0;0;1;0;0;
EBT;UF;3167202;268.8320;71;10;50;7;4;0;
EBT;UF;3168606;374.6797;38;4;18;7;9;0;
EBT;UF;3168705;625.0625;37;6;7;5;19;0;
EBT;UF;3169307;144.3750;45;20;20;2;3;0;
EBT;UF;3169356;2.0000;1;0;1;0;0;0;
EBT;UF;3169406;2.2500;2;1;1;0;0;0;
EBT;UF;3169901;178.0000;5;0;0;2;2;1;
EBT;UF;3170107;280.1836;107;27;68;10;2;0;
EBT;UF;3170206;5034.3555;361;83;174;56;24;24;
EBT;UF;3170404;161.5000;39;1;34;2;1;1;
EBT;UF;3170701;2686.9023;87;9;40;17;8;13;
EBT;UF;3170800;192.0000;6;0;0;0;6;0;
EBT;UF;3171006;2.0000;1;0;1;0;0;0;
EBT;UF;3171204;109.1445;40;5;28;5;2;0;
EBT;UF;3171303;76.2500;10;1;7;0;2;0;
EBT;UF;3171501;1.0000;1;0;1;0;0;0;
EBT;UF;3172004;128.0000;4;0;0;0;4;0;
EBT;UF;3200102;4.0000;3;0;3;0;0;0;
EBT;UF;3200169;6.0000;3;0;3;0;0;0;
EBT;UF;3200201;44.0000;4;0;1;2;1;0;
EBT;UF;3200300;7.0000;4;0;4;0;0;0;
EBT;UF;3200409;44.0000;2;0;0;1;1;0;
EBT;UF;3200508;1.0000;1;0;1;0;0;0;
EBT;UF;3200607;53.5000;9;1;4;3;1;0;
EBT;UF;3200706;3.0000;2;0;2;0;0;0;
EBT;UF;3200805;80.0000;5;0;0;2;3;0;
EBT;UF;3200904;16.0000;3;0;1;2;0;0;
EBT;UF;3201159;4.0000;2;0;2;0;0;0;
EBT;UF;3201209;1571.8125;41;4;24;5;4;4;
EBT;UF;3201308;544.0000;68;6;42;15;2;3;
EBT;UF;3201506;1195.4375;43;5;27;6;2;3;
EBT;UF;3201902;4.6250;8;6;2;0;0;0;
EBT;UF;3202009;1.0000;1;0;1;0;0;0;
EBT;UF;3202108;2.0000;1;0;1;0;0;0;
EBT;UF;3202306;5.9375;8;5;3;0;0;0;
EBT;UF;3202405;632.5000;20;3;8;3;1;5;
EBT;UF;3202454;1.0000;1;0;1;0;0;0;
EBT;UF;3202504;175.1250;9;2;4;0;2;1;
EBT;UF;3202553;2.0000;1;0;1;0;0;0;
EBT;UF;3202603;2.0000;1;0;1;0;0;0;
EBT;UF;3202702;2.1250;3;1;2;0;0;0;
EBT;UF;3202801;103.6875;7;4;2;0;0;1;
EBT;UF;3202900;36.0000;2;0;1;0;1;0;
EBT;UF;3203007;2.0000;1;0;1;0;0;0;
EBT;UF;3203106;6.0000;3;0;3;0;0;0;
EBT;UF;3203130;2.0000;1;0;1;0;0;0;
EBT;UF;3203163;3.1875;4;2;2;0;0;0;
EBT;UF;3203205;326.6250;30;6;15;5;2;2;
EBT;UF;3203304;6.0000;3;0;3;0;0;0;
EBT;UF;3203320;3.1875;7;5;2;0;0;0;
EBT;UF;3203346;20.0000;2;0;0;2;0;0;
EBT;UF;3203353;2.0000;1;0;1;0;0;0;
EBT;UF;3203502;10.0000;1;0;0;1;0;0;
EBT;UF;3203809;3.0000;2;0;2;0;0;0;
EBT;UF;3203908;4.0000;2;0;2;0;0;0;
EBT;UF;3204054;30.0000;6;0;3;3;0;0;
EBT;UF;3204104;96.0000;3;0;1;0;1;1;
EBT;UF;3204203;129.1250;4;2;1;0;0;1;
EBT;UF;3204302;6.0000;3;0;3;0;0;0;
EBT;UF;3204401;30.0000;2;0;0;1;1;0;
EBT;UF;3204500;1.2500;2;1;1;0;0;0;
EBT;UF;3204559;4.5625;4;2;2;0;0;0;
EBT;UF;3204609;49.0000;6;0;4;1;1;0;
EBT;UF;3204658;1.0000;1;0;1;0;0;0;
EBT;UF;3204708;4.0000;2;0;2;0;0;0;
EBT;UF;3204906;825.7500;24;3;6;4;6;5;
EBT;UF;3205002;2118.5000;164;25;71;46;13;9;
EBT;UF;3205010;2.0000;1;0;1;0;0;0;
EBT;UF;3205036;1.0000;1;0;1;0;0;0;
EBT;UF;3205069;110.1875;13;7;5;0;0;1;
EBT;UF;3205101;210.0625;19;1;8;8;1;1;
EBT;UF;3205200;2600.5000;90;10;35;29;7;9;
EBT;UF;3205309;40308.5859;196;22;30;63;23;58;
EBT;UF;3300100;1150.0000;24;4;13;4;2;1;
EBT;UF;3300209;27.0000;8;0;5;3;0;0;
EBT;UF;3300233;3.5000;4;2;2;0;0;0;
EBT;UF;3300258;2.0000;1;0;1;0;0;0;
EBT;UF;3300308;17.5000;8;4;3;1;0;0;
EBT;UF;3300407;44.2500;14;1;10;3;0;0;
EBT;UF;3300456;263.1250;41;5;31;2;1;2;
EBT;UF;3300506;1.0000;1;0;1;0;0;0;
EBT;UF;3300605;1.0000;1;0;1;0;0;0;
EBT;UF;3300704;33.5000;12;1;9;2;0;0;
EBT;UF;3300803;4.0000;2;0;2;0;0;0;
EBT;UF;3301009;5956.6250;67;15;32;9;4;7;
EBT;UF;3301108;5.2500;4;1;3;0;0;0;
EBT;UF;3301306;2.2500;2;1;1;0;0;0;
EBT;UF;3301702;4329.8125;128;16;64;18;7;23;
EBT;UF;3301801;1.0000;1;0;1;0;0;0;
EBT;UF;3301850;1.0000;1;0;1;0;0;0;
EBT;UF;3301900;2704.0000;18;2;11;3;0;2;
EBT;UF;3302007;99.0000;23;3;16;2;2;0;
EBT;UF;3302056;1.0000;1;0;1;0;0;0;
EBT;UF;3302106;1.0000;1;0;1;0;0;0;
EBT;UF;3302205;25.0000;16;3;13;0;0;0;
EBT;UF;3302254;241.2500;24;1;14;5;3;1;
EBT;UF;3302270;1.0000;1;0;1;0;0;0;
EBT;UF;3302403;6221.5000;262;12;106;105;25;14;
EBT;UF;3302502;8.7500;7;2;5;0;0;0;
EBT;UF;3302601;10.0000;1;0;0;1;0;0;
EBT;UF;3302700;6.0000;4;0;4;0;0;0;
EBT;UF;3302809;1.0000;1;0;1;0;0;0;
EBT;UF;3302858;55.6250;11;2;8;0;0;1;
EBT;UF;3303005;2.0000;2;0;2;0;0;0;
EBT;UF;3303104;1.0000;1;0;1;0;0;0;
EBT;UF;3303203;36.7500;26;7;19;0;0;0;
EBT;UF;3303302;3911.1211;294;21;217;28;19;9;
EBT;UF;3303401;19.7500;13;5;7;1;0;0;
EBT;UF;3303500;465.6055;75;8;50;15;0;2;
EBT;UF;3303609;1.2500;2;1;1;0;0;0;
EBT;UF;3303807;37.7500;9;2;4;3;0;0;
EBT;UF;3303856;1.0000;1;0;1;0;0;0;
EBT;UF;3303906;784.9883;67;7;45;9;4;2;
EBT;UF;3303955;1.0000;1;0;1;0;0;0;
EBT;UF;3304003;4.5000;4;1;3;0;0;0;
EBT;UF;3304102;1.0000;1;0;1;0;0;0;
EBT;UF;3304110;1232.1250;42;7;13;12;1;9;
EBT;UF;3304144;12.5000;8;1;7;0;0;0;
EBT;UF;3304151;1.0000;1;0;1;0;0;0;
EBT;UF;3304201;765.2500;62;4;33;13;9;3;
EBT;UF;3304300;10.7500;9;2;7;0;0;0;
EBT;UF;3304524;250.7500;47;6;23;16;2;0;
EBT;UF;3304557;533286.962;7235;400;3798;1921;416;700;
EBT;UF;3304706;1.0000;1;0;1;0;0;0;
EBT;UF;3304755;1.0000;1;0;1;0;0;0;
EBT;UF;3304805;1.0000;1;0;1;0;0;0;
EBT;UF;3304904;509.7500;108;19;72;14;0;3;
EBT;UF;3305000;80.7500;16;2;11;1;2;0;
EBT;UF;3305109;188.0625;52;5;39;7;0;1;
EBT;UF;3305208;24.5000;15;3;12;0;0;0;
EBT;UF;3305505;1.5000;2;1;1;0;0;0;
EBT;UF;3305554;501.5000;9;4;1;0;1;3;
EBT;UF;3305752;1.0000;1;0;1;0;0;0;
EBT;UF;3305802;8546.3750;23;2;12;1;1;7;
EBT;UF;3306008;235.5000;22;1;11;7;2;1;
EBT;UF;3306107;7.5000;5;1;4;0;0;0;
EBT;UF;3306206;1.0000;1;0;1;0;0;0;
EBT;UF;3306305;862.5000;44;5;21;6;7;5;
EBT;UF;3500105;155.0000;1;0;0;0;0;1;
EBT;UF;3501004;0.2500;1;1;0;0;0;0;
EBT;UF;3501152;2.0000;1;0;1;0;0;0;
EBT;UF;3501608;3473.7500;140;19;86;11;3;21;
EBT;UF;3501707;310.0000;2;0;0;0;0;2;
EBT;UF;3502101;1815.0000;6;0;2;1;0;3;
EBT;UF;3502507;2.0000;1;0;1;0;0;0;
EBT;UF;3502804;350.5000;11;1;5;3;0;2;
EBT;UF;3503000;2.5000;2;1;1;0;0;0;
EBT;UF;3503208;3717.0000;86;10;38;11;5;22;
EBT;UF;3503307;33.6875;24;7;17;0;0;0;
EBT;UF;3503901;17.2500;12;3;9;0;0;0;
EBT;UF;3504008;809.6250;14;3;3;3;0;5;
EBT;UF;3504107;23.5000;11;3;7;1;0;0;
EBT;UF;3505302;6.0000;3;0;3;0;0;0;
EBT;UF;3505500;668.0000;12;0;2;5;0;5;
EBT;UF;3505708;40896.1914;529;46;188;107;57;131;
EBT;UF;3505906;1.2598;3;2;1;0;0;0;
EBT;UF;3506003;13003.8867;217;11;75;48;12;71;
EBT;UF;3506102;1869.8750;44;9;16;5;3;11;
EBT;UF;3506359;3.5000;6;5;1;0;0;0;
EBT;UF;3506508;235.0000;2;0;0;0;0;2;
EBT;UF;3507001;275.0000;4;0;0;2;0;2;
EBT;UF;3507506;1345.4648;28;0;14;4;2;8;
EBT;UF;3507605;1551.5000;29;8;4;5;3;9;
EBT;UF;3507803;2.2500;2;1;1;0;0;0;
EBT;UF;3508207;2.5000;2;1;1;0;0;0;
EBT;UF;3508405;14.5000;5;1;3;1;0;0;
EBT;UF;3508504;129.2500;4;1;2;0;0;1;
EBT;UF;3508603;1337.0000;5;0;2;0;0;3;
EBT;UF;3509007;1.0000;1;0;1;0;0;0;
EBT;UF;3509205;1359.7539;66;12;28;18;3;5;
EBT;UF;3509254;155.2500;2;1;0;0;0;1;
EBT;UF;3509403;1.2500;2;1;1;0;0;0;
EBT;UF;3509502;72774.2383;645;57;286;110;35;157;
EBT;UF;3509700;25.6250;15;7;7;1;0;0;
EBT;UF;3510005;0.7500;2;2;0;0;0;0;
EBT;UF;3510500;342.0000;3;0;0;0;1;2;
EBT;UF;3511102;367.0000;12;0;5;5;0;2;
EBT;UF;3512803;6.0625;3;1;1;1;0;0;
EBT;UF;3513009;329.8047;47;12;26;5;2;2;
EBT;UF;3513504;948.1250;27;3;12;4;2;6;
EBT;UF;3513702;1.5625;6;6;0;0;0;0;
EBT;UF;3513801;4015.3711;296;41;192;36;4;23;
EBT;UF;3515186;2.2500;2;1;1;0;0;0;
EBT;UF;3516200;2586.4473;70;12;38;2;2;16;
EBT;UF;3516705;7.2500;5;1;4;0;0;0;
EBT;UF;3517406;1.2646;4;3;1;0;0;0;
EBT;UF;3517703;13.7686;10;3;7;0;0;0;
EBT;UF;3518305;155.0000;1;0;0;0;0;1;
EBT;UF;3518404;58.5625;36;5;31;0;0;0;
EBT;UF;3518701;1598.8398;85;15;55;10;2;3;
EBT;UF;3518800;2152.2070;453;85;304;46;9;9;
EBT;UF;3519071;10566.8750;71;4;15;6;8;38;
EBT;UF;3520103;0.5000;1;1;0;0;0;0;
EBT;UF;3520509;2529.5625;71;13;31;9;2;16;
EBT;UF;3521002;4.0000;2;0;2;0;0;0;
EBT;UF;3521309;4.7686;5;3;2;0;0;0;
EBT;UF;3522208;10.0000;1;0;0;1;0;0;
EBT;UF;3522307;755.0000;9;3;0;0;1;5;
EBT;UF;3522505;9.0000;2;0;1;1;0;0;
EBT;UF;3522604;0.5625;3;3;0;0;0;0;
EBT;UF;3523107;217.7500;24;10;7;5;1;1;
EBT;UF;3523909;3722.1250;80;8;34;15;5;18;
EBT;UF;3524006;0.1250;1;1;0;0;0;0;
EBT;UF;3524105;5.3750;7;4;3;0;0;0;
EBT;UF;3524303;195.2500;6;1;0;4;0;1;
EBT;UF;3524402;340.1875;103;14;77;11;0;1;
EBT;UF;3524709;963.5000;19;5;5;1;2;6;
EBT;UF;3525003;184.4648;6;0;2;3;0;1;
EBT;UF;3525102;5.2500;7;3;4;0;0;0;
EBT;UF;3525300;2863.0000;64;0;34;10;3;17;
EBT;UF;3525904;10288.4922;257;38;130;38;11;40;
EBT;UF;3526803;1642.0000;21;0;7;1;3;10;
EBT;UF;3526902;2473.0898;84;10;50;8;1;15;
EBT;UF;3527108;2448.5000;38;9;6;7;1;15;
EBT;UF;3527207;10.0000;5;0;5;0;0;0;
EBT;UF;3527306;414.2148;14;3;6;1;1;3;
EBT;UF;3528007;2048.0000;2;0;0;0;0;2;
EBT;UF;3528403;12.7500;8;2;6;0;0;0;
EBT;UF;3528502;4.7500;4;2;2;0;0;0;
EBT;UF;3529005;3604.6250;112;14;48;21;8;21;
EBT;UF;3529302;318.0000;3;0;0;1;0;2;
EBT;UF;3529401;1851.9648;144;28;86;17;2;11;
EBT;UF;3529708;3.7500;4;2;2;0;0;0;
EBT;UF;3530300;322.0000;4;0;1;1;0;2;
EBT;UF;3530508;3.0000;4;3;1;0;0;0;
EBT;UF;3530607;10072.8125;250;50;153;19;11;17;
EBT;UF;3530706;65.5000;36;6;29;1;0;0;
EBT;UF;3530805;341.0000;14;0;11;1;0;2;
EBT;UF;3531100;7.8750;7;3;4;0;0;0;
EBT;UF;3531902;3.2500;5;3;2;0;0;0;
EBT;UF;3533403;9.0000;7;2;5;0;0;0;
EBT;UF;3534401;6687.9473;132;11;54;35;8;24;
EBT;UF;3534609;155.2500;2;1;0;0;0;1;
EBT;UF;3534708;1619.5000;28;1;7;7;2;11;
EBT;UF;3536505;2.2500;2;1;1;0;0;0;
EBT;UF;3536703;1.0000;1;0;1;0;0;0;
EBT;UF;3537404;3.3125;6;5;1;0;0;0;
EBT;UF;3537602;2.0000;1;0;1;0;0;0;
EBT;UF;3538006;4247.1250;25;4;12;4;0;5;
EBT;UF;3538709;4275.9492;103;16;57;13;2;15;
EBT;UF;3539301;12.8125;9;3;6;0;0;0;
EBT;UF;3539806;1146.2500;40;1;0;1;32;6;
EBT;UF;3541000;22.3750;20;6;14;0;0;0;
EBT;UF;3541307;0.2500;1;1;0;0;0;0;
EBT;UF;3541406;3076.0625;81;7;37;12;7;18;
EBT;UF;3541505;16.0000;1;0;0;0;1;0;
EBT;UF;3542404;2.0000;1;0;1;0;0;0;
EBT;UF;3543303;18.7500;13;4;9;0;0;0;
EBT;UF;3543402;15914.5742;383;22;175;92;8;86;
EBT;UF;3543907;1680.8125;83;9;55;9;0;10;
EBT;UF;3544004;2.2500;4;3;1;0;0;0;
EBT;UF;3544103;7.2500;5;1;4;0;0;0;
EBT;UF;3544202;2.0000;1;0;1;0;0;0;
EBT;UF;3545209;648.4648;13;0;6;3;0;4;
EBT;UF;3545803;245.7500;38;2;31;4;0;1;
EBT;UF;3546306;2.0000;1;0;1;0;0;0;
EBT;UF;3546405;11.0000;3;2;0;1;0;0;
EBT;UF;3547304;7962.6250;44;3;16;9;3;13;
EBT;UF;3547809;15735.7344;403;80;212;51;6;54;
EBT;UF;3548500;11460.0195;337;26;176;75;13;47;
EBT;UF;3548708;14036.7813;610;170;285;57;35;63;
EBT;UF;3548807;7306.7070;164;27;90;24;9;14;
EBT;UF;3548906;3850.8398;47;2;17;16;0;12;
EBT;UF;3549409;4.1250;7;5;2;0;0;0;
EBT;UF;3549706;6.3125;5;2;3;0;0;0;
EBT;UF;3549805;5668.0000;87;0;14;35;6;32;
EBT;UF;3549904;8635.1094;335;50;187;60;10;28;
EBT;UF;3550100;2.2500;4;3;1;0;0;0;
EBT;UF;3550308;456755.433;10709;1048;4935;2639;524;1563;
EBT;UF;3550605;4.3750;7;5;2;0;0;0;
EBT;UF;3550704;8.0000;3;0;2;1;0;0;
EBT;UF;3551009;1957.8750;93;25;49;13;0;6;
EBT;UF;3551702;587.0000;7;0;1;2;0;4;
EBT;UF;3552205;13860.1797;301;21;135;50;18;77;
EBT;UF;3552403;68.5000;15;2;10;1;2;0;
EBT;UF;3552502;91.2500;24;7;16;0;0;1;
EBT;UF;3552809;6089.7500;31;2;13;7;1;8;
EBT;UF;3554102;2034.3125;135;23;79;16;4;13;
EBT;UF;3554508;9.0000;4;0;3;1;0;0;
EBT;UF;3555000;2.0000;1;0;1;0;0;0;
EBT;UF;3555406;0.5000;1;1;0;0;0;0;
EBT;UF;3556206;601.0000;37;8;19;5;1;4;
EBT;UF;3556404;0.5000;1;1;0;0;0;0;
EBT;UF;3556701;187.0000;2;0;0;0;1;1;
EBT;UF;3557006;804.2500;15;1;7;2;0;5;
EBT;UF;3557105;24.1250;6;2;2;2;0;0;
EBT;UF;3557303;0.2500;1;1;0;0;0;0;
EBT;UF;4100202;0.2500;1;1;0;0;0;0;
EBT;UF;4100301;0.2500;1;1;0;0;0;0;
EBT;UF;4100400;20.2500;13;7;4;2;0;0;
EBT;UF;4100509;1.0000;1;0;1;0;0;0;
EBT;UF;4100608;1.0000;1;0;1;0;0;0;
EBT;UF;4100707;1.2500;2;1;1;0;0;0;
EBT;UF;4100806;1.2500;2;1;1;0;0;0;
EBT;UF;4100905;0.5000;2;2;0;0;0;0;
EBT;UF;4101002;0.5000;1;1;0;0;0;0;
EBT;UF;4101101;10.5000;7;1;6;0;0;0;
EBT;UF;4101408;139.1875;28;3;17;7;1;0;
EBT;UF;4101507;2111.5000;14;2;4;6;0;2;
EBT;UF;4101606;1.0000;1;0;1;0;0;0;
EBT;UF;4101705;1.0000;1;0;1;0;0;0;
EBT;UF;4101804;624.3555;111;34;59;14;2;2;
EBT;UF;4101903;1.0000;1;0;1;0;0;0;
EBT;UF;4102000;1.0000;1;0;1;0;0;0;
EBT;UF;4102109;1.0000;1;0;1;0;0;0;
EBT;UF;4102307;10.5000;7;1;6;0;0;0;
EBT;UF;4102406;23.1875;8;5;1;2;0;0;
EBT;UF;4102505;1.0000;1;0;1;0;0;0;
EBT;UF;4102802;5.2500;4;1;3;0;0;0;
EBT;UF;4102901;1.0000;1;0;1;0;0;0;
EBT;UF;4103057;0.2500;1;1;0;0;0;0;
EBT;UF;4103206;0.2500;1;1;0;0;0;0;
EBT;UF;4103354;0.2500;1;1;0;0;0;0;
EBT;UF;4103503;0.2500;1;1;0;0;0;0;
EBT;UF;4103602;2.0000;1;0;1;0;0;0;
EBT;UF;4103701;53.6875;46;19;26;1;0;0;
EBT;UF;4103800;0.5000;2;2;0;0;0;0;
EBT;UF;4104006;4.2500;4;1;3;0;0;0;
EBT;UF;4104105;0.2500;1;1;0;0;0;0;
EBT;UF;4104204;94.7500;24;3;12;9;0;0;
EBT;UF;4104253;4.2500;4;1;3;0;0;0;
EBT;UF;4104303;1.0000;1;0;1;0;0;0;
EBT;UF;4104428;9.2500;3;1;1;1;0;0;
EBT;UF;4104501;1.2500;2;1;1;0;0;0;
EBT;UF;4104659;1.4375;4;3;1;0;0;0;
EBT;UF;4104709;2.0000;1;0;1;0;0;0;
EBT;UF;4104808;350.4375;130;44;67;16;3;0;
EBT;UF;4104907;14.4375;27;21;6;0;0;0;
EBT;UF;4105003;0.2500;1;1;0;0;0;0;
EBT;UF;4105102;1.0000;1;0;1;0;0;0;
EBT;UF;4105409;3.1250;3;1;2;0;0;0;
EBT;UF;4105508;82.1250;30;10;15;5;0;0;
EBT;UF;4105607;0.2500;1;1;0;0;0;0;
EBT;UF;4105706;1.0000;1;0;1;0;0;0;
EBT;UF;4105805;217.5625;40;16;20;2;1;1;
EBT;UF;4106001;0.2500;1;1;0;0;0;0;
EBT;UF;4106209;1.0000;1;0;1;0;0;0;
EBT;UF;4106308;1.0000;1;0;1;0;0;0;
EBT;UF;4106407;50.2500;5;1;1;2;1;0;
EBT;UF;4106506;1.5625;4;3;1;0;0;0;
EBT;UF;4106605;1.0000;1;0;1;0;0;0;
EBT;UF;4106704;0.2500;1;1;0;0;0;0;
EBT;UF;4106902;32874.9414;1670;280;813;370;126;81;
EBT;UF;4107009;2.0000;2;0;2;0;0;0;
EBT;UF;4107108;0.5000;2;2;0;0;0;0;
EBT;UF;4107207;14.2500;6;2;3;1;0;0;
EBT;UF;4107256;12.7500;3;2;0;1;0;0;
EBT;UF;4107306;0.5000;2;2;0;0;0;0;
EBT;UF;4107405;0.2500;1;1;0;0;0;0;
EBT;UF;4107538;1.0000;1;0;1;0;0;0;
EBT;UF;4107603;1.0000;1;0;1;0;0;0;
EBT;UF;4107652;350.9375;14;5;5;1;1;2;
EBT;UF;4107702;0.2500;1;1;0;0;0;0;
EBT;UF;4107736;6.0000;2;0;1;1;0;0;
EBT;UF;4107801;2.5000;3;2;1;0;0;0;
EBT;UF;4107900;2.2500;2;1;1;0;0;0;
EBT;UF;4108007;1.5000;3;2;1;0;0;0;
EBT;UF;4108106;0.2500;1;1;0;0;0;0;
EBT;UF;4108205;1.2500;2;1;1;0;0;0;
EBT;UF;4108304;364.5000;140;54;78;6;1;1;
EBT;UF;4108320;0.2500;1;1;0;0;0;0;
EBT;UF;4108403;63.0625;20;8;10;1;1;0;
EBT;UF;4108452;0.0625;1;1;0;0;0;0;
EBT;UF;4108502;2.0000;1;0;1;0;0;0;
EBT;UF;4108551;0.2500;1;1;0;0;0;0;
EBT;UF;4108601;5.3125;8;5;3;0;0;0;
EBT;UF;4108700;1.0000;1;0;1;0;0;0;
EBT;UF;4108809;21.0000;13;2;11;0;0;0;
EBT;UF;4109302;1.0000;1;0;1;0;0;0;
EBT;UF;4109401;37.0000;20;6;12;2;0;0;
EBT;UF;4109500;2.5000;3;2;1;0;0;0;
EBT;UF;4109609;9.0000;5;0;5;0;0;0;
EBT;UF;4109708;1.0000;1;0;1;0;0;0;
EBT;UF;4109807;14.8750;22;13;9;0;0;0;
EBT;UF;4110201;0.2500;1;1;0;0;0;0;
EBT;UF;4110607;1.0000;1;0;1;0;0;0;
EBT;UF;4110706;10.6875;24;21;3;0;0;0;
EBT;UF;4110904;0.2500;1;1;0;0;0;0;
EBT;UF;4110953;1.0000;1;0;1;0;0;0;
EBT;UF;4111407;0.2500;1;1;0;0;0;0;
EBT;UF;4111506;3.2500;3;1;2;0;0;0;
EBT;UF;4111803;6.5000;7;4;3;0;0;0;
EBT;UF;4112009;1.0000;1;0;1;0;0;0;
EBT;UF;4112108;2.3750;4;3;1;0;0;0;
EBT;UF;4112504;1.0000;1;0;1;0;0;0;
EBT;UF;4112702;1.2500;2;1;1;0;0;0;
EBT;UF;4112801;1.0000;1;0;1;0;0;0;
EBT;UF;4113205;1.0625;2;1;1;0;0;0;
EBT;UF;4113304;2.7500;4;2;2;0;0;0;
EBT;UF;4113502;1.0000;1;0;1;0;0;0;
EBT;UF;4113601;14.0000;4;0;3;1;0;0;
EBT;UF;4113700;6279.2500;289;87;118;58;13;13;
EBT;UF;4113734;0.2500;1;1;0;0;0;0;
EBT;UF;4113809;1.0000;1;0;1;0;0;0;
EBT;UF;4114005;1.0000;1;0;1;0;0;0;
EBT;UF;4114104;4.2500;5;3;2;0;0;0;
EBT;UF;4114203;19.5000;8;4;3;1;0;0;
EBT;UF;4114302;0.2500;1;1;0;0;0;0;
EBT;UF;4114351;0.2500;1;1;0;0;0;0;
EBT;UF;4114401;2.2500;3;1;2;0;0;0;
EBT;UF;4114500;1.2500;2;1;1;0;0;0;
EBT;UF;4114609;0.5000;1;1;0;0;0;0;
EBT;UF;4114807;12.2500;8;3;4;1;0;0;
EBT;UF;4114906;1.0000;1;0;1;0;0;0;
EBT;UF;4115101;0.2500;1;1;0;0;0;0;
EBT;UF;4115200;2191.5000;263;70;127;60;3;3;
EBT;UF;4115309;0.2500;1;1;0;0;0;0;
EBT;UF;4115358;1.0000;1;0;1;0;0;0;
EBT;UF;4115606;3.2500;3;1;2;0;0;0;
EBT;UF;4115705;5.0000;3;0;3;0;0;0;
EBT;UF;4115804;1.2500;2;1;1;0;0;0;
EBT;UF;4116208;1.0000;1;0;1;0;0;0;
EBT;UF;4116703;1.0000;1;0;1;0;0;0;
EBT;UF;4116901;2.3750;5;4;1;0;0;0;
EBT;UF;4117008;0.2500;1;1;0;0;0;0;
EBT;UF;4117107;1.0000;1;0;1;0;0;0;
EBT;UF;4117206;0.2500;1;1;0;0;0;0;
EBT;UF;4117271;0.2500;1;1;0;0;0;0;
EBT;UF;4117503;5.3750;5;2;3;0;0;0;
EBT;UF;4117602;3.5000;3;1;2;0;0;0;
EBT;UF;4117701;1.0000;1;0;1;0;0;0;
EBT;UF;4117909;7.5000;6;2;4;0;0;0;
EBT;UF;4118204;401.0000;90;18;56;14;1;1;
EBT;UF;4118402;72.6875;39;18;20;0;1;0;
EBT;UF;4118451;0.2500;1;1;0;0;0;0;
EBT;UF;4118501;67.0625;28;7;19;1;1;0;
EBT;UF;4118600;0.2500;1;1;0;0;0;0;
EBT;UF;4118709;0.2500;1;1;0;0;0;0;
EBT;UF;4118907;1.0000;1;0;1;0;0;0;
EBT;UF;4119152;228.2500;44;3;27;10;4;0;
EBT;UF;4119202;0.2500;1;1;0;0;0;0;
EBT;UF;4119301;3.5625;5;3;2;0;0;0;
EBT;UF;4119400;2.0000;1;0;1;0;0;0;
EBT;UF;4119509;11.5625;10;4;6;0;0;0;
EBT;UF;4119608;1.0000;1;0;1;0;0;0;
EBT;UF;4119707;0.2500;1;1;0;0;0;0;
EBT;UF;4119806;1.0000;1;0;1;0;0;0;
EBT;UF;4119905;439.7500;128;45;61;19;2;1;
EBT;UF;4119954;25.2500;7;1;5;0;1;0;
EBT;UF;4120002;1.0000;1;0;1;0;0;0;
EBT;UF;4120101;0.5000;2;2;0;0;0;0;
EBT;UF;4120309;0.2500;1;1;0;0;0;0;
EBT;UF;4120606;3.2500;3;1;2;0;0;0;
EBT;UF;4120705;0.5000;2;2;0;0;0;0;
EBT;UF;4120804;413.2500;25;6;11;4;2;2;
EBT;UF;4120853;1.0000;1;0;1;0;0;0;
EBT;UF;4120903;1.0000;1;0;1;0;0;0;
EBT;UF;4121307;0.2500;1;1;0;0;0;0;
EBT;UF;4121406;1.2500;2;1;1;0;0;0;
EBT;UF;4121505;1.0000;1;0;1;0;0;0;
EBT;UF;4121604;0.2500;1;1;0;0;0;0;
EBT;UF;4121703;1.0000;1;0;1;0;0;0;
EBT;UF;4121901;1.0000;1;0;1;0;0;0;
EBT;UF;4122008;1.0000;1;0;1;0;0;0;
EBT;UF;4122206;1.7500;3;2;1;0;0;0;
EBT;UF;4122305;10.5000;16;11;5;0;0;0;
EBT;UF;4122404;59.7500;25;3;20;2;0;0;
EBT;UF;4122701;0.2500;1;1;0;0;0;0;
EBT;UF;4122800;0.2500;1;1;0;0;0;0;
EBT;UF;4123204;1.0000;1;0;1;0;0;0;
EBT;UF;4123501;2.0000;2;0;2;0;0;0;
EBT;UF;4123709;1.0000;1;0;1;0;0;0;
EBT;UF;4123808;1.0000;1;0;1;0;0;0;
EBT;UF;4123907;1.2500;2;1;1;0;0;0;
EBT;UF;4124020;1.0000;1;0;1;0;0;0;
EBT;UF;4124053;1.0625;2;1;1;0;0;0;
EBT;UF;4124103;7.0625;5;1;4;0;0;0;
EBT;UF;4124301;0.2500;1;1;0;0;0;0;
EBT;UF;4124400;1.0000;1;0;1;0;0;0;
EBT;UF;4124509;2.2500;3;1;2;0;0;0;
EBT;UF;4124608;0.2500;1;1;0;0;0;0;
EBT;UF;4124707;1.2500;2;1;1;0;0;0;
EBT;UF;4124905;0.2500;1;1;0;0;0;0;
EBT;UF;4125001;2.0000;2;0;2;0;0;0;
EBT;UF;4125357;0.2500;1;1;0;0;0;0;
EBT;UF;4125456;0.2500;1;1;0;0;0;0;
EBT;UF;4125506;23306.4375;279;56;162;44;5;12;
EBT;UF;4125605;1.5000;2;1;1;0;0;0;
EBT;UF;4125704;19.0000;4;2;1;0;1;0;
EBT;UF;4126009;0.5000;2;2;0;0;0;0;
EBT;UF;4126207;0.2500;1;1;0;0;0;0;
EBT;UF;4126256;15.0000;18;10;8;0;0;0;
EBT;UF;4126306;1.0000;1;0;1;0;0;0;
EBT;UF;4126504;1.0000;1;0;1;0;0;0;
EBT;UF;4126603;1.0000;1;0;1;0;0;0;
EBT;UF;4126678;1.2500;2;1;1;0;0;0;
EBT;UF;4126801;1.0000;1;0;1;0;0;0;
EBT;UF;4126900;0.2500;1;1;0;0;0;0;
EBT;UF;4127007;1.5000;3;2;1;0;0;0;
EBT;UF;4127106;11.0000;6;0;6;0;0;0;
EBT;UF;4127403;1.0000;1;0;1;0;0;0;
EBT;UF;4127502;1.0000;1;0;1;0;0;0;
EBT;UF;4127700;87.6250;29;10;11;8;0;0;
EBT;UF;4127809;1.2500;2;1;1;0;0;0;
EBT;UF;4128104;189.6250;37;7;18;10;1;1;
EBT;UF;4128203;17.0000;9;0;9;0;0;0;
EBT;UF;4128401;1.0000;1;0;1;0;0;0;
EBT;UF;4128500;2.0000;2;0;2;0;0;0;
EBT;UF;4128708;2.5000;3;2;1;0;0;0;
EBT;UF;4128807;0.2500;1;1;0;0;0;0;
EBT;UF;4200101;1.3750;3;2;1;0;0;0;
EBT;UF;4201307;89.5625;24;3;12;9;0;0;
EBT;UF;4201703;0.2500;1;1;0;0;0;0;
EBT;UF;4202008;218.7500;33;2;14;16;0;1;
EBT;UF;4202073;1.0000;1;0;1;0;0;0;
EBT;UF;4202305;109.9375;46;24;16;4;2;0;
EBT;UF;4202404;3122.9375;238;50;99;66;14;9;
EBT;UF;4202602;5.3750;4;2;1;1;0;0;
EBT;UF;4202909;675.1250;59;8;24;21;2;4;
EBT;UF;4203006;136.8750;12;5;2;4;0;1;
EBT;UF;4203204;30.1250;20;8;10;2;0;0;
EBT;UF;4203600;2.0000;1;0;1;0;0;0;
EBT;UF;4203956;16.7500;6;2;3;1;0;0;
EBT;UF;4204202;606.8125;71;21;30;13;4;3;
EBT;UF;4204251;78.0000;8;3;2;1;2;0;
EBT;UF;4204301;821.5000;15;1;1;6;2;5;
EBT;UF;4204350;0.6875;4;4;0;0;0;0;
EBT;UF;4204509;3.6250;5;3;2;0;0;0;
EBT;UF;4204558;5.1250;4;3;0;1;0;0;
EBT;UF;4204608;403.2500;59;18;15;23;2;1;
EBT;UF;4204806;30.0000;3;0;0;3;0;0;
EBT;UF;4205191;10.0000;1;0;0;1;0;0;
EBT;UF;4205407;7422.5469;329;51;107;124;28;19;
EBT;UF;4205506;5.0000;11;9;2;0;0;0;
EBT;UF;4205704;17.1250;11;5;5;1;0;0;
EBT;UF;4205803;8.0000;2;0;0;2;0;0;
EBT;UF;4205902;99.8750;25;12;5;6;2;0;
EBT;UF;4206504;202.2500;29;6;16;5;1;1;
EBT;UF;4206702;3.1250;4;3;1;0;0;0;
EBT;UF;4207007;39.3125;11;4;4;3;0;0;
EBT;UF;4207106;1.2500;2;1;1;0;0;0;
EBT;UF;4207304;4.0000;2;0;2;0;0;0;
EBT;UF;4207502;266.5625;38;2;20;15;0;1;
EBT;UF;4208203;2105.1250;271;22;137;96;8;8;
EBT;UF;4208302;0.5000;1;1;0;0;0;0;
EBT;UF;4208807;1.2500;2;1;1;0;0;0;
EBT;UF;4208906;419.1875;59;11;32;13;2;1;
EBT;UF;4209003;124.5000;19;1;9;7;2;0;
EBT;UF;4209102;2095.5508;344;72;156;101;9;6;
EBT;UF;4209300;211.7500;49;13;16;20;0;0;
EBT;UF;4209706;1.2500;2;1;1;0;0;0;
EBT;UF;4210035;4.2500;4;1;3;0;0;0;
EBT;UF;4210100;12.9375;20;15;5;0;0;0;
EBT;UF;4210209;3.2500;3;1;2;0;0;0;
EBT;UF;4210605;3.5625;5;3;2;0;0;0;
EBT;UF;4211306;242.8125;47;6;20;17;4;0;
EBT;UF;4211454;1.0000;1;0;1;0;0;0;
EBT;UF;4211603;4.2500;5;1;4;0;0;0;
EBT;UF;4211702;2.5000;5;4;1;0;0;0;
EBT;UF;4211900;562.0625;77;15;39;19;3;1;
EBT;UF;4212106;1.0000;1;0;1;0;0;0;
EBT;UF;4213005;0.3125;3;3;0;0;0;0;
EBT;UF;4213203;27.5000;6;2;2;1;1;0;
EBT;UF;4214706;2.2500;2;1;1;0;0;0;
EBT;UF;4214805;304.2500;63;15;24;23;1;0;
EBT;UF;4215000;40.0000;4;0;2;0;2;0;
EBT;UF;4215109;102.7500;4;2;1;0;0;1;
EBT;UF;4215455;1.0000;1;0;1;0;0;0;
EBT;UF;4215802;257.5625;93;34;43;15;1;0;
EBT;UF;4216107;3.2500;3;1;2;0;0;0;
EBT;UF;4216206;330.4375;31;7;7;12;3;2;
EBT;UF;4216255;1.0000;1;0;1;0;0;0;
EBT;UF;4216602;500.7500;89;14;34;37;4;0;
EBT;UF;4216701;0.2500;1;1;0;0;0;0;
EBT;UF;4216909;41.7500;7;3;2;1;1;0;
EBT;UF;4217006;2.5000;2;1;1;0;0;0;
EBT;UF;4217402;127.5000;7;2;2;1;1;1;
EBT;UF;4217709;416.0000;5;0;0;1;0;4;
EBT;UF;4218202;146.5000;17;1;11;4;0;1;
EBT;UF;4218707;267.5625;17;2;7;7;0;1;
EBT;UF;4218806;14.0000;3;0;2;1;0;0;
EBT;UF;4219309;43.5000;23;13;7;2;1;0;
EBT;UF;4219507;9.7500;13;7;6;0;0;0;
EBT;UF;4219705;70.6250;10;4;3;1;2;0;
EBT;UF;4300406;58.8125;35;21;5;9;0;0;
EBT;UF;4300604;148.0000;31;9;12;8;2;0;
EBT;UF;4301008;2.5000;3;1;2;0;0;0;
EBT;UF;4301206;1.0000;1;0;1;0;0;0;
EBT;UF;4301552;1.2500;2;1;1;0;0;0;
EBT;UF;4301602;522.1250;40;9;10;13;6;2;
EBT;UF;4302105;1166.7500;133;10;53;58;9;3;
EBT;UF;4302204;1.0000;1;0;1;0;0;0;
EBT;UF;4302352;2.5000;3;1;2;0;0;0;
EBT;UF;4302808;1.0000;1;0;1;0;0;0;
EBT;UF;4302907;0.6250;2;2;0;0;0;0;
EBT;UF;4303004;22.9375;23;13;9;1;0;0;
EBT;UF;4303103;457.7500;64;7;20;31;6;0;
EBT;UF;4303509;291.6250;30;6;10;11;2;1;
EBT;UF;4303806;2.5000;4;2;2;0;0;0;
EBT;UF;4303905;974.4375;74;15;29;20;5;5;
EBT;UF;4304408;42.6250;16;9;4;2;1;0;
EBT;UF;4304507;4.5000;4;1;3;0;0;0;
EBT;UF;4304606;1243.3750;154;40;48;51;12;3;
EBT;UF;4304630;10610.5625;12;4;1;4;1;2;
EBT;UF;4304663;4.2500;5;3;2;0;0;0;
EBT;UF;4304705;50.5625;29;15;9;5;0;0;
EBT;UF;4304804;112.1875;14;5;4;2;3;0;
EBT;UF;4304903;3.7500;6;3;3;0;0;0;
EBT;UF;4305108;4100.1250;425;75;178;144;21;7;
EBT;UF;4305207;3.0000;3;0;3;0;0;0;
EBT;UF;4305439;1.0000;1;0;1;0;0;0;
EBT;UF;4305801;0.2500;1;1;0;0;0;0;
EBT;UF;4305975;2.0000;1;0;1;0;0;0;
EBT;UF;4306056;1.0000;1;0;1;0;0;0;
EBT;UF;4306106;1234.9375;48;21;19;5;1;2;
EBT;UF;4306205;2.5625;4;2;2;0;0;0;
EBT;UF;4306403;0.5000;2;2;0;0;0;0;
EBT;UF;4306601;6.0000;1;0;0;1;0;0;
EBT;UF;4306767;418.0625;38;3;13;17;3;2;
EBT;UF;4307005;716.3125;51;2;20;20;8;1;
EBT;UF;4307559;273.5000;5;1;1;0;1;2;
EBT;UF;4307609;45.7500;18;5;8;5;0;0;
EBT;UF;4307708;83.9375;40;21;11;8;0;0;
EBT;UF;4307807;28.7500;13;6;5;2;0;0;
EBT;UF;4307906;935.1133;67;2;23;31;10;1;
EBT;UF;4308102;3.0000;3;0;3;0;0;0;
EBT;UF;4308508;4.7500;7;3;4;0;0;0;
EBT;UF;4308607;218.1875;52;9;27;14;2;0;
EBT;UF;4308904;25.5000;9;4;2;3;0;0;
EBT;UF;4309001;2.6875;6;4;2;0;0;0;
EBT;UF;4309050;8.6250;3;2;0;1;0;0;
EBT;UF;4309100;77.2500;25;11;10;3;1;0;
EBT;UF;4309209;428.0625;115;40;31;41;3;0;
EBT;UF;4309308;146.1875;27;13;6;5;3;0;
EBT;UF;4309407;5.0000;6;3;3;0;0;0;
EBT;UF;4309605;5.8750;11;7;4;0;0;0;
EBT;UF;4310108;14.7500;14;10;1;3;0;0;
EBT;UF;4310207;82.0625;14;3;4;6;1;0;
EBT;UF;4310330;2.1250;5;4;1;0;0;0;
EBT;UF;4310603;2.0000;1;0;1;0;0;0;
EBT;UF;4310801;14.8750;11;7;3;1;0;0;
EBT;UF;4311007;8.9375;8;4;3;1;0;0;
EBT;UF;4311205;2.7500;4;2;2;0;0;0;
EBT;UF;4311403;1090.3125;24;7;10;6;0;1;
EBT;UF;4311809;15.5625;13;9;3;1;0;0;
EBT;UF;4312401;41.0625;25;15;5;5;0;0;
EBT;UF;4312500;1.0000;1;0;1;0;0;0;
EBT;UF;4312658;10.0000;1;0;0;1;0;0;
EBT;UF;4312906;6.2500;4;1;2;1;0;0;
EBT;UF;4313201;23.6875;10;6;1;3;0;0;
EBT;UF;4313300;18.5625;12;6;5;1;0;0;
EBT;UF;4313409;696.3750;129;21;50;50;8;0;
EBT;UF;4313508;43.0000;24;15;5;4;0;0;
EBT;UF;4313656;0.5000;1;1;0;0;0;0;
EBT;UF;4313706;7.5625;10;5;5;0;0;0;
EBT;UF;4313904;41.0625;29;18;8;3;0;0;
EBT;UF;4314050;13.9375;18;12;6;0;0;0;
EBT;UF;4314100;1077.8750;99;18;41;26;11;3;
EBT;UF;4314308;0.2500;1;1;0;0;0;0;
EBT;UF;4314407;2217.9375;83;22;32;19;6;4;
EBT;UF;4314506;4.0000;1;0;0;1;0;0;
EBT;UF;4314803;11.2500;7;4;2;1;0;0;
EBT;UF;4314902;43074.4258;979;101;267;409;127;75;
EBT;UF;4315206;2.0000;2;0;2;0;0;0;
EBT;UF;4315305;1.0000;1;0;1;0;0;0;
EBT;UF;4315503;1.5000;2;1;1;0;0;0;
EBT;UF;4315602;474.7500;87;30;26;24;5;2;
EBT;UF;4315701;3.3750;6;4;2;0;0;0;
EBT;UF;4315800;1.0000;1;0;1;0;0;0;
EBT;UF;4316006;1.0000;1;0;1;0;0;0;
EBT;UF;4316402;11.8750;10;6;3;1;0;0;
EBT;UF;4316501;0.3125;2;2;0;0;0;0;
EBT;UF;4316808;2584.3125;45;13;8;17;3;4;
EBT;UF;4316907;1821.6250;134;56;46;26;2;4;
EBT;UF;4317103;128.3125;15;2;6;5;1;1;
EBT;UF;4317202;5.0000;4;0;4;0;0;0;
EBT;UF;4317400;14.4375;11;6;4;1;0;0;
EBT;UF;4317509;26.2500;5;1;0;4;0;0;
EBT;UF;4317608;11.7500;9;6;2;1;0;0;
EBT;UF;4317905;1.5000;2;1;1;0;0;0;
EBT;UF;4318002;2.0000;1;0;1;0;0;0;
EBT;UF;4318101;1.5000;3;2;1;0;0;0;
EBT;UF;4318200;1.7500;3;2;1;0;0;0;
EBT;UF;4318309;2.0000;2;0;2;0;0;0;
EBT;UF;4318507;0.2500;1;1;0;0;0;0;
EBT;UF;4318705;1202.3125;91;27;29;27;5;3;
EBT;UF;4318804;2.4375;5;3;2;0;0;0;
EBT;UF;4319406;3.0000;5;3;2;0;0;0;
EBT;UF;4319505;23.5625;11;5;3;3;0;0;
EBT;UF;4319802;1.5000;3;2;1;0;0;0;
EBT;UF;4319901;95.5000;17;1;8;7;1;0;
EBT;UF;4320008;153.4375;44;18;12;13;1;0;
EBT;UF;4320107;127.5625;13;8;2;1;1;1;
EBT;UF;4320206;0.2500;1;1;0;0;0;0;
EBT;UF;4320404;4.5625;5;2;3;0;0;0;
EBT;UF;4320701;1.0000;1;0;1;0;0;0;
EBT;UF;4320800;2.0000;2;0;2;0;0;0;
EBT;UF;4320909;1.0000;1;0;1;0;0;0;
EBT;UF;4321204;24.5000;19;8;10;1;0;0;
EBT;UF;4321451;524.9375;20;12;2;1;2;3;
EBT;UF;4321501;21.3750;22;16;4;2;0;0;
EBT;UF;4321600;32.4375;23;16;4;3;0;0;
EBT;UF;4321709;2.7500;4;2;2;0;0;0;
EBT;UF;4321808;1.0000;1;0;1;0;0;0;
EBT;UF;4322004;34.0000;2;0;1;0;1;0;
EBT;UF;4322400;354.1250;30;6;10;9;4;1;
EBT;UF;4322509;271.6250;34;3;14;16;0;1;
EBT;UF;4322608;30.7500;15;6;6;3;0;0;
EBT;UF;4322806;1.0000;1;0;1;0;0;0;
EBT;UF;4323002;80.3750;22;11;6;3;2;0;
EBT;UF;4323408;1.2500;2;1;1;0;0;0;
EBT;UF;4323804;2.8750;10;9;1;0;0;0;
EBT;UF;5000203;86.0000;12;0;3;8;1;0;
EBT;UF;5002704;6222.5000;479;95;169;164;29;22;
EBT;UF;5002902;0.5000;1;1;0;0;0;0;
EBT;UF;5002951;0.0625;1;1;0;0;0;0;
EBT;UF;5003207;72.0000;12;0;8;3;0;1;
EBT;UF;5003306;2.0000;1;0;1;0;0;0;
EBT;UF;5003702;1077.7500;45;6;14;20;2;3;
EBT;UF;5003751;1.0000;1;0;1;0;0;0;
EBT;UF;5004502;5.2500;5;3;2;0;0;0;
EBT;UF;5005202;4.0000;2;0;2;0;0;0;
EBT;UF;5005400;142.5000;7;1;1;3;1;1;
EBT;UF;5005707;4.0000;2;0;2;0;0;0;
EBT;UF;5006002;1.0000;1;0;1;0;0;0;
EBT;UF;5006309;4.0000;2;0;2;0;0;0;
EBT;UF;5006606;4.0000;2;0;2;0;0;0;
EBT;UF;5007109;31.0000;7;0;1;6;0;0;
EBT;UF;5007208;2.0000;1;0;1;0;0;0;
EBT;UF;5007695;1.0000;2;2;0;0;0;0;
EBT;UF;5007703;1.0000;1;0;1;0;0;0;
EBT;UF;5007901;241.5000;11;1;2;3;4;1;
EBT;UF;5008008;2.0000;1;0;1;0;0;0;
EBT;UF;5008305;494.0000;48;0;14;29;4;1;
EBT;UF;5100201;6.0000;3;0;3;0;0;0;
EBT;UF;5100250;6.5000;4;1;3;0;0;0;
EBT;UF;5100300;0.5000;1;1;0;0;0;0;
EBT;UF;5100805;1.0000;1;0;1;0;0;0;
EBT;UF;5101803;4.5000;3;1;2;0;0;0;
EBT;UF;5102504;169.5000;55;13;32;9;1;0;
EBT;UF;5102678;1.0000;1;0;1;0;0;0;
EBT;UF;5103056;1.0000;1;0;1;0;0;0;
EBT;UF;5103353;1.0000;1;0;1;0;0;0;
EBT;UF;5103403;30013.8125;966;150;536;158;72;50;
EBT;UF;5103502;2.5000;2;1;1;0;0;0;
EBT;UF;5104104;0.5000;1;1;0;0;0;0;
EBT;UF;5105002;94.2500;10;1;3;3;3;0;
EBT;UF;5105150;2.0000;1;0;1;0;0;0;
EBT;UF;5105259;1714.3750;176;37;85;33;11;10;
EBT;UF;5105622;103.5000;20;3;14;1;2;0;
EBT;UF;5105903;0.5000;1;1;0;0;0;0;
EBT;UF;5106224;727.7500;103;18;56;19;7;3;
EBT;UF;5106752;385.3750;65;21;32;5;6;1;
EBT;UF;5107065;0.5000;1;1;0;0;0;0;
EBT;UF;5107180;0.5000;1;1;0;0;0;0;
EBT;UF;5107198;0.5625;2;2;0;0;0;0;
EBT;UF;5107602;2132.0000;238;26;134;53;13;12;
EBT;UF;5107800;1.0000;1;0;1;0;0;0;
EBT;UF;5107859;1.0000;1;0;1;0;0;0;
EBT;UF;5107909;7631.6250;249;22;159;43;8;17;
EBT;UF;5107925;939.5000;145;21;81;35;4;4;
EBT;UF;5107958;4.8750;7;5;2;0;0;0;
EBT;UF;5108402;793.1875;156;25;85;39;6;1;
EBT;UF;5108600;0.2500;1;1;0;0;0;0;
EBT;UF;5200050;2.0000;1;0;1;0;0;0;
EBT;UF;5200258;12.7500;11;2;9;0;0;0;
EBT;UF;5200308;6.0000;9;6;3;0;0;0;
EBT;UF;5200605;0.2500;1;1;0;0;0;0;
EBT;UF;5200803;0.2500;1;1;0;0;0;0;
EBT;UF;5201108;2407.3750;242;28;87;110;10;7;
EBT;UF;5201405;489.8750;210;45;137;28;0;0;
EBT;UF;5202601;0.2500;1;1;0;0;0;0;
EBT;UF;5203203;1.0000;1;0;1;0;0;0;
EBT;UF;5204003;0.2500;1;1;0;0;0;0;
EBT;UF;5204508;29.0000;8;2;4;2;0;0;
EBT;UF;5204706;6.0000;6;3;3;0;0;0;
EBT;UF;5204805;0.2500;1;1;0;0;0;0;
EBT;UF;5205109;270.3750;38;6;18;8;5;1;
EBT;UF;5205406;0.0625;1;1;0;0;0;0;
EBT;UF;5205455;0.2500;1;1;0;0;0;0;
EBT;UF;5205497;0.5000;1;1;0;0;0;0;
EBT;UF;5205513;0.7500;2;2;0;0;0;0;
EBT;UF;5205802;0.2500;1;1;0;0;0;0;
EBT;UF;5205901;1.0000;1;0;1;0;0;0;
EBT;UF;5206206;110.7500;14;2;4;6;2;0;
EBT;UF;5206800;0.2500;1;1;0;0;0;0;
EBT;UF;5207808;0.2500;1;1;0;0;0;0;
EBT;UF;5208004;3.0000;2;0;2;0;0;0;
EBT;UF;5208103;0.2500;1;1;0;0;0;0;
EBT;UF;5208608;0.0625;1;1;0;0;0;0;
EBT;UF;5208707;8111.7773;781;110;465;149;34;23;
EBT;UF;5208806;6.0000;2;0;1;1;0;0;
EBT;UF;5209101;0.7500;2;2;0;0;0;0;
EBT;UF;5209804;0.2500;1;1;0;0;0;0;
EBT;UF;5209937;2.0000;1;0;1;0;0;0;
EBT;UF;5210000;8.0000;4;0;4;0;0;0;
EBT;UF;5210802;0.2500;1;1;0;0;0;0;
EBT;UF;5210901;1.0000;1;0;1;0;0;0;
EBT;UF;5211503;96.8125;35;3;25;7;0;0;
EBT;UF;5211909;111.5000;7;1;4;1;0;1;
EBT;UF;5212105;0.2500;1;1;0;0;0;0;
EBT;UF;5212303;0.2500;1;1;0;0;0;0;
EBT;UF;5212501;64.3750;40;16;21;3;0;0;
EBT;UF;5213004;0.2500;1;1;0;0;0;0;
EBT;UF;5213509;0.2500;1;1;0;0;0;0;
EBT;UF;5213756;0.2500;1;1;0;0;0;0;
EBT;UF;5213806;9.1250;12;7;5;0;0;0;
EBT;UF;5213905;0.2500;1;1;0;0;0;0;
EBT;UF;5214002;0.2500;1;1;0;0;0;0;
EBT;UF;5214408;1.0000;1;0;1;0;0;0;
EBT;UF;5214838;1.0000;1;0;1;0;0;0;
EBT;UF;5215231;9.5625;11;6;5;0;0;0;
EBT;UF;5215306;1.2500;2;1;1;0;0;0;
EBT;UF;5215504;0.2500;1;1;0;0;0;0;
EBT;UF;5216304;0.2500;1;1;0;0;0;0;
EBT;UF;5216809;1.0000;1;0;1;0;0;0;
EBT;UF;5217203;0.2500;1;1;0;0;0;0;
EBT;UF;5217401;1.0000;1;0;1;0;0;0;
EBT;UF;5217609;3.5000;3;1;2;0;0;0;
EBT;UF;5218003;72.5000;6;1;1;1;3;0;
EBT;UF;5218789;0.2500;1;1;0;0;0;0;
EBT;UF;5218805;334.3125;59;7;28;21;2;1;
EBT;UF;5219100;0.2500;1;1;0;0;0;0;
EBT;UF;5219308;2.0000;1;0;1;0;0;0;
EBT;UF;5219605;2.0000;1;0;1;0;0;0;
EBT;UF;5219753;7.0000;4;0;4;0;0;0;
EBT;UF;5219902;0.2500;1;1;0;0;0;0;
EBT;UF;5220108;0.5000;1;1;0;0;0;0;
EBT;UF;5220454;36.0000;16;2;13;1;0;0;
EBT;UF;5221403;92.3125;11;4;3;2;1;1;
EBT;UF;5221601;46.0625;12;8;1;2;1;0;
EBT;UF;5221700;0.2500;1;1;0;0;0;0;
EBT;UF;5221809;0.2500;1;1;0;0;0;0;
EBT;UF;5221858;41.3750;31;12;17;2;0;0;
EBT;UF;5300108;160550.309;3228;487;1352;872;234;283;
09;1192;
