01;CLA;IPL4;201303;
EBT;UF;1100023;227.0625;32;3;22;2;5;0;
EBT;UF;1100049;347.0000;73;14;44;12;2;1;
EBT;UF;1100106;4.0000;2;0;2;0;0;0;
EBT;UF;1100114;16.0000;8;0;8;0;0;0;
EBT;UF;1100122;825.6875;98;12;67;10;6;3;
EBT;UF;1100155;22.0000;7;0;6;1;0;0;
EBT;UF;1100189;129.8125;44;8;30;5;1;0;
EBT;UF;1100205;9045.2500;441;82;286;39;13;21;
EBT;UF;1100304;580.4375;96;15;68;6;5;2;
EBT;UF;1100924;2.0000;1;0;1;0;0;0;
EBT;UF;1200252;0.5625;4;4;0;0;0;0;
EBT;UF;1200401;3686.1875;226;38;149;26;5;8;
EBT;UF;1200450;4.0000;2;0;2;0;0;0;
EBT;UF;1301704;0.2500;1;1;0;0;0;0;
EBT;UF;1302603;6705.8125;579;77;406;50;30;16;
EBT;UF;1303403;2.2500;2;1;1;0;0;0;
EBT;UF;1400100;235.2500;55;3;34;16;2;0;
EBT;UF;1500800;7644.5000;103;5;69;18;5;6;
EBT;UF;1501303;22.0000;3;0;1;2;0;0;
EBT;UF;1501402;28415.1016;533;21;254;155;42;61;
EBT;UF;1501501;11.2500;8;4;3;1;0;0;
EBT;UF;1502202;118.0000;8;0;1;3;4;0;
EBT;UF;1502400;115.0000;28;3;19;4;2;0;
EBT;UF;1503606;6.0000;3;0;3;0;0;0;
EBT;UF;1504208;160.1250;55;19;29;4;3;0;
EBT;UF;1504422;111.6875;37;6;21;10;0;0;
EBT;UF;1505304;1.0000;1;0;1;0;0;0;
EBT;UF;1505502;88.0000;17;0;13;2;2;0;
EBT;UF;1506807;121.9375;22;9;9;2;0;2;
EBT;UF;1600303;148.0000;44;7;32;3;2;0;
EBT;UF;1700350;4.0000;3;0;3;0;0;0;
EBT;UF;1700707;21.2500;12;1;11;0;0;0;
EBT;UF;1702109;315.6250;63;13;31;16;3;0;
EBT;UF;1705508;208.0000;6;0;4;0;0;2;
EBT;UF;1709302;42.6875;8;4;2;1;1;0;
EBT;UF;1709500;172.3750;17;4;6;6;0;1;
EBT;UF;1713205;8.5625;8;3;5;0;0;0;
EBT;UF;1713304;3.0000;2;0;2;0;0;0;
EBT;UF;1714880;5.3125;5;2;3;0;0;0;
EBT;UF;1716109;11.0000;3;2;0;1;0;0;
EBT;UF;1718204;103.7500;17;4;7;4;2;0;
EBT;UF;1718402;4.0000;1;0;0;1;0;0;
EBT;UF;1721000;1324.3750;156;43;76;30;5;2;
EBT;UF;1722081;4.0000;1;0;0;1;0;0;
EBT;UF;2100055;0.2500;1;1;0;0;0;0;
EBT;UF;2100204;32.0000;1;0;0;0;1;0;
EBT;UF;2101202;90.0000;3;0;0;0;3;0;
EBT;UF;2101608;0.3750;2;2;0;0;0;0;
EBT;UF;2101707;2.0000;1;0;1;0;0;0;
EBT;UF;2103000;368.0000;10;0;5;2;1;2;
EBT;UF;2103307;155.0000;1;0;0;0;0;1;
EBT;UF;2103604;0.5000;1;1;0;0;0;0;
EBT;UF;2105302;227.2500;8;2;3;0;2;1;
EBT;UF;2105427;10.0000;2;0;1;1;0;0;
EBT;UF;2109106;0.5000;1;1;0;0;0;0;
EBT;UF;2109908;33.0000;3;2;0;0;1;0;
EBT;UF;2110302;52.0000;6;0;1;5;0;0;
EBT;UF;2111201;4.7500;3;2;0;1;0;0;
EBT;UF;2111300;1995.5000;109;15;28;47;15;4;
EBT;UF;2112209;32.0000;1;0;0;0;1;0;
EBT;UF;2112902;0.3750;2;2;0;0;0;0;
EBT;UF;2202703;32.0000;1;0;0;0;1;0;
EBT;UF;2207702;72.0000;4;0;0;2;2;0;
EBT;UF;2208403;16.0000;1;0;0;0;1;0;
EBT;UF;2211001;2651.0625;166;4;48;64;46;4;
EBT;UF;2300309;6.0000;1;0;0;1;0;0;
EBT;UF;2301000;15.0000;4;0;3;1;0;0;
EBT;UF;2301109;32.0000;3;0;0;2;1;0;
EBT;UF;2301901;28.6250;7;3;0;4;0;0;
EBT;UF;2302503;20.0000;2;0;0;2;0;0;
EBT;UF;2303709;7.0000;4;0;4;0;0;0;
EBT;UF;2303808;10.0000;1;0;0;1;0;0;
EBT;UF;2304103;0.2500;1;1;0;0;0;0;
EBT;UF;2304202;35.0000;2;0;1;0;1;0;
EBT;UF;2304285;159.5000;15;1;7;4;2;1;
EBT;UF;2304400;6907.8125;155;12;50;46;21;26;
EBT;UF;2305233;56.0625;6;1;2;2;1;0;
EBT;UF;2305506;32.0000;2;0;0;1;1;0;
EBT;UF;2306256;0.5000;1;1;0;0;0;0;
EBT;UF;2306405;54.0000;3;0;0;2;1;0;
EBT;UF;2307304;53.0000;6;0;3;2;1;0;
EBT;UF;2307601;70.0000;4;0;0;2;2;0;
EBT;UF;2307650;36.2500;14;1;10;3;0;0;
EBT;UF;2308104;8.0000;1;0;0;1;0;0;
EBT;UF;2308302;16.0000;1;0;0;0;1;0;
EBT;UF;2309607;90.0000;2;0;0;0;1;1;
EBT;UF;2310704;1.0000;1;0;1;0;0;0;
EBT;UF;2311306;48.0000;3;0;0;1;2;0;
EBT;UF;2311801;10.3750;9;4;5;0;0;0;
EBT;UF;2312403;1.0000;1;0;1;0;0;0;
EBT;UF;2312908;296.6250;16;3;1;7;3;2;
EBT;UF;2313302;0.6875;3;3;0;0;0;0;
EBT;UF;2313401;127.0000;5;0;1;1;2;1;
EBT;UF;2400109;54.0000;3;0;0;1;2;0;
EBT;UF;2400802;20.5000;3;1;0;2;0;0;
EBT;UF;2403251;272.2500;29;3;16;9;0;1;
EBT;UF;2407104;23.0000;8;0;7;1;0;0;
EBT;UF;2407401;26.0000;2;0;0;1;1;0;
EBT;UF;2408003;593.5625;32;5;16;4;4;3;
EBT;UF;2408102;3523.5000;93;13;19;38;10;13;
EBT;UF;2409332;4.0000;1;0;0;1;0;0;
EBT;UF;2412005;4.0000;2;0;2;0;0;0;
EBT;UF;2501807;25.0000;3;0;1;2;0;0;
EBT;UF;2503209;192.2500;17;1;8;6;1;1;
EBT;UF;2504009;783.0000;38;3;7;21;4;3;
EBT;UF;2506301;42.0000;2;0;0;1;1;0;
EBT;UF;2506905;48.0000;2;0;0;0;2;0;
EBT;UF;2507507;3704.5625;115;5;37;46;19;8;
EBT;UF;2510808;197.0000;3;0;0;1;1;1;
EBT;UF;2516201;2.0000;1;0;1;0;0;0;
EBT;UF;2600054;177.3750;16;5;9;1;0;1;
EBT;UF;2600104;22.0000;1;0;0;0;1;0;
EBT;UF;2601102;18.0000;1;0;0;0;1;0;
EBT;UF;2601201;48.0000;3;0;0;1;2;0;
EBT;UF;2601706;120.0000;4;0;0;0;4;0;
EBT;UF;2601904;22.0000;1;0;0;0;1;0;
EBT;UF;2602902;402.7500;20;5;10;1;2;2;
EBT;UF;2603454;1.0000;1;0;1;0;0;0;
EBT;UF;2604007;1.0000;1;0;1;0;0;0;
EBT;UF;2604106;144.6250;24;4;12;6;2;0;
EBT;UF;2605103;22.0000;1;0;0;0;1;0;
EBT;UF;2606002;20.0000;2;0;0;2;0;0;
EBT;UF;2606408;127.8750;5;3;1;0;0;1;
EBT;UF;2606804;1.0000;1;0;1;0;0;0;
EBT;UF;2607208;29.2500;9;1;4;4;0;0;
EBT;UF;2607901;303.2500;30;5;15;7;2;1;
EBT;UF;2608909;0.2500;1;1;0;0;0;0;
EBT;UF;2609600;158.2500;23;4;12;4;3;0;
EBT;UF;2610707;258.3750;40;5;30;3;1;1;
EBT;UF;2610905;68.0000;2;0;0;0;2;0;
EBT;UF;2611606;12280.4375;282;17;109;67;45;44;
EBT;UF;2612208;10.0000;1;0;0;1;0;0;
EBT;UF;2613909;54.3750;20;15;2;1;2;0;
EBT;UF;2700300;233.0625;21;1;9;10;0;1;
EBT;UF;2704302;2290.1250;155;25;45;66;10;9;
EBT;UF;2704708;2.0000;1;0;1;0;0;0;
EBT;UF;2706307;2.0000;1;0;1;0;0;0;
EBT;UF;2707701;714.8633;8;1;4;0;0;3;
EBT;UF;2800308;3740.1875;200;31;83;64;7;15;
EBT;UF;2800670;0.5000;3;3;0;0;0;0;
EBT;UF;2802106;10.0000;1;0;0;1;0;0;
EBT;UF;2804805;423.1250;49;6;27;13;1;2;
EBT;UF;2805703;34.0000;1;0;0;0;1;0;
EBT;UF;2806701;72.5625;13;3;6;3;1;0;
EBT;UF;2900702;98.0000;11;0;4;5;2;0;
EBT;UF;2903201;6.0000;2;0;1;1;0;0;
EBT;UF;2904605;47.0000;4;0;2;1;0;1;
EBT;UF;2904704;2.0000;1;0;1;0;0;0;
EBT;UF;2905602;130.0000;5;0;2;1;1;1;
EBT;UF;2905701;321.8750;53;3;32;15;2;1;
EBT;UF;2906501;731.0000;15;0;5;4;2;4;
EBT;UF;2906709;2.0000;1;0;1;0;0;0;
EBT;UF;2909802;38.0000;3;0;0;2;1;0;
EBT;UF;2910727;332.8125;20;3;11;3;1;2;
EBT;UF;2910800;2513.1875;109;12;47;32;8;10;
EBT;UF;2912103;4.0000;1;0;0;1;0;0;
EBT;UF;2913606;466.0000;41;0;19;15;5;2;
EBT;UF;2914653;12.0000;2;0;1;1;0;0;
EBT;UF;2914802;1159.3750;46;7;23;10;3;3;
EBT;UF;2914901;106.0000;3;0;0;1;1;1;
EBT;UF;2915304;2.0000;1;0;1;0;0;0;
EBT;UF;2915601;4.0000;2;0;2;0;0;0;
EBT;UF;2915809;12.0000;2;0;1;1;0;0;
EBT;UF;2916302;2.0000;1;0;1;0;0;0;
EBT;UF;2916401;152.1875;7;2;1;1;2;1;
EBT;UF;2917102;2.0000;1;0;1;0;0;0;
EBT;UF;2917508;100.0000;1;0;0;0;0;1;
EBT;UF;2918001;51.7500;16;3;9;4;0;0;
EBT;UF;2918407;4.0000;2;0;2;0;0;0;
EBT;UF;2919207;648.0000;39;0;21;14;1;3;
EBT;UF;2920601;18.0000;2;0;0;2;0;0;
EBT;UF;2921005;20.2500;3;1;0;2;0;0;
EBT;UF;2921302;10.0000;2;0;0;2;0;0;
EBT;UF;2924009;47.1250;8;1;4;2;1;0;
EBT;UF;2925006;4.0000;2;0;2;0;0;0;
EBT;UF;2925105;10.0000;1;0;0;1;0;0;
EBT;UF;2925303;376.0000;17;0;8;2;5;2;
EBT;UF;2927408;29259.6250;651;95;244;215;43;54;
EBT;UF;2928703;166.0000;4;0;1;0;2;1;
EBT;UF;2929206;0.0625;1;1;0;0;0;0;
EBT;UF;2930105;14.5000;4;1;2;1;0;0;
EBT;UF;2930709;102.0000;27;2;16;9;0;0;
EBT;UF;2931350;1994.0625;24;4;10;2;3;5;
EBT;UF;2932507;32.0000;1;0;0;0;1;0;
EBT;UF;2932903;2.0000;6;6;0;0;0;0;
EBT;UF;2933307;751.3125;47;5;21;15;3;3;
EBT;UF;3100302;2.0000;1;0;1;0;0;0;
EBT;UF;3101508;256.0000;8;0;0;0;8;0;
EBT;UF;3101607;30.8125;26;10;15;1;0;0;
EBT;UF;3101904;2.0000;1;0;1;0;0;0;
EBT;UF;3103504;9.6250;7;2;5;0;0;0;
EBT;UF;3104007;24.0000;20;8;12;0;0;0;
EBT;UF;3104205;12.0000;6;0;6;0;0;0;
EBT;UF;3104908;4.0000;2;0;2;0;0;0;
EBT;UF;3105608;227.5000;15;1;5;2;7;0;
EBT;UF;3106200;59443.7773;1529;266;834;178;148;103;
EBT;UF;3106309;42.0625;4;1;1;1;1;0;
EBT;UF;3106705;1941.1250;182;48;93;13;24;4;
EBT;UF;3107109;2.0000;1;0;1;0;0;0;
EBT;UF;3107406;1.0000;1;0;1;0;0;0;
EBT;UF;3108404;2.0000;1;0;1;0;0;0;
EBT;UF;3108909;2.2500;2;1;1;0;0;0;
EBT;UF;3109303;2.0000;1;0;1;0;0;0;
EBT;UF;3109501;2.0000;1;0;1;0;0;0;
EBT;UF;3109709;2.0000;1;0;1;0;0;0;
EBT;UF;3110004;2.0000;1;0;1;0;0;0;
EBT;UF;3110509;5.0000;3;0;3;0;0;0;
EBT;UF;3110608;3.0000;2;0;2;0;0;0;
EBT;UF;3110707;4.0000;2;0;2;0;0;0;
EBT;UF;3111606;2.0000;1;0;1;0;0;0;
EBT;UF;3113206;64.0000;2;0;0;0;2;0;
EBT;UF;3113404;22.0000;3;0;1;2;0;0;
EBT;UF;3114303;2.0000;1;0;1;0;0;0;
EBT;UF;3114501;2.0000;1;0;1;0;0;0;
EBT;UF;3115300;402.0000;8;0;1;3;2;2;
EBT;UF;3115508;8.1250;5;1;4;0;0;0;
EBT;UF;3117876;10.0000;1;0;0;1;0;0;
EBT;UF;3118007;8.8125;7;3;4;0;0;0;
EBT;UF;3118304;45.3750;13;5;7;0;1;0;
EBT;UF;3118601;2603.9375;277;50;146;38;35;8;
EBT;UF;3119401;34.5000;4;1;2;0;1;0;
EBT;UF;3120904;32.0000;16;0;16;0;0;0;
EBT;UF;3122306;893.8750;34;6;17;4;2;5;
EBT;UF;3123601;2.0000;1;0;1;0;0;0;
EBT;UF;3123908;2.0000;1;0;1;0;0;0;
EBT;UF;3125101;14.5000;8;1;7;0;0;0;
EBT;UF;3126109;4.0000;2;0;2;0;0;0;
EBT;UF;3127008;4.0000;2;0;2;0;0;0;
EBT;UF;3127701;1499.7500;50;4;27;4;10;5;
EBT;UF;3128709;8.0000;1;0;0;1;0;0;
EBT;UF;3129509;2.0000;1;0;1;0;0;0;
EBT;UF;3129806;42.5000;7;1;5;0;1;0;
EBT;UF;3130101;2.0000;1;0;1;0;0;0;
EBT;UF;3130309;2.0000;1;0;1;0;0;0;
EBT;UF;3131307;535.1250;57;13;27;5;11;1;
EBT;UF;3131703;384.5000;34;15;15;1;1;2;
EBT;UF;3132206;4.0000;2;0;2;0;0;0;
EBT;UF;3132404;399.8750;60;19;29;4;7;1;
EBT;UF;3133006;6.0000;3;0;3;0;0;0;
EBT;UF;3133808;95.7500;18;2;11;4;1;0;
EBT;UF;3134202;21.5000;12;1;11;0;0;0;
EBT;UF;3135209;2.0000;1;0;1;0;0;0;
EBT;UF;3135407;4.1250;3;1;2;0;0;0;
EBT;UF;3135506;2.0000;1;0;1;0;0;0;
EBT;UF;3136207;21.0000;18;7;11;0;0;0;
EBT;UF;3136306;8.0000;4;0;4;0;0;0;
EBT;UF;3136702;4579.8125;104;10;43;13;20;18;
EBT;UF;3137205;98.0000;7;0;2;3;2;0;
EBT;UF;3137601;54.2500;16;5;9;1;1;0;
EBT;UF;3138203;303.5000;47;15;24;5;1;2;
EBT;UF;3138401;189.0000;3;0;1;0;1;1;
EBT;UF;3138609;98.0000;4;0;1;0;3;0;
EBT;UF;3138807;2.0000;1;0;1;0;0;0;
EBT;UF;3139003;32.0000;1;0;0;0;1;0;
EBT;UF;3140001;64.0000;2;0;0;0;2;0;
EBT;UF;3140803;62.0000;8;0;4;3;1;0;
EBT;UF;3141405;38.0000;4;0;3;0;1;0;
EBT;UF;3143302;2210.4375;89;9;32;8;32;8;
EBT;UF;3143906;342.0000;4;0;0;1;1;2;
EBT;UF;3144805;710.5625;58;5;32;10;9;2;
EBT;UF;3145208;2.0000;1;0;1;0;0;0;
EBT;UF;3145604;6.2500;4;1;3;0;0;0;
EBT;UF;3145901;4.0000;2;0;2;0;0;0;
EBT;UF;3146107;6.5625;5;2;3;0;0;0;
EBT;UF;3146305;4.0000;2;0;2;0;0;0;
EBT;UF;3147006;29.2500;7;1;5;0;1;0;
EBT;UF;3147105;19.0625;10;1;8;1;0;0;
EBT;UF;3147402;134.0000;2;0;0;0;1;1;
EBT;UF;3147600;2.0000;1;0;1;0;0;0;
EBT;UF;3147907;156.7500;21;7;9;3;1;1;
EBT;UF;3148004;8.1250;6;2;4;0;0;0;
EBT;UF;3148103;2.0000;1;0;1;0;0;0;
EBT;UF;3149101;2.0000;1;0;1;0;0;0;
EBT;UF;3149309;64.6250;21;8;10;2;1;0;
EBT;UF;3149903;263.0000;5;0;2;1;0;2;
EBT;UF;3151206;128.0000;4;0;0;0;4;0;
EBT;UF;3151404;4.0000;2;0;2;0;0;0;
EBT;UF;3151800;86.0625;47;11;32;4;0;0;
EBT;UF;3152105;20.0000;2;0;0;2;0;0;
EBT;UF;3152501;141.5625;47;17;21;7;2;0;
EBT;UF;3154101;32.0000;1;0;0;0;1;0;
EBT;UF;3154200;32.0000;1;0;0;0;1;0;
EBT;UF;3154606;107.6875;37;14;21;0;2;0;
EBT;UF;3155504;2.0000;1;0;1;0;0;0;
EBT;UF;3156700;11.7500;8;2;6;0;0;0;
EBT;UF;3157807;162.6250;42;15;21;3;3;0;
EBT;UF;3160405;2.0000;1;0;1;0;0;0;
EBT;UF;3160702;12.0000;2;0;1;1;0;0;
EBT;UF;3162104;16.0000;4;0;3;1;0;0;
EBT;UF;3162401;2.0000;1;0;1;0;0;0;
EBT;UF;3162500;397.4375;47;16;20;2;8;1;
EBT;UF;3162708;2.0000;1;0;1;0;0;0;
EBT;UF;3162955;0.2500;1;1;0;0;0;0;
EBT;UF;3163706;64.5000;15;4;9;0;2;0;
EBT;UF;3164704;46.1250;38;15;23;0;0;0;
EBT;UF;3165701;64.0000;2;0;0;0;2;0;
EBT;UF;3166907;8.0000;1;0;0;1;0;0;
EBT;UF;3167202;175.9375;42;4;31;4;3;0;
EBT;UF;3168606;308.2500;19;3;6;1;9;0;
EBT;UF;3168705;396.0625;29;4;9;5;11;0;
EBT;UF;3169307;132.7500;39;20;15;1;3;0;
EBT;UF;3169356;2.0000;1;0;1;0;0;0;
EBT;UF;3169406;2.2500;2;1;1;0;0;0;
EBT;UF;3169901;142.0000;3;0;0;1;1;1;
EBT;UF;3170107;196.0625;70;18;45;5;2;0;
EBT;UF;3170206;3998.9375;235;73;104;21;17;20;
EBT;UF;3170404;53.5000;29;1;28;0;0;0;
EBT;UF;3170701;2323.6875;58;7;29;5;6;11;
EBT;UF;3170800;160.0000;5;0;0;0;5;0;
EBT;UF;3171204;66.2500;26;4;19;2;1;0;
EBT;UF;3171303;81.0000;7;0;4;1;2;0;
EBT;UF;3172004;160.0000;5;0;0;0;5;0;
EBT;UF;3200201;14.0000;2;0;1;1;0;0;
EBT;UF;3200409;34.0000;1;0;0;0;1;0;
EBT;UF;3200607;7.0000;4;0;4;0;0;0;
EBT;UF;3200805;82.0000;6;0;1;2;3;0;
EBT;UF;3200904;16.0000;3;0;1;2;0;0;
EBT;UF;3201209;373.5000;23;2;13;1;5;2;
EBT;UF;3201308;493.7500;53;5;32;11;2;3;
EBT;UF;3201506;519.4375;36;5;25;3;1;2;
EBT;UF;3201902;4.3125;6;4;2;0;0;0;
EBT;UF;3202108;2.0000;1;0;1;0;0;0;
EBT;UF;3202306;3.4375;7;6;1;0;0;0;
EBT;UF;3202405;395.0000;9;2;3;0;1;3;
EBT;UF;3202504;174.3750;9;3;3;0;2;1;
EBT;UF;3202603;2.0000;1;0;1;0;0;0;
EBT;UF;3202801;101.0000;7;6;0;0;0;1;
EBT;UF;3202900;36.0000;2;0;1;0;1;0;
EBT;UF;3203205;327.6250;28;6;12;6;2;2;
EBT;UF;3203320;1.6250;4;3;1;0;0;0;
EBT;UF;3203346;20.0000;2;0;0;2;0;0;
EBT;UF;3203353;2.0000;1;0;1;0;0;0;
EBT;UF;3203502;10.0000;1;0;0;1;0;0;
EBT;UF;3203700;8.0000;4;0;4;0;0;0;
EBT;UF;3203908;2.0000;1;0;1;0;0;0;
EBT;UF;3204054;2.0000;1;0;1;0;0;0;
EBT;UF;3204104;96.0000;3;0;1;0;1;1;
EBT;UF;3204203;128.1250;3;2;0;0;0;1;
EBT;UF;3204302;2.0000;1;0;1;0;0;0;
EBT;UF;3204351;4.0000;2;0;2;0;0;0;
EBT;UF;3204401;30.0000;2;0;0;1;1;0;
EBT;UF;3204559;2.0000;1;0;1;0;0;0;
EBT;UF;3204609;80.0000;5;0;2;1;2;0;
EBT;UF;3204708;4.0000;2;0;2;0;0;0;
EBT;UF;3204906;683.5000;17;2;4;2;5;4;
EBT;UF;3205002;2052.8125;133;18;54;38;13;10;
EBT;UF;3205069;9.1875;11;7;4;0;0;0;
EBT;UF;3205101;150.0625;15;1;9;4;0;1;
EBT;UF;3205200;2388.0000;71;9;26;23;5;8;
EBT;UF;3205309;49729.5625;169;20;22;48;24;55;
EBT;UF;3300100;114.7500;15;3;6;4;2;0;
EBT;UF;3300209;10.0000;3;0;1;2;0;0;
EBT;UF;3300258;2.0000;1;0;1;0;0;0;
EBT;UF;3300308;14.5000;5;2;2;1;0;0;
EBT;UF;3300407;34.2500;9;1;6;2;0;0;
EBT;UF;3300456;39.6250;20;4;15;1;0;0;
EBT;UF;3300704;20.0000;7;0;6;1;0;0;
EBT;UF;3300803;4.0000;2;0;2;0;0;0;
EBT;UF;3301009;172.6250;33;13;13;3;4;0;
EBT;UF;3301108;2.0000;1;0;1;0;0;0;
EBT;UF;3301306;2.5000;3;2;1;0;0;0;
EBT;UF;3301702;3245.8125;69;11;35;7;2;14;
EBT;UF;3301900;2580.5000;8;1;4;2;0;1;
EBT;UF;3302007;8.0000;6;2;4;0;0;0;
EBT;UF;3302205;18.5000;10;1;9;0;0;0;
EBT;UF;3302254;151.0000;13;0;7;4;1;1;
EBT;UF;3302403;2041.3750;181;9;74;70;22;6;
EBT;UF;3302502;4.0000;2;0;2;0;0;0;
EBT;UF;3302700;2.0000;1;0;1;0;0;0;
EBT;UF;3302858;45.6250;6;2;3;0;0;1;
EBT;UF;3303203;13.5000;11;4;7;0;0;0;
EBT;UF;3303302;3316.1250;184;12;141;15;8;8;
EBT;UF;3303401;10.0000;1;0;0;1;0;0;
EBT;UF;3303500;230.8281;38;6;27;4;0;1;
EBT;UF;3303609;1.0000;1;0;1;0;0;0;
EBT;UF;3303807;2.0000;1;0;1;0;0;0;
EBT;UF;3303906;720.4883;46;6;31;3;4;2;
EBT;UF;3304003;1.5000;2;1;1;0;0;0;
EBT;UF;3304110;1038.8750;33;6;10;8;1;8;
EBT;UF;3304144;6.0000;3;0;3;0;0;0;
EBT;UF;3304201;446.2500;30;1;17;6;4;2;
EBT;UF;3304300;1.5000;2;1;1;0;0;0;
EBT;UF;3304524;181.2500;35;5;18;11;1;0;
EBT;UF;3304557;312083.156;4775;255;2670;1072;288;490;
EBT;UF;3304706;1.0000;1;0;1;0;0;0;
EBT;UF;3304904;177.1250;72;13;50;9;0;0;
EBT;UF;3305000;34.2500;11;1;9;0;1;0;
EBT;UF;3305109;118.5625;38;4;27;7;0;0;
EBT;UF;3305208;5.5000;5;3;2;0;0;0;
EBT;UF;3305505;0.5000;1;1;0;0;0;0;
EBT;UF;3305554;499.0000;4;0;0;0;1;3;
EBT;UF;3305802;48.3750;11;2;8;0;1;0;
EBT;UF;3306008;130.0000;17;0;8;7;2;0;
EBT;UF;3306305;639.0000;31;2;14;5;7;3;
EBT;UF;3501004;0.2500;1;1;0;0;0;0;
EBT;UF;3501152;2.0000;1;0;1;0;0;0;
EBT;UF;3501608;3034.2500;106;19;62;5;2;18;
EBT;UF;3501707;310.0000;2;0;0;0;0;2;
EBT;UF;3502101;624.0000;2;0;1;0;0;1;
EBT;UF;3502804;169.5000;5;1;2;1;0;1;
EBT;UF;3503000;2.5000;2;1;1;0;0;0;
EBT;UF;3503208;3821.0000;76;10;30;9;4;23;
EBT;UF;3503307;13.0000;10;3;7;0;0;0;
EBT;UF;3504008;322.3750;7;2;2;1;0;2;
EBT;UF;3504107;20.5000;13;3;10;0;0;0;
EBT;UF;3505302;4.0000;2;0;2;0;0;0;
EBT;UF;3505500;320.0000;3;0;0;1;0;2;
EBT;UF;3505708;32954.4688;344;32;130;47;33;102;
EBT;UF;3505906;1.7598;5;4;1;0;0;0;
EBT;UF;3506003;12908.5000;158;7;49;23;6;73;
EBT;UF;3506102;1466.6250;35;9;13;3;1;9;
EBT;UF;3506359;3.2500;5;4;1;0;0;0;
EBT;UF;3507506;1295.0000;20;0;10;1;1;8;
EBT;UF;3507605;1349.0000;24;8;2;4;2;8;
EBT;UF;3507803;2.2500;2;1;1;0;0;0;
EBT;UF;3508207;2.5000;2;1;1;0;0;0;
EBT;UF;3508405;4.5000;4;1;3;0;0;0;
EBT;UF;3508504;128.2500;3;1;1;0;0;1;
EBT;UF;3508603;1342.0000;4;0;0;1;0;3;
EBT;UF;3509205;511.7500;31;7;20;1;0;3;
EBT;UF;3509254;155.2500;2;1;0;0;0;1;
EBT;UF;3509403;1.5000;3;2;1;0;0;0;
EBT;UF;3509502;34435.3242;339;40;136;30;16;117;
EBT;UF;3509700;0.6875;3;3;0;0;0;0;
EBT;UF;3510005;0.7500;2;2;0;0;0;0;
EBT;UF;3510500;342.0000;3;0;0;0;1;2;
EBT;UF;3511102;339.0000;7;0;3;2;0;2;
EBT;UF;3512803;2.0625;2;1;1;0;0;0;
EBT;UF;3513009;294.3750;39;8;25;3;1;2;
EBT;UF;3513405;0.5000;1;1;0;0;0;0;
EBT;UF;3513504;902.1250;23;3;9;4;2;5;
EBT;UF;3513702;1.5625;6;6;0;0;0;0;
EBT;UF;3513801;2721.3438;196;28;138;13;2;15;
EBT;UF;3515186;2.2500;2;1;1;0;0;0;
EBT;UF;3516200;2269.0098;42;15;10;1;2;14;
EBT;UF;3516705;7.2500;5;1;4;0;0;0;
EBT;UF;3517406;1.2646;4;3;1;0;0;0;
EBT;UF;3517703;3.7686;5;3;2;0;0;0;
EBT;UF;3518305;155.0000;1;0;0;0;0;1;
EBT;UF;3518404;3.0000;2;0;2;0;0;0;
EBT;UF;3518701;440.0000;49;14;28;4;1;2;
EBT;UF;3518800;1086.3750;263;58;184;13;3;5;
EBT;UF;3519071;4906.1250;46;5;12;3;5;21;
EBT;UF;3520103;0.5000;1;1;0;0;0;0;
EBT;UF;3520509;2274.0625;43;7;15;7;0;14;
EBT;UF;3521002;4.0000;2;0;2;0;0;0;
EBT;UF;3521309;1.2686;3;2;1;0;0;0;
EBT;UF;3522109;0.2500;1;1;0;0;0;0;
EBT;UF;3522307;754.5000;7;1;0;0;1;5;
EBT;UF;3522505;8.0000;1;0;0;1;0;0;
EBT;UF;3522604;2.5625;4;3;1;0;0;0;
EBT;UF;3523107;166.5000;13;7;5;0;0;1;
EBT;UF;3523909;2172.7500;48;7;19;5;3;14;
EBT;UF;3524006;0.1250;1;1;0;0;0;0;
EBT;UF;3524105;5.7500;9;6;3;0;0;0;
EBT;UF;3524402;182.5625;42;9;29;3;0;1;
EBT;UF;3524709;469.2500;9;4;2;0;0;3;
EBT;UF;3525003;157.0000;2;0;1;0;0;1;
EBT;UF;3525102;5.2500;7;3;4;0;0;0;
EBT;UF;3525300;2463.2500;48;1;26;4;2;15;
EBT;UF;3525904;6529.7500;126;19;62;11;3;31;
EBT;UF;3526803;1292.0000;12;0;2;0;2;8;
EBT;UF;3526902;2266.5625;43;6;18;4;1;14;
EBT;UF;3527108;2390.5000;33;9;4;5;0;15;
EBT;UF;3527306;344.0000;3;0;0;0;1;2;
EBT;UF;3527405;155.0000;1;0;0;0;0;1;
EBT;UF;3528403;4.7500;4;2;2;0;0;0;
EBT;UF;3528502;3.2500;4;3;1;0;0;0;
EBT;UF;3529005;3084.6250;79;12;34;11;3;19;
EBT;UF;3529302;163.0000;2;0;0;1;0;1;
EBT;UF;3529401;1788.2500;121;27;73;8;2;11;
EBT;UF;3529708;3.7500;4;2;2;0;0;0;
EBT;UF;3530300;465.0000;3;0;0;0;0;3;
EBT;UF;3530508;3.0000;4;3;1;0;0;0;
EBT;UF;3530607;2973.3750;168;45;106;7;3;7;
EBT;UF;3530706;42.0000;27;5;22;0;0;0;
EBT;UF;3530805;170.2500;10;1;8;0;0;1;
EBT;UF;3531100;4.3750;4;2;2;0;0;0;
EBT;UF;3531902;3.5000;6;4;2;0;0;0;
EBT;UF;3533403;6.0000;5;2;3;0;0;0;
EBT;UF;3534401;4753.0098;57;4;21;11;2;19;
EBT;UF;3534708;1452.5000;25;1;7;5;2;10;
EBT;UF;3536703;1.0000;1;0;1;0;0;0;
EBT;UF;3537404;3.0625;5;4;1;0;0;0;
EBT;UF;3538006;132.0000;10;2;4;3;0;1;
EBT;UF;3538709;2118.1094;62;16;29;4;0;13;
EBT;UF;3539301;8.8125;7;3;4;0;0;0;
EBT;UF;3539806;1146.2500;40;1;0;1;32;6;
EBT;UF;3540705;10.0000;1;0;0;1;0;0;
EBT;UF;3541000;15.7500;16;7;9;0;0;0;
EBT;UF;3541406;2460.5625;62;8;29;6;4;15;
EBT;UF;3541505;16.0000;1;0;0;0;1;0;
EBT;UF;3543303;14.7500;10;2;8;0;0;0;
EBT;UF;3543402;12695.0703;242;9;104;50;5;74;
EBT;UF;3543907;1312.8311;52;11;32;1;0;8;
EBT;UF;3544004;2.2500;4;3;1;0;0;0;
EBT;UF;3544103;5.0000;3;0;3;0;0;0;
EBT;UF;3544202;2.0000;1;0;1;0;0;0;
EBT;UF;3545209;324.0000;7;0;4;1;0;2;
EBT;UF;3545803;41.2500;19;1;17;1;0;0;
EBT;UF;3546405;11.0000;3;2;0;1;0;0;
EBT;UF;3547304;7927.1250;32;1;9;6;3;13;
EBT;UF;3547809;14833.0625;278;69;137;19;2;51;
EBT;UF;3548500;9043.7500;211;22;102;43;4;40;
EBT;UF;3548708;12304.4375;440;99;228;29;26;58;
EBT;UF;3548807;6776.0625;91;14;54;7;3;13;
EBT;UF;3548906;3010.6250;34;3;10;11;0;10;
EBT;UF;3549409;2.1250;6;5;1;0;0;0;
EBT;UF;3549805;3612.0000;52;0;10;17;2;23;
EBT;UF;3549904;7473.4219;219;46;114;34;3;22;
EBT;UF;3550100;2.2500;4;3;1;0;0;0;
EBT;UF;3550308;347045.525;6677;800;3577;784;255;1261;
EBT;UF;3551009;1903.3125;80;23;42;9;0;6;
EBT;UF;3551702;577.0000;6;0;1;1;0;4;
EBT;UF;3552205;10902.2500;168;9;69;17;13;60;
EBT;UF;3552403;18.0000;12;3;9;0;0;0;
EBT;UF;3552502;27.7500;22;9;13;0;0;0;
EBT;UF;3552809;5967.0000;25;0;12;5;1;7;
EBT;UF;3554102;1668.0625;76;17;38;9;0;12;
EBT;UF;3554508;9.0000;4;0;3;1;0;0;
EBT;UF;3555000;2.0000;1;0;1;0;0;0;
EBT;UF;3555406;0.5000;1;1;0;0;0;0;
EBT;UF;3556206;364.0000;21;5;12;1;1;2;
EBT;UF;3556701;342.0000;3;0;0;0;1;2;
EBT;UF;3557006;472.0000;7;0;4;0;0;3;
EBT;UF;3557303;0.2500;1;1;0;0;0;0;
EBT;UF;4100400;12.7500;9;3;5;1;0;0;
EBT;UF;4100509;1.0000;1;0;1;0;0;0;
EBT;UF;4100608;1.0000;1;0;1;0;0;0;
EBT;UF;4100707;1.0000;1;0;1;0;0;0;
EBT;UF;4100806;1.0000;1;0;1;0;0;0;
EBT;UF;4100905;0.2500;1;1;0;0;0;0;
EBT;UF;4101101;9.7500;8;2;6;0;0;0;
EBT;UF;4101408;101.3125;22;4;13;4;1;0;
EBT;UF;4101507;52.5000;9;2;2;5;0;0;
EBT;UF;4101606;1.0000;1;0;1;0;0;0;
EBT;UF;4101705;1.0000;1;0;1;0;0;0;
EBT;UF;4101804;235.5625;103;35;58;9;1;0;
EBT;UF;4101903;1.0000;1;0;1;0;0;0;
EBT;UF;4102000;1.0000;1;0;1;0;0;0;
EBT;UF;4102109;1.0000;1;0;1;0;0;0;
EBT;UF;4102307;7.5000;5;1;4;0;0;0;
EBT;UF;4102406;1.1875;5;5;0;0;0;0;
EBT;UF;4102505;1.0000;1;0;1;0;0;0;
EBT;UF;4102802;1.2500;2;1;1;0;0;0;
EBT;UF;4102901;1.0000;1;0;1;0;0;0;
EBT;UF;4103206;0.2500;1;1;0;0;0;0;
EBT;UF;4103354;0.2500;1;1;0;0;0;0;
EBT;UF;4103602;2.0000;1;0;1;0;0;0;
EBT;UF;4103701;43.0000;39;18;20;1;0;0;
EBT;UF;4103800;0.2500;1;1;0;0;0;0;
EBT;UF;4104006;2.2500;3;1;2;0;0;0;
EBT;UF;4104204;69.2500;20;1;14;5;0;0;
EBT;UF;4104253;4.2500;4;1;3;0;0;0;
EBT;UF;4104428;9.2500;3;1;1;1;0;0;
EBT;UF;4104501;1.2500;2;1;1;0;0;0;
EBT;UF;4104709;2.0000;1;0;1;0;0;0;
EBT;UF;4104808;256.2500;107;37;59;10;1;0;
EBT;UF;4104907;8.7500;23;20;3;0;0;0;
EBT;UF;4105102;1.0000;1;0;1;0;0;0;
EBT;UF;4105409;3.1250;3;1;2;0;0;0;
EBT;UF;4105508;80.8750;28;9;14;5;0;0;
EBT;UF;4105706;1.0000;1;0;1;0;0;0;
EBT;UF;4105805;200.5000;34;16;15;1;1;1;
EBT;UF;4105904;1.0000;1;0;1;0;0;0;
EBT;UF;4106001;0.2500;1;1;0;0;0;0;
EBT;UF;4106209;1.0000;1;0;1;0;0;0;
EBT;UF;4106308;1.0000;1;0;1;0;0;0;
EBT;UF;4106407;14.7500;7;5;0;2;0;0;
EBT;UF;4106506;1.3125;3;2;1;0;0;0;
EBT;UF;4106605;1.0000;1;0;1;0;0;0;
EBT;UF;4106902;22820.8125;1304;246;656;262;95;45;
EBT;UF;4107009;1.0000;1;0;1;0;0;0;
EBT;UF;4107108;0.2500;1;1;0;0;0;0;
EBT;UF;4107207;14.2500;6;2;3;1;0;0;
EBT;UF;4107256;12.0000;1;0;0;1;0;0;
EBT;UF;4107306;0.2500;1;1;0;0;0;0;
EBT;UF;4107538;1.0000;1;0;1;0;0;0;
EBT;UF;4107603;2.0000;2;0;2;0;0;0;
EBT;UF;4107652;316.6875;9;4;3;0;0;2;
EBT;UF;4107736;2.0000;1;0;1;0;0;0;
EBT;UF;4107801;0.2500;1;1;0;0;0;0;
EBT;UF;4108007;1.2500;2;1;1;0;0;0;
EBT;UF;4108205;1.0000;1;0;1;0;0;0;
EBT;UF;4108304;323.3750;110;51;53;2;3;1;
EBT;UF;4108320;0.2500;1;1;0;0;0;0;
EBT;UF;4108403;23.5625;15;7;7;1;0;0;
EBT;UF;4108601;3.5625;7;5;2;0;0;0;
EBT;UF;4108700;1.0000;1;0;1;0;0;0;
EBT;UF;4108809;6.0000;6;2;4;0;0;0;
EBT;UF;4109302;1.0000;1;0;1;0;0;0;
EBT;UF;4109401;14.8750;12;6;5;1;0;0;
EBT;UF;4109500;2.0000;1;0;1;0;0;0;
EBT;UF;4109609;9.0000;5;0;5;0;0;0;
EBT;UF;4109708;1.0000;1;0;1;0;0;0;
EBT;UF;4109807;7.8750;18;13;5;0;0;0;
EBT;UF;4110607;1.0000;1;0;1;0;0;0;
EBT;UF;4110706;11.2500;25;21;4;0;0;0;
EBT;UF;4110953;1.0000;1;0;1;0;0;0;
EBT;UF;4111506;1.2500;2;1;1;0;0;0;
EBT;UF;4111803;0.5000;1;1;0;0;0;0;
EBT;UF;4112009;1.0000;1;0;1;0;0;0;
EBT;UF;4112108;0.3750;3;3;0;0;0;0;
EBT;UF;4112504;1.0000;1;0;1;0;0;0;
EBT;UF;4112702;1.2500;2;1;1;0;0;0;
EBT;UF;4112801;1.0000;1;0;1;0;0;0;
EBT;UF;4113205;1.0625;2;1;1;0;0;0;
EBT;UF;4113304;1.7500;3;2;1;0;0;0;
EBT;UF;4113502;1.0000;1;0;1;0;0;0;
EBT;UF;4113601;14.0000;4;0;3;1;0;0;
EBT;UF;4113700;2248.9375;185;67;73;37;2;6;
EBT;UF;4113809;1.0000;1;0;1;0;0;0;
EBT;UF;4114005;1.0000;1;0;1;0;0;0;
EBT;UF;4114104;1.5000;2;1;1;0;0;0;
EBT;UF;4114203;17.5000;7;4;2;1;0;0;
EBT;UF;4114302;0.2500;1;1;0;0;0;0;
EBT;UF;4114351;0.2500;1;1;0;0;0;0;
EBT;UF;4114401;1.0000;1;0;1;0;0;0;
EBT;UF;4114500;1.0000;1;0;1;0;0;0;
EBT;UF;4114609;0.5000;1;1;0;0;0;0;
EBT;UF;4114807;5.1250;7;5;2;0;0;0;
EBT;UF;4114906;1.0000;1;0;1;0;0;0;
EBT;UF;4115200;1897.7500;196;65;92;36;0;3;
EBT;UF;4115358;1.0000;1;0;1;0;0;0;
EBT;UF;4115408;1.0000;1;0;1;0;0;0;
EBT;UF;4115606;3.2500;3;1;2;0;0;0;
EBT;UF;4115705;5.0000;3;0;3;0;0;0;
EBT;UF;4115804;0.5000;1;1;0;0;0;0;
EBT;UF;4116208;1.0000;1;0;1;0;0;0;
EBT;UF;4116703;1.0000;1;0;1;0;0;0;
EBT;UF;4116901;1.8750;4;3;1;0;0;0;
EBT;UF;4117107;2.0000;2;0;2;0;0;0;
EBT;UF;4117271;0.2500;1;1;0;0;0;0;
EBT;UF;4117503;3.3750;4;2;2;0;0;0;
EBT;UF;4117602;3.5000;3;1;2;0;0;0;
EBT;UF;4117701;1.0000;1;0;1;0;0;0;
EBT;UF;4117909;5.5625;6;3;3;0;0;0;
EBT;UF;4118105;1.0000;1;0;1;0;0;0;
EBT;UF;4118204;268.0000;65;20;40;4;0;1;
EBT;UF;4118402;23.7500;29;18;11;0;0;0;
EBT;UF;4118451;0.2500;1;1;0;0;0;0;
EBT;UF;4118501;32.1250;17;5;11;1;0;0;
EBT;UF;4118907;1.0000;1;0;1;0;0;0;
EBT;UF;4119152;163.7500;32;4;19;7;2;0;
EBT;UF;4119301;3.5625;5;3;2;0;0;0;
EBT;UF;4119400;2.0000;1;0;1;0;0;0;
EBT;UF;4119509;8.8125;7;2;5;0;0;0;
EBT;UF;4119608;1.0000;1;0;1;0;0;0;
EBT;UF;4119806;1.0000;1;0;1;0;0;0;
EBT;UF;4119905;386.9375;100;41;41;16;1;1;
EBT;UF;4119954;41.0000;7;0;5;0;2;0;
EBT;UF;4120002;1.0000;1;0;1;0;0;0;
EBT;UF;4120101;0.2500;1;1;0;0;0;0;
EBT;UF;4120606;3.2500;3;1;2;0;0;0;
EBT;UF;4120705;0.2500;1;1;0;0;0;0;
EBT;UF;4120804;374.7500;18;5;7;3;1;2;
EBT;UF;4120853;1.0000;1;0;1;0;0;0;
EBT;UF;4120903;1.0000;1;0;1;0;0;0;
EBT;UF;4121406;1.0000;1;0;1;0;0;0;
EBT;UF;4121505;1.0000;1;0;1;0;0;0;
EBT;UF;4121604;0.2500;1;1;0;0;0;0;
EBT;UF;4121703;1.0000;1;0;1;0;0;0;
EBT;UF;4121901;1.0000;1;0;1;0;0;0;
EBT;UF;4122008;0.5000;1;1;0;0;0;0;
EBT;UF;4122206;1.7500;3;2;1;0;0;0;
EBT;UF;4122305;8.6250;16;12;4;0;0;0;
EBT;UF;4122404;69.5000;25;2;20;3;0;0;
EBT;UF;4122800;0.2500;1;1;0;0;0;0;
EBT;UF;4123204;1.0000;1;0;1;0;0;0;
EBT;UF;4123501;1.0000;1;0;1;0;0;0;
EBT;UF;4123709;1.0000;1;0;1;0;0;0;
EBT;UF;4123808;1.0000;1;0;1;0;0;0;
EBT;UF;4123907;1.2500;2;1;1;0;0;0;
EBT;UF;4124053;1.0625;2;1;1;0;0;0;
EBT;UF;4124103;3.0625;3;1;2;0;0;0;
EBT;UF;4124400;1.0000;1;0;1;0;0;0;
EBT;UF;4124509;1.5000;2;1;1;0;0;0;
EBT;UF;4124707;1.0000;1;0;1;0;0;0;
EBT;UF;4125001;2.0000;2;0;2;0;0;0;
EBT;UF;4125456;0.2500;1;1;0;0;0;0;
EBT;UF;4125506;22735.8750;225;54;125;34;2;10;
EBT;UF;4125605;1.0000;1;0;1;0;0;0;
EBT;UF;4125704;2.0000;1;0;1;0;0;0;
EBT;UF;4126009;0.2500;1;1;0;0;0;0;
EBT;UF;4126256;12.5000;14;8;6;0;0;0;
EBT;UF;4126306;1.0000;1;0;1;0;0;0;
EBT;UF;4126504;1.0000;1;0;1;0;0;0;
EBT;UF;4126603;1.0000;1;0;1;0;0;0;
EBT;UF;4126678;1.2500;2;1;1;0;0;0;
EBT;UF;4126801;1.0000;1;0;1;0;0;0;
EBT;UF;4127106;10.0000;5;0;5;0;0;0;
EBT;UF;4127403;1.0000;1;0;1;0;0;0;
EBT;UF;4127502;1.0000;1;0;1;0;0;0;
EBT;UF;4127700;41.9375;21;11;6;4;0;0;
EBT;UF;4127809;1.0000;1;0;1;0;0;0;
EBT;UF;4128005;1.0000;1;0;1;0;0;0;
EBT;UF;4128104;92.1250;18;3;9;5;1;0;
EBT;UF;4128203;16.2500;9;1;8;0;0;0;
EBT;UF;4128401;1.0000;1;0;1;0;0;0;
EBT;UF;4128500;1.5000;2;1;1;0;0;0;
EBT;UF;4128708;2.5000;3;2;1;0;0;0;
EBT;UF;4128807;0.2500;1;1;0;0;0;0;
EBT;UF;4200101;1.3750;3;2;1;0;0;0;
EBT;UF;4201307;69.3125;18;2;9;7;0;0;
EBT;UF;4201703;0.2500;1;1;0;0;0;0;
EBT;UF;4202008;129.2500;24;1;11;12;0;0;
EBT;UF;4202305;93.4375;36;21;9;4;2;0;
EBT;UF;4202404;1373.9375;157;40;68;38;7;4;
EBT;UF;4202602;5.3750;4;2;1;1;0;0;
EBT;UF;4202909;491.0625;46;7;17;18;1;3;
EBT;UF;4203006;132.8750;11;5;2;3;0;1;
EBT;UF;4203204;21.6250;16;7;8;1;0;0;
EBT;UF;4203956;16.7500;6;2;3;1;0;0;
EBT;UF;4204202;526.3125;53;20;17;12;1;3;
EBT;UF;4204251;42.5000;4;2;0;1;1;0;
EBT;UF;4204301;445.5000;13;1;1;5;3;3;
EBT;UF;4204350;0.6875;4;4;0;0;0;0;
EBT;UF;4204509;3.6250;5;3;2;0;0;0;
EBT;UF;4204558;4.0000;1;0;0;1;0;0;
EBT;UF;4204608;345.6875;50;16;11;22;0;1;
EBT;UF;4204806;0.5000;1;1;0;0;0;0;
EBT;UF;4205191;10.0000;1;0;0;1;0;0;
EBT;UF;4205407;6318.1016;239;44;82;88;14;11;
EBT;UF;4205506;2.9375;9;8;1;0;0;0;
EBT;UF;4205704;17.1250;11;5;5;1;0;0;
EBT;UF;4205803;8.0000;2;0;0;2;0;0;
EBT;UF;4205902;97.3750;23;11;4;6;2;0;
EBT;UF;4206504;64.1875;18;5;9;4;0;0;
EBT;UF;4206702;3.1250;4;3;1;0;0;0;
EBT;UF;4207007;37.3125;10;4;3;3;0;0;
EBT;UF;4207502;231.5625;32;2;17;12;0;1;
EBT;UF;4208203;958.6250;172;18;100;48;3;3;
EBT;UF;4208807;1.2500;2;1;1;0;0;0;
EBT;UF;4208906;357.5625;40;7;21;9;2;1;
EBT;UF;4209003;122.5000;18;1;8;7;2;0;
EBT;UF;4209102;1407.5508;239;65;105;60;5;4;
EBT;UF;4209300;179.7500;42;11;14;17;0;0;
EBT;UF;4209706;1.2500;2;1;1;0;0;0;
EBT;UF;4210035;4.2500;4;1;3;0;0;0;
EBT;UF;4210100;12.9375;20;15;5;0;0;0;
EBT;UF;4210209;3.2500;3;1;2;0;0;0;
EBT;UF;4210605;3.5625;5;3;2;0;0;0;
EBT;UF;4211306;97.8125;34;6;17;11;0;0;
EBT;UF;4211603;2.2500;3;1;2;0;0;0;
EBT;UF;4211702;2.2500;4;3;1;0;0;0;
EBT;UF;4211900;168.5625;48;16;20;10;2;0;
EBT;UF;4213005;0.3125;3;3;0;0;0;0;
EBT;UF;4213203;25.5000;5;2;1;1;1;0;
EBT;UF;4214706;2.2500;2;1;1;0;0;0;
EBT;UF;4214805;299.2500;58;13;22;22;1;0;
EBT;UF;4215000;24.0000;2;0;1;0;1;0;
EBT;UF;4215109;102.7500;4;2;1;0;0;1;
EBT;UF;4215802;175.0625;80;33;38;8;1;0;
EBT;UF;4216107;3.2500;3;1;2;0;0;0;
EBT;UF;4216206;144.4375;22;7;5;7;3;0;
EBT;UF;4216602;316.2500;58;8;27;20;3;0;
EBT;UF;4216909;37.7500;6;3;2;0;1;0;
EBT;UF;4217006;2.0000;1;0;1;0;0;0;
EBT;UF;4217402;3.5000;4;2;2;0;0;0;
EBT;UF;4217709;166.0000;3;0;0;1;0;2;
EBT;UF;4218202;124.5000;11;1;7;2;0;1;
EBT;UF;4218707;46.0625;11;1;6;4;0;0;
EBT;UF;4218806;2.0000;1;0;1;0;0;0;
EBT;UF;4219309;44.7500;17;11;2;3;1;0;
EBT;UF;4219507;8.2500;13;8;5;0;0;0;
EBT;UF;4219705;10.6250;7;4;2;1;0;0;
EBT;UF;4300406;47.2500;27;19;0;8;0;0;
EBT;UF;4300604;137.7500;21;6;5;8;2;0;
EBT;UF;4301602;404.6250;29;6;6;9;7;1;
EBT;UF;4302105;1013.0000;98;8;31;48;10;1;
EBT;UF;4302352;1.0000;1;0;1;0;0;0;
EBT;UF;4302907;0.6250;2;2;0;0;0;0;
EBT;UF;4303004;15.9375;18;13;4;1;0;0;
EBT;UF;4303103;360.0000;38;5;7;20;6;0;
EBT;UF;4303509;241.0000;19;2;5;10;1;1;
EBT;UF;4303905;827.1875;50;13;15;11;7;4;
EBT;UF;4304408;9.1875;11;8;2;1;0;0;
EBT;UF;4304606;946.6250;116;34;28;43;9;2;
EBT;UF;4304630;369.0625;9;3;0;4;1;1;
EBT;UF;4304705;131.2500;20;11;5;3;0;1;
EBT;UF;4304804;21.1875;9;5;3;0;1;0;
EBT;UF;4305108;2192.2500;286;57;114;93;20;2;
EBT;UF;4305975;2.0000;1;0;1;0;0;0;
EBT;UF;4306106;187.9375;36;19;11;4;1;1;
EBT;UF;4306205;0.0625;1;1;0;0;0;0;
EBT;UF;4306601;6.0000;1;0;0;1;0;0;
EBT;UF;4306767;328.1250;24;2;9;8;3;2;
EBT;UF;4307005;672.1875;36;2;14;9;10;1;
EBT;UF;4307559;273.5625;6;2;1;0;1;2;
EBT;UF;4307609;42.0000;14;5;5;4;0;0;
EBT;UF;4307708;46.8750;26;16;5;5;0;0;
EBT;UF;4307807;11.2500;7;5;1;1;0;0;
EBT;UF;4307906;778.1133;51;2;18;24;6;1;
EBT;UF;4308102;1.0000;1;0;1;0;0;0;
EBT;UF;4308607;201.1875;42;9;18;13;2;0;
EBT;UF;4308904;10.5000;6;4;1;1;0;0;
EBT;UF;4309050;0.6250;2;2;0;0;0;0;
EBT;UF;4309100;50.6250;14;9;3;1;1;0;
EBT;UF;4309209;337.3750;86;34;15;35;2;0;
EBT;UF;4309308;73.1875;19;11;3;4;1;0;
EBT;UF;4310108;12.7500;11;8;0;3;0;0;
EBT;UF;4310207;127.1250;12;4;1;4;3;0;
EBT;UF;4310330;0.1250;2;2;0;0;0;0;
EBT;UF;4310801;1.1250;5;5;0;0;0;0;
EBT;UF;4311403;197.3750;19;8;5;5;0;1;
EBT;UF;4311809;3.0625;8;7;1;0;0;0;
EBT;UF;4312401;22.1250;20;14;3;3;0;0;
EBT;UF;4312906;5.2500;3;1;1;1;0;0;
EBT;UF;4313201;8.6875;7;6;0;1;0;0;
EBT;UF;4313409;676.9375;96;17;24;45;10;0;
EBT;UF;4313508;38.8750;23;17;2;4;0;0;
EBT;UF;4313904;6.5000;20;18;2;0;0;0;
EBT;UF;4314050;10.4375;15;11;4;0;0;0;
EBT;UF;4314100;863.6250;64;13;26;14;9;2;
EBT;UF;4314308;0.2500;1;1;0;0;0;0;
EBT;UF;4314407;2134.5000;54;17;13;15;5;4;
EBT;UF;4314506;4.0000;1;0;0;1;0;0;
EBT;UF;4314803;9.7500;5;3;1;1;0;0;
EBT;UF;4314902;37815.1250;661;76;144;282;105;54;
EBT;UF;4315602;352.5000;61;29;11;16;3;2;
EBT;UF;4316402;10.8750;9;6;2;1;0;0;
EBT;UF;4316501;0.3125;2;2;0;0;0;0;
EBT;UF;4316808;546.5625;29;11;2;9;5;2;
EBT;UF;4316907;697.7500;98;52;21;21;1;3;
EBT;UF;4317103;60.2500;10;1;6;2;1;0;
EBT;UF;4317400;8.5000;2;1;0;1;0;0;
EBT;UF;4317509;8.7500;3;2;0;1;0;0;
EBT;UF;4317608;2.0000;5;4;1;0;0;0;
EBT;UF;4318705;400.6875;63;20;22;14;6;1;
EBT;UF;4319505;2.1875;6;5;1;0;0;0;
EBT;UF;4319901;71.5000;10;1;4;4;1;0;
EBT;UF;4320008;122.2500;29;12;6;10;1;0;
EBT;UF;4321204;7.2500;9;5;4;0;0;0;
EBT;UF;4321451;499.6875;16;11;1;0;1;3;
EBT;UF;4321501;17.0625;19;15;2;2;0;0;
EBT;UF;4321600;19.4375;16;11;3;2;0;0;
EBT;UF;4322004;32.0000;1;0;0;0;1;0;
EBT;UF;4322400;311.6250;23;7;6;6;3;1;
EBT;UF;4322509;245.3750;20;2;5;11;1;1;
EBT;UF;4322608;10.0000;2;0;1;1;0;0;
EBT;UF;4323002;49.1250;15;8;4;2;1;0;
EBT;UF;4323408;1.2500;2;1;1;0;0;0;
EBT;UF;4323804;0.6250;6;6;0;0;0;0;
EBT;UF;5000203;42.0000;6;0;0;6;0;0;
EBT;UF;5002704;4195.3125;295;79;93;99;13;11;
EBT;UF;5003702;904.1250;31;3;9;15;2;2;
EBT;UF;5004502;1.2500;3;3;0;0;0;0;
EBT;UF;5005400;40.0000;4;0;0;2;2;0;
EBT;UF;5006309;4.0000;2;0;2;0;0;0;
EBT;UF;5006606;2.0000;1;0;1;0;0;0;
EBT;UF;5007109;38.0000;6;0;1;5;0;0;
EBT;UF;5007554;1.0000;1;0;1;0;0;0;
EBT;UF;5007901;34.0000;1;0;0;0;1;0;
EBT;UF;5008305;211.0000;27;0;10;15;2;0;
EBT;UF;5102504;85.9375;44;16;22;6;0;0;
EBT;UF;5103403;14220.1875;760;157;430;96;43;34;
EBT;UF;5105002;9.0000;5;0;5;0;0;0;
EBT;UF;5105259;889.0000;135;32;75;20;3;5;
EBT;UF;5105622;84.5000;13;3;8;0;2;0;
EBT;UF;5106224;425.0000;76;14;42;14;5;1;
EBT;UF;5106752;267.1250;54;21;26;3;3;1;
EBT;UF;5107198;0.5625;2;2;0;0;0;0;
EBT;UF;5107602;1854.6250;181;27;100;35;6;13;
EBT;UF;5107909;6845.1250;151;18;93;24;4;12;
EBT;UF;5107925;755.7500;103;18;51;29;1;4;
EBT;UF;5107958;2.3750;5;4;1;0;0;0;
EBT;UF;5108402;637.0625;119;24;63;24;7;1;
EBT;UF;5200258;3.7500;4;2;2;0;0;0;
EBT;UF;5200308;5.0000;6;3;3;0;0;0;
EBT;UF;5201108;1363.8125;118;24;74;16;0;4;
EBT;UF;5201405;318.0000;157;37;105;15;0;0;
EBT;UF;5204508;25.0000;6;2;2;2;0;0;
EBT;UF;5204706;6.0000;6;3;3;0;0;0;
EBT;UF;5205109;269.3750;32;6;14;8;3;1;
EBT;UF;5206206;24.7500;6;2;2;2;0;0;
EBT;UF;5208707;2899.7500;486;102;283;82;11;8;
EBT;UF;5209101;0.2500;1;1;0;0;0;0;
EBT;UF;5209937;2.0000;1;0;1;0;0;0;
EBT;UF;5210000;8.0000;4;0;4;0;0;0;
EBT;UF;5211503;68.5625;25;2;18;5;0;0;
EBT;UF;5211909;106.0000;3;0;1;1;0;1;
EBT;UF;5212501;37.3125;27;12;14;1;0;0;
EBT;UF;5213806;4.6250;9;6;3;0;0;0;
EBT;UF;5215231;4.0625;7;5;2;0;0;0;
EBT;UF;5218003;12.5000;3;1;1;1;0;0;
EBT;UF;5218508;0.2500;1;1;0;0;0;0;
EBT;UF;5218805;143.0625;40;6;23;11;0;0;
EBT;UF;5219605;2.0000;1;0;1;0;0;0;
EBT;UF;5219753;4.0000;2;0;2;0;0;0;
EBT;UF;5220454;23.0000;12;0;12;0;0;0;
EBT;UF;5221403;18.5625;5;2;1;2;0;0;
EBT;UF;5221601;14.0625;10;8;1;1;0;0;
EBT;UF;5221858;27.3750;21;9;11;1;0;0;
EBT;UF;5300108;117370.563;2375;432;1077;488;168;210;
09;894;
