01;CLA;IPL4;201306;
EBT;UF;1100023;12.5000;4;1;2;1;0;0;
EBT;UF;1100049;24.0000;6;0;4;2;0;0;
EBT;UF;1100114;8.0000;1;0;0;1;0;0;
EBT;UF;1100122;14.0000;5;0;3;2;0;0;
EBT;UF;1100155;12.5000;3;1;0;2;0;0;
EBT;UF;1100189;10.5000;6;1;4;1;0;0;
EBT;UF;1100205;144.0000;37;7;10;19;1;0;
EBT;UF;1100254;6.0000;3;0;3;0;0;0;
EBT;UF;1100304;12.3750;5;2;2;1;0;0;
EBT;UF;1200203;3.7500;4;2;2;0;0;0;
EBT;UF;1200401;91.2500;25;2;8;14;1;0;
EBT;UF;1301852;4.0000;1;0;0;1;0;0;
EBT;UF;1301902;0.0625;1;1;0;0;0;0;
EBT;UF;1302603;617.1250;223;74;56;90;3;0;
EBT;UF;1400100;18.6875;26;15;11;0;0;0;
EBT;UF;1500602;65.0000;17;0;1;16;0;0;
EBT;UF;1500800;44.3125;13;4;2;7;0;0;
EBT;UF;1501303;53.7500;14;6;3;4;1;0;
EBT;UF;1501402;171.3125;34;4;8;21;1;0;
EBT;UF;1501501;46.8750;14;3;3;8;0;0;
EBT;UF;1501782;4.0000;1;0;0;1;0;0;
EBT;UF;1502202;10.0000;3;0;1;2;0;0;
EBT;UF;1502400;42.2500;7;1;1;4;1;0;
EBT;UF;1503606;0.1250;1;1;0;0;0;0;
EBT;UF;1504208;88.1250;30;6;12;12;0;0;
EBT;UF;1504422;36.0000;7;0;0;7;0;0;
EBT;UF;1505502;27.0000;12;0;10;2;0;0;
EBT;UF;1505536;6.2500;6;3;3;0;0;0;
EBT;UF;1506138;3.0000;2;0;2;0;0;0;
EBT;UF;1506500;4.2500;2;1;0;1;0;0;
EBT;UF;1506609;0.2500;1;1;0;0;0;0;
EBT;UF;1506807;19.3125;6;2;2;2;0;0;
EBT;UF;1507953;8.0000;1;0;0;1;0;0;
EBT;UF;1600303;23.0625;17;8;8;1;0;0;
EBT;UF;1600600;2.3125;4;2;2;0;0;0;
EBT;UF;1702109;30.0000;10;0;5;5;0;0;
EBT;UF;1705508;6.0000;2;0;1;1;0;0;
EBT;UF;1709302;8.0000;2;0;0;2;0;0;
EBT;UF;1709500;8.2500;5;1;3;1;0;0;
EBT;UF;1713205;8.0000;2;0;0;2;0;0;
EBT;UF;1713304;4.0000;1;0;0;1;0;0;
EBT;UF;1716109;6.0000;2;0;1;1;0;0;
EBT;UF;1721000;76.5000;14;1;6;6;1;0;
EBT;UF;1721208;2.0000;1;0;1;0;0;0;
EBT;UF;1722081;4.0000;2;0;2;0;0;0;
EBT;UF;2100055;12.2500;4;1;0;3;0;0;
EBT;UF;2100204;32.0000;1;0;0;0;1;0;
EBT;UF;2101202;4.7500;3;2;0;1;0;0;
EBT;UF;2101251;4.0000;1;0;0;1;0;0;
EBT;UF;2103000;22.0000;6;0;1;5;0;0;
EBT;UF;2103307;6.5000;3;1;1;1;0;0;
EBT;UF;2105302;13.4375;7;3;3;1;0;0;
EBT;UF;2105500;2.0000;1;0;1;0;0;0;
EBT;UF;2106755;4.7500;4;2;2;0;0;0;
EBT;UF;2107357;2.0000;1;0;1;0;0;0;
EBT;UF;2107506;16.0000;2;0;0;2;0;0;
EBT;UF;2109601;4.0000;1;0;0;1;0;0;
EBT;UF;2109908;8.0000;2;0;0;2;0;0;
EBT;UF;2111201;0.2500;1;1;0;0;0;0;
EBT;UF;2111300;136.4375;48;18;15;14;1;0;
EBT;UF;2111508;4.2500;3;1;2;0;0;0;
EBT;UF;2112209;32.2500;6;1;0;5;0;0;
EBT;UF;2200509;1.0000;1;0;1;0;0;0;
EBT;UF;2202000;2.0000;1;0;1;0;0;0;
EBT;UF;2203305;6.0000;3;0;3;0;0;0;
EBT;UF;2203909;1.0000;1;0;1;0;0;0;
EBT;UF;2207702;13.6250;6;3;1;2;0;0;
EBT;UF;2208007;1.5000;3;3;0;0;0;0;
EBT;UF;2208403;4.0000;1;0;0;1;0;0;
EBT;UF;2211001;101.1875;33;6;9;18;0;0;
EBT;UF;2301000;42.0000;11;0;4;7;0;0;
EBT;UF;2301109;16.0000;4;0;2;2;0;0;
EBT;UF;2301901;4.0000;1;0;0;1;0;0;
EBT;UF;2303501;8.2500;2;1;0;1;0;0;
EBT;UF;2303709;24.5000;9;2;2;5;0;0;
EBT;UF;2304202;22.0000;5;0;1;4;0;0;
EBT;UF;2304285;24.5000;6;1;2;3;0;0;
EBT;UF;2304400;193.8750;43;6;6;30;1;0;
EBT;UF;2304954;2.0000;1;0;1;0;0;0;
EBT;UF;2305233;4.5000;2;1;0;1;0;0;
EBT;UF;2305357;4.0000;1;0;0;1;0;0;
EBT;UF;2305506;12.0000;2;0;0;2;0;0;
EBT;UF;2307304;24.2500;4;1;0;3;0;0;
EBT;UF;2307601;4.0000;1;0;0;1;0;0;
EBT;UF;2307650;118.2500;28;1;9;18;0;0;
EBT;UF;2309607;12.0000;3;0;2;1;0;0;
EBT;UF;2309706;20.5000;7;2;2;3;0;0;
EBT;UF;2310852;2.0000;1;0;1;0;0;0;
EBT;UF;2311504;8.0000;1;0;0;1;0;0;
EBT;UF;2311603;4.0000;2;0;2;0;0;0;
EBT;UF;2312403;8.0000;1;0;0;1;0;0;
EBT;UF;2312908;37.3750;11;4;2;5;0;0;
EBT;UF;2400109;8.0000;1;0;0;1;0;0;
EBT;UF;2400208;2.0000;1;0;1;0;0;0;
EBT;UF;2400703;16.0000;2;0;0;2;0;0;
EBT;UF;2400802;12.0000;2;0;0;2;0;0;
EBT;UF;2402204;8.0000;1;0;0;1;0;0;
EBT;UF;2402303;0.5000;1;1;0;0;0;0;
EBT;UF;2403103;24.1250;4;1;0;3;0;0;
EBT;UF;2403251;97.0000;16;0;1;15;0;0;
EBT;UF;2404200;16.0000;2;0;0;2;0;0;
EBT;UF;2404705;16.0000;2;0;0;2;0;0;
EBT;UF;2407104;56.0000;11;0;2;9;0;0;
EBT;UF;2407203;4.0000;1;0;0;1;0;0;
EBT;UF;2407401;16.0000;2;0;0;2;0;0;
EBT;UF;2408003;218.5000;43;2;9;32;0;0;
EBT;UF;2408102;580.0625;55;1;8;39;6;1;
EBT;UF;2408300;4.0000;1;0;0;1;0;0;
EBT;UF;2409100;8.0000;1;0;0;1;0;0;
EBT;UF;2409902;8.0000;1;0;0;1;0;0;
EBT;UF;2410207;16.0000;2;0;0;2;0;0;
EBT;UF;2411205;36.0000;2;0;0;1;1;0;
EBT;UF;2412005;38.0000;7;0;1;6;0;0;
EBT;UF;2412203;4.0000;1;0;0;1;0;0;
EBT;UF;2414001;8.0000;1;0;0;1;0;0;
EBT;UF;2500106;8.0000;1;0;0;1;0;0;
EBT;UF;2500304;0.5000;2;2;0;0;0;0;
EBT;UF;2500601;23.2500;7;1;4;2;0;0;
EBT;UF;2501005;20.2500;4;1;0;3;0;0;
EBT;UF;2501104;8.0000;1;0;0;1;0;0;
EBT;UF;2501807;2.0000;1;0;1;0;0;0;
EBT;UF;2503001;8.0000;1;0;0;1;0;0;
EBT;UF;2503209;47.1250;6;1;2;2;1;0;
EBT;UF;2503506;0.1250;1;1;0;0;0;0;
EBT;UF;2504009;242.0000;42;2;8;30;2;0;
EBT;UF;2504603;20.5000;6;1;2;3;0;0;
EBT;UF;2506301;30.0000;6;0;1;5;0;0;
EBT;UF;2507507;418.4375;64;4;14;41;5;0;
EBT;UF;2508307;8.0000;1;0;0;1;0;0;
EBT;UF;2508604;8.0000;1;0;0;1;0;0;
EBT;UF;2508901;0.2500;1;1;0;0;0;0;
EBT;UF;2509305;0.1250;1;1;0;0;0;0;
EBT;UF;2510808;8.0000;1;0;0;1;0;0;
EBT;UF;2511202;32.0000;1;0;0;0;1;0;
EBT;UF;2511905;10.0000;2;0;1;1;0;0;
EBT;UF;2512507;10.0000;4;0;3;1;0;0;
EBT;UF;2513406;0.2500;1;1;0;0;0;0;
EBT;UF;2513703;60.2500;12;1;2;9;0;0;
EBT;UF;2515302;30.0000;5;0;1;4;0;0;
EBT;UF;2515807;4.0000;1;0;0;1;0;0;
EBT;UF;2516201;2.0000;1;0;1;0;0;0;
EBT;UF;2516706;4.0000;1;0;0;1;0;0;
EBT;UF;2600054;22.2500;9;1;5;3;0;0;
EBT;UF;2600401;16.0000;2;0;0;2;0;0;
EBT;UF;2600708;8.0000;2;0;0;2;0;0;
EBT;UF;2601102;1.0000;1;0;1;0;0;0;
EBT;UF;2601201;7.0000;3;0;2;1;0;0;
EBT;UF;2601409;1.0000;1;0;1;0;0;0;
EBT;UF;2601706;18.0000;3;0;1;2;0;0;
EBT;UF;2602902;227.5000;62;6;34;20;2;0;
EBT;UF;2603454;8.0000;1;0;0;1;0;0;
EBT;UF;2604007;12.2500;3;1;0;2;0;0;
EBT;UF;2604106;138.3750;41;6;18;17;0;0;
EBT;UF;2604502;2.0000;1;0;1;0;0;0;
EBT;UF;2605202;30.0000;7;0;4;3;0;0;
EBT;UF;2606002;17.0000;9;2;6;1;0;0;
EBT;UF;2606101;8.0000;1;0;0;1;0;0;
EBT;UF;2606200;44.0000;8;0;2;6;0;0;
EBT;UF;2606408;42.2500;4;1;1;1;1;0;
EBT;UF;2606804;59.7500;20;5;11;3;1;0;
EBT;UF;2607208;303.5000;75;1;47;25;2;0;
EBT;UF;2607653;12.0000;3;0;2;1;0;0;
EBT;UF;2607752;14.5000;7;2;3;2;0;0;
EBT;UF;2607901;253.6250;91;10;48;33;0;0;
EBT;UF;2608206;4.0000;1;0;0;1;0;0;
EBT;UF;2608305;8.0000;1;0;0;1;0;0;
EBT;UF;2608503;16.0000;3;0;0;3;0;0;
EBT;UF;2608750;8.0000;1;0;0;1;0;0;
EBT;UF;2608909;16.7500;8;3;4;1;0;0;
EBT;UF;2609105;2.0000;1;0;1;0;0;0;
EBT;UF;2609402;22.0000;4;0;1;3;0;0;
EBT;UF;2609501;0.2500;1;1;0;0;0;0;
EBT;UF;2609600;107.2500;25;1;6;18;0;0;
EBT;UF;2610004;21.0000;4;0;1;3;0;0;
EBT;UF;2610608;0.2500;1;1;0;0;0;0;
EBT;UF;2610707;73.6250;26;2;17;7;0;0;
EBT;UF;2610905;8.0000;2;0;0;2;0;0;
EBT;UF;2611101;131.3750;31;6;10;14;1;0;
EBT;UF;2611309;2.0000;1;0;1;0;0;0;
EBT;UF;2611606;590.0625;117;13;28;72;4;0;
EBT;UF;2611804;8.0000;1;0;0;1;0;0;
EBT;UF;2612208;2.0000;1;0;1;0;0;0;
EBT;UF;2612604;4.2500;2;1;0;1;0;0;
EBT;UF;2613008;26.5000;5;1;1;3;0;0;
EBT;UF;2613107;8.0000;1;0;0;1;0;0;
EBT;UF;2613701;2.0000;1;0;1;0;0;0;
EBT;UF;2614204;8.0000;1;0;0;1;0;0;
EBT;UF;2615300;10.0000;3;0;1;2;0;0;
EBT;UF;2616308;8.0000;1;0;0;1;0;0;
EBT;UF;2616407;45.2500;17;3;10;4;0;0;
EBT;UF;2616506;16.0000;2;0;0;2;0;0;
EBT;UF;2700300;10.5000;4;1;1;2;0;0;
EBT;UF;2702306;1.0000;1;0;1;0;0;0;
EBT;UF;2704302;207.6250;50;2;14;33;1;0;
EBT;UF;2704708;30.0000;9;0;5;4;0;0;
EBT;UF;2706802;4.0000;1;0;0;1;0;0;
EBT;UF;2706901;4.0000;1;0;0;1;0;0;
EBT;UF;2707701;10.0000;2;0;1;1;0;0;
EBT;UF;2707909;0.5000;1;1;0;0;0;0;
EBT;UF;2708501;0.2500;1;1;0;0;0;0;
EBT;UF;2708907;12.0000;3;0;2;1;0;0;
EBT;UF;2709152;58.0000;3;0;0;1;2;0;
EBT;UF;2800308;267.1875;58;6;20;29;3;0;
EBT;UF;2800506;4.0000;1;0;0;1;0;0;
EBT;UF;2800605;20.0000;4;0;0;4;0;0;
EBT;UF;2800670;1.5000;2;1;1;0;0;0;
EBT;UF;2801504;8.0000;1;0;0;1;0;0;
EBT;UF;2802106;45.1250;17;1;12;4;0;0;
EBT;UF;2802304;0.2500;1;1;0;0;0;0;
EBT;UF;2802700;2.0000;1;0;1;0;0;0;
EBT;UF;2802908;10.0000;2;0;1;1;0;0;
EBT;UF;2803005;4.5000;2;1;0;1;0;0;
EBT;UF;2803203;42.0000;10;0;3;7;0;0;
EBT;UF;2803401;4.0000;1;0;0;1;0;0;
EBT;UF;2803500;13.7500;8;2;5;1;0;0;
EBT;UF;2803609;15.3750;6;2;2;2;0;0;
EBT;UF;2804003;16.0000;2;0;0;2;0;0;
EBT;UF;2804607;8.0000;1;0;0;1;0;0;
EBT;UF;2804805;78.2500;17;1;5;11;0;0;
EBT;UF;2804904;12.0000;2;0;0;2;0;0;
EBT;UF;2805307;4.0000;1;0;0;1;0;0;
EBT;UF;2806107;9.0000;2;0;1;1;0;0;
EBT;UF;2806206;2.0000;1;0;1;0;0;0;
EBT;UF;2806602;2.5000;2;1;1;0;0;0;
EBT;UF;2806701;20.7500;5;2;0;3;0;0;
EBT;UF;2807600;2.0000;1;0;1;0;0;0;
EBT;UF;2900702;20.2500;8;1;6;1;0;0;
EBT;UF;2903201;13.0000;9;2;6;1;0;0;
EBT;UF;2903276;4.0000;1;0;0;1;0;0;
EBT;UF;2904308;2.0000;1;0;1;0;0;0;
EBT;UF;2904902;40.0000;4;0;0;3;1;0;
EBT;UF;2905701;437.6875;92;12;35;42;3;0;
EBT;UF;2906006;16.0000;2;0;0;2;0;0;
EBT;UF;2906501;84.8750;20;5;8;6;1;0;
EBT;UF;2907301;2.0000;1;0;1;0;0;0;
EBT;UF;2907509;64.2500;7;1;0;4;2;0;
EBT;UF;2908408;4.0000;1;0;0;1;0;0;
EBT;UF;2908507;8.0000;2;0;0;2;0;0;
EBT;UF;2908903;2.0000;1;0;1;0;0;0;
EBT;UF;2909802;12.3750;6;2;2;2;0;0;
EBT;UF;2909901;2.0000;1;0;1;0;0;0;
EBT;UF;2910057;47.0000;14;0;8;6;0;0;
EBT;UF;2910503;76.0000;7;0;4;1;2;0;
EBT;UF;2910727;108.0000;19;3;8;6;2;0;
EBT;UF;2910800;148.3125;44;6;16;22;0;0;
EBT;UF;2911600;4.5000;2;1;0;1;0;0;
EBT;UF;2913606;23.0000;6;0;2;4;0;0;
EBT;UF;2913903;44.0000;14;4;6;3;1;0;
EBT;UF;2914604;2.0000;1;0;1;0;0;0;
EBT;UF;2914653;4.0000;1;0;0;1;0;0;
EBT;UF;2914802;20.0000;6;0;2;4;0;0;
EBT;UF;2914901;24.2500;6;1;2;3;0;0;
EBT;UF;2915205;20.5000;4;1;2;0;1;0;
EBT;UF;2915502;8.0000;1;0;0;1;0;0;
EBT;UF;2915601;10.0000;3;0;1;2;0;0;
EBT;UF;2916302;12.0000;2;0;0;2;0;0;
EBT;UF;2916401;12.5000;5;1;2;2;0;0;
EBT;UF;2917508;24.5000;3;1;0;1;1;0;
EBT;UF;2917706;2.1250;2;1;1;0;0;0;
EBT;UF;2917904;8.0000;1;0;0;1;0;0;
EBT;UF;2918001;26.0000;9;0;5;4;0;0;
EBT;UF;2918407;100.3750;28;5;10;13;0;0;
EBT;UF;2919207;2.0000;1;0;1;0;0;0;
EBT;UF;2919926;8.0000;2;0;0;2;0;0;
EBT;UF;2920601;16.0000;2;0;0;2;0;0;
EBT;UF;2921005;38.0000;6;0;1;5;0;0;
EBT;UF;2922003;78.0000;6;0;3;1;2;0;
EBT;UF;2923001;0.7500;2;2;0;0;0;0;
EBT;UF;2924009;8.2500;2;1;0;1;0;0;
EBT;UF;2925204;20.8750;10;6;2;2;0;0;
EBT;UF;2925303;124.0000;16;0;6;7;3;0;
EBT;UF;2925600;34.0000;1;0;0;0;1;0;
EBT;UF;2926301;32.0000;5;0;2;2;1;0;
EBT;UF;2927408;553.4375;131;20;33;75;3;0;
EBT;UF;2927705;4.0000;1;0;0;1;0;0;
EBT;UF;2928703;6.0000;2;0;1;1;0;0;
EBT;UF;2929206;89.7500;18;0;9;8;1;0;
EBT;UF;2929503;2.0000;1;0;1;0;0;0;
EBT;UF;2929602;0.2500;1;1;0;0;0;0;
EBT;UF;2930105;2.0000;1;0;1;0;0;0;
EBT;UF;2930501;90.0000;6;0;0;4;2;0;
EBT;UF;2930709;180.5625;41;4;14;22;1;0;
EBT;UF;2931350;101.8750;14;2;7;2;3;0;
EBT;UF;2932507;32.0000;1;0;0;0;1;0;
EBT;UF;2932903;8.0000;1;0;0;1;0;0;
EBT;UF;2933208;6.0000;2;0;1;1;0;0;
EBT;UF;2933307;67.0625;22;7;7;8;0;0;
EBT;UF;3100500;2.0000;1;0;1;0;0;0;
EBT;UF;3100906;2.0000;1;0;1;0;0;0;
EBT;UF;3101102;4.0000;2;0;2;0;0;0;
EBT;UF;3101508;3.5000;3;1;2;0;0;0;
EBT;UF;3101607;82.5000;14;2;2;9;1;0;
EBT;UF;3101904;24.0000;3;0;0;3;0;0;
EBT;UF;3102001;4.0000;1;0;0;1;0;0;
EBT;UF;3102100;2.0000;1;0;1;0;0;0;
EBT;UF;3102605;56.0000;7;0;2;4;1;0;
EBT;UF;3102902;8.0000;1;0;0;1;0;0;
EBT;UF;3103504;65.5000;19;3;7;9;0;0;
EBT;UF;3104007;219.7500;31;4;8;15;4;0;
EBT;UF;3104106;10.0000;3;0;1;2;0;0;
EBT;UF;3104205;16.0000;4;0;2;2;0;0;
EBT;UF;3104601;2.0000;1;0;1;0;0;0;
EBT;UF;3105400;22.0000;4;0;1;3;0;0;
EBT;UF;3105608;49.8125;16;5;5;6;0;0;
EBT;UF;3106002;8.0000;2;0;0;2;0;0;
EBT;UF;3106200;1254.8125;150;20;34;82;12;2;
EBT;UF;3106309;20.0000;3;0;0;3;0;0;
EBT;UF;3106705;220.0625;72;15;30;27;0;0;
EBT;UF;3106903;12.0000;2;0;0;2;0;0;
EBT;UF;3107109;2.0000;1;0;1;0;0;0;
EBT;UF;3108107;2.0000;1;0;1;0;0;0;
EBT;UF;3109006;73.0000;11;0;5;5;1;0;
EBT;UF;3109600;20.0000;2;0;0;1;1;0;
EBT;UF;3109709;6.0000;2;0;1;1;0;0;
EBT;UF;3109907;4.0000;2;0;2;0;0;0;
EBT;UF;3110004;26.1250;8;1;3;4;0;0;
EBT;UF;3110202;16.0000;1;0;0;0;1;0;
EBT;UF;3110301;10.0000;2;0;1;1;0;0;
EBT;UF;3110509;24.0000;3;0;0;3;0;0;
EBT;UF;3110608;26.0000;5;0;1;4;0;0;
EBT;UF;3110707;8.0000;1;0;0;1;0;0;
EBT;UF;3111002;8.0000;1;0;0;1;0;0;
EBT;UF;3111507;20.0000;3;0;0;3;0;0;
EBT;UF;3112000;4.0000;1;0;0;1;0;0;
EBT;UF;3112307;4.0000;2;0;2;0;0;0;
EBT;UF;3113206;0.5000;1;1;0;0;0;0;
EBT;UF;3113404;78.0000;13;0;6;6;1;0;
EBT;UF;3113503;8.0000;1;0;0;1;0;0;
EBT;UF;3113602;2.0000;1;0;1;0;0;0;
EBT;UF;3113701;2.0000;1;0;1;0;0;0;
EBT;UF;3113909;8.0000;1;0;0;1;0;0;
EBT;UF;3114105;16.0000;2;0;0;2;0;0;
EBT;UF;3114204;4.0000;1;0;0;1;0;0;
EBT;UF;3114402;2.0000;1;0;1;0;0;0;
EBT;UF;3114501;8.0000;1;0;0;1;0;0;
EBT;UF;3115300;12.0000;3;0;0;3;0;0;
EBT;UF;3117603;12.0000;3;0;2;1;0;0;
EBT;UF;3117702;8.0000;1;0;0;1;0;0;
EBT;UF;3117801;14.0000;3;0;1;2;0;0;
EBT;UF;3117876;8.0000;1;0;0;1;0;0;
EBT;UF;3117900;8.0000;1;0;0;1;0;0;
EBT;UF;3118007;46.0000;7;0;1;6;0;0;
EBT;UF;3118304;35.0000;9;2;3;4;0;0;
EBT;UF;3118403;2.0000;1;0;1;0;0;0;
EBT;UF;3118601;321.5625;79;16;20;42;1;0;
EBT;UF;3119104;4.0000;2;0;2;0;0;0;
EBT;UF;3119401;34.2500;9;1;3;5;0;0;
EBT;UF;3119708;8.0000;1;0;0;1;0;0;
EBT;UF;3120904;49.2500;18;1;14;3;0;0;
EBT;UF;3121258;2.0000;1;0;1;0;0;0;
EBT;UF;3121803;1.0000;1;0;1;0;0;0;
EBT;UF;3122306;65.0000;19;0;5;14;0;0;
EBT;UF;3123007;20.0000;2;0;0;1;1;0;
EBT;UF;3123601;16.0000;2;0;0;2;0;0;
EBT;UF;3124104;2.0000;1;0;1;0;0;0;
EBT;UF;3124807;1.0000;1;0;1;0;0;0;
EBT;UF;3125101;214.0000;41;3;17;19;2;0;
EBT;UF;3125200;10.0000;2;0;1;1;0;0;
EBT;UF;3126000;64.0000;2;0;0;0;2;0;
EBT;UF;3126307;4.0000;2;0;2;0;0;0;
EBT;UF;3127107;0.0625;1;1;0;0;0;0;
EBT;UF;3127305;2.0000;1;0;1;0;0;0;
EBT;UF;3127701;266.6250;20;2;6;5;7;0;
EBT;UF;3127800;2.5000;2;1;1;0;0;0;
EBT;UF;3128006;2.0000;1;0;1;0;0;0;
EBT;UF;3128402;8.0000;1;0;0;1;0;0;
EBT;UF;3128600;8.0000;1;0;0;1;0;0;
EBT;UF;3128709;37.5000;12;2;5;5;0;0;
EBT;UF;3129202;8.0000;1;0;0;1;0;0;
EBT;UF;3129509;16.0000;2;0;0;2;0;0;
EBT;UF;3129806;38.5000;13;1;7;5;0;0;
EBT;UF;3130101;22.0000;5;0;3;2;0;0;
EBT;UF;3130408;10.0000;3;0;1;2;0;0;
EBT;UF;3130903;2.0000;1;0;1;0;0;0;
EBT;UF;3131000;2.0000;1;0;1;0;0;0;
EBT;UF;3131208;2.0000;1;0;1;0;0;0;
EBT;UF;3131307;213.5625;13;2;7;2;1;1;
EBT;UF;3131703;86.0000;7;0;3;2;2;0;
EBT;UF;3131901;18.0000;3;0;1;2;0;0;
EBT;UF;3132008;2.0000;1;0;1;0;0;0;
EBT;UF;3132206;8.0000;1;0;0;1;0;0;
EBT;UF;3132404;135.1250;29;5;9;13;2;0;
EBT;UF;3132503;4.0000;2;0;2;0;0;0;
EBT;UF;3132602;0.2500;1;1;0;0;0;0;
EBT;UF;3132701;2.0000;1;0;1;0;0;0;
EBT;UF;3133006;32.0000;1;0;0;0;1;0;
EBT;UF;3133501;16.0000;2;0;0;2;0;0;
EBT;UF;3133600;2.0000;1;0;1;0;0;0;
EBT;UF;3133709;22.0000;5;0;1;4;0;0;
EBT;UF;3133758;14.0000;4;0;3;1;0;0;
EBT;UF;3133808;68.3750;20;2;10;8;0;0;
EBT;UF;3134400;6.0000;3;0;3;0;0;0;
EBT;UF;3134707;2.0000;1;0;1;0;0;0;
EBT;UF;3135407;36.0000;2;0;1;0;1;0;
EBT;UF;3135803;2.0000;1;0;1;0;0;0;
EBT;UF;3136207;30.0000;8;0;4;4;0;0;
EBT;UF;3136306;10.0000;2;0;1;1;0;0;
EBT;UF;3136652;32.0000;6;0;2;4;0;0;
EBT;UF;3136702;147.8750;24;3;4;16;1;0;
EBT;UF;3137205;2.0000;1;0;1;0;0;0;
EBT;UF;3137601;102.0000;14;0;3;10;1;0;
EBT;UF;3137700;2.0000;1;0;1;0;0;0;
EBT;UF;3138203;128.2500;21;2;7;10;2;0;
EBT;UF;3138401;33.0000;8;0;3;5;0;0;
EBT;UF;3139003;74.2500;9;1;1;4;3;0;
EBT;UF;3139201;2.0000;1;0;1;0;0;0;
EBT;UF;3139409;11.5000;8;1;7;0;0;0;
EBT;UF;3139508;8.2500;5;1;4;0;0;0;
EBT;UF;3139904;8.0000;1;0;0;1;0;0;
EBT;UF;3140001;48.0000;5;0;2;2;1;0;
EBT;UF;3140704;62.0000;9;2;3;3;1;0;
EBT;UF;3140803;12.0000;2;0;0;2;0;0;
EBT;UF;3141108;38.0000;7;0;1;6;0;0;
EBT;UF;3141702;2.0000;1;0;1;0;0;0;
EBT;UF;3141801;2.0000;1;0;1;0;0;0;
EBT;UF;3142205;36.2500;4;1;2;0;1;0;
EBT;UF;3143302;200.5000;39;3;19;15;2;0;
EBT;UF;3143906;120.7500;18;2;4;10;2;0;
EBT;UF;3144102;40.0000;2;0;0;1;1;0;
EBT;UF;3144300;2.0000;1;0;1;0;0;0;
EBT;UF;3144706;2.0000;1;0;1;0;0;0;
EBT;UF;3144805;75.5000;16;1;6;8;1;0;
EBT;UF;3145307;2.0000;1;0;1;0;0;0;
EBT;UF;3145901;104.3750;16;4;7;3;2;0;
EBT;UF;3146008;6.0000;2;0;1;1;0;0;
EBT;UF;3146107;131.5000;19;3;5;9;2;0;
EBT;UF;3147006;52.7500;13;2;4;7;0;0;
EBT;UF;3147105;70.0000;12;0;3;9;0;0;
EBT;UF;3147204;8.0000;1;0;0;1;0;0;
EBT;UF;3147402;76.5000;9;1;0;6;2;0;
EBT;UF;3147907;34.0000;7;0;3;4;0;0;
EBT;UF;3148004;35.0000;10;0;4;6;0;0;
EBT;UF;3148103;12.0000;4;0;3;1;0;0;
EBT;UF;3148608;2.0000;1;0;1;0;0;0;
EBT;UF;3149309;65.1250;15;1;5;9;0;0;
EBT;UF;3149804;2.0000;1;0;1;0;0;0;
EBT;UF;3149903;8.0000;1;0;0;1;0;0;
EBT;UF;3151107;81.0000;5;0;1;2;2;0;
EBT;UF;3151305;8.0000;1;0;0;1;0;0;
EBT;UF;3151701;8.0000;1;0;0;1;0;0;
EBT;UF;3151800;316.4375;71;11;33;21;6;0;
EBT;UF;3152105;80.1250;14;3;4;6;1;0;
EBT;UF;3152501;199.7500;46;4;17;24;1;0;
EBT;UF;3154002;2.0000;1;0;1;0;0;0;
EBT;UF;3154309;2.0000;1;0;1;0;0;0;
EBT;UF;3154606;50.0000;8;0;1;7;0;0;
EBT;UF;3155306;8.0000;1;0;0;1;0;0;
EBT;UF;3155405;2.0000;1;0;1;0;0;0;
EBT;UF;3155801;10.0000;2;0;1;1;0;0;
EBT;UF;3155900;0.5000;1;1;0;0;0;0;
EBT;UF;3156106;4.0000;1;0;0;1;0;0;
EBT;UF;3156304;4.0000;1;0;0;1;0;0;
EBT;UF;3156700;30.0000;8;0;3;5;0;0;
EBT;UF;3156809;2.0000;1;0;1;0;0;0;
EBT;UF;3156908;50.0000;4;0;1;2;1;0;
EBT;UF;3157203;2.1250;2;1;1;0;0;0;
EBT;UF;3157807;82.2500;21;1;9;11;0;0;
EBT;UF;3158003;16.0000;2;0;0;2;0;0;
EBT;UF;3158201;2.0000;1;0;1;0;0;0;
EBT;UF;3158953;18.0000;4;0;1;3;0;0;
EBT;UF;3159605;79.7500;16;2;7;6;1;0;
EBT;UF;3159902;8.0000;1;0;0;1;0;0;
EBT;UF;3160405;2.0000;1;0;1;0;0;0;
EBT;UF;3161007;8.0000;1;0;0;1;0;0;
EBT;UF;3161908;10.0000;2;0;1;1;0;0;
EBT;UF;3162500;56.7500;11;2;2;7;0;0;
EBT;UF;3162807;2.0000;1;0;1;0;0;0;
EBT;UF;3162906;8.0000;3;0;2;1;0;0;
EBT;UF;3162922;48.0000;7;0;2;4;1;0;
EBT;UF;3163706;32.1250;9;1;3;5;0;0;
EBT;UF;3164407;0.1250;1;1;0;0;0;0;
EBT;UF;3164704;45.0000;7;0;1;6;0;0;
EBT;UF;3165537;2.2500;2;1;1;0;0;0;
EBT;UF;3166907;2.0000;1;0;1;0;0;0;
EBT;UF;3167202;202.5000;46;5;17;23;1;0;
EBT;UF;3167400;2.0000;1;0;1;0;0;0;
EBT;UF;3168101;26.0000;4;0;1;3;0;0;
EBT;UF;3168408;2.0000;1;0;1;0;0;0;
EBT;UF;3168507;8.0000;1;0;0;1;0;0;
EBT;UF;3168606;22.0000;4;0;1;3;0;0;
EBT;UF;3168705;62.0000;7;0;1;5;1;0;
EBT;UF;3169307;76.0625;13;1;5;6;1;0;
EBT;UF;3169356;4.0000;1;0;0;1;0;0;
EBT;UF;3169406;10.0000;2;0;1;1;0;0;
EBT;UF;3169703;2.0000;1;0;1;0;0;0;
EBT;UF;3169901;46.7500;11;2;1;8;0;0;
EBT;UF;3170057;8.0000;1;0;0;1;0;0;
EBT;UF;3170107;188.8125;39;7;14;16;2;0;
EBT;UF;3170206;383.1250;95;11;37;45;2;0;
EBT;UF;3170404;107.0000;22;0;10;11;1;0;
EBT;UF;3170701;329.0000;32;0;13;12;7;0;
EBT;UF;3170800;4.0000;1;0;0;1;0;0;
EBT;UF;3171204;106.0000;18;2;3;12;1;0;
EBT;UF;3171303;122.0625;11;1;5;2;3;0;
EBT;UF;3171808;2.0000;1;0;1;0;0;0;
EBT;UF;3172004;48.0000;7;0;0;7;0;0;
EBT;UF;3200409;44.3750;11;6;2;1;2;0;
EBT;UF;3200607;35.9375;13;5;2;6;0;0;
EBT;UF;3200706;6.0000;2;0;1;1;0;0;
EBT;UF;3201001;0.1250;2;2;0;0;0;0;
EBT;UF;3201100;2.0000;1;0;1;0;0;0;
EBT;UF;3201209;69.0625;37;6;28;3;0;0;
EBT;UF;3201308;68.0625;24;8;7;8;1;0;
EBT;UF;3201407;3.0000;4;3;1;0;0;0;
EBT;UF;3201506;24.3750;15;6;6;3;0;0;
EBT;UF;3201605;0.8125;3;3;0;0;0;0;
EBT;UF;3201902;33.3125;4;2;1;0;1;0;
EBT;UF;3202306;2.0000;1;0;1;0;0;0;
EBT;UF;3202405;23.4375;13;4;6;3;0;0;
EBT;UF;3202504;2.2500;3;2;1;0;0;0;
EBT;UF;3202603;2.5000;2;1;1;0;0;0;
EBT;UF;3202801;12.0625;3;1;0;2;0;0;
EBT;UF;3203007;221.0000;4;0;0;0;3;1;
EBT;UF;3203130;6.0000;2;0;1;1;0;0;
EBT;UF;3203205;48.3750;15;2;7;6;0;0;
EBT;UF;3203320;4.5000;3;1;2;0;0;0;
EBT;UF;3203403;4.0000;1;0;0;1;0;0;
EBT;UF;3203908;6.0000;3;0;3;0;0;0;
EBT;UF;3204005;2.0000;1;0;1;0;0;0;
EBT;UF;3204054;2.0000;1;0;1;0;0;0;
EBT;UF;3204104;36.6875;6;4;1;0;1;0;
EBT;UF;3204203;1.1250;2;1;1;0;0;0;
EBT;UF;3204401;0.1875;3;3;0;0;0;0;
EBT;UF;3204658;0.5000;1;1;0;0;0;0;
EBT;UF;3204906;10.7500;7;2;5;0;0;0;
EBT;UF;3204955;10.0000;2;0;1;1;0;0;
EBT;UF;3205002;57.5625;35;12;19;4;0;0;
EBT;UF;3205010;0.5000;1;1;0;0;0;0;
EBT;UF;3205036;2.0000;1;0;1;0;0;0;
EBT;UF;3205069;5.6250;5;3;1;1;0;0;
EBT;UF;3205101;35.7500;9;0;5;3;1;0;
EBT;UF;3205200;84.5000;35;16;8;10;1;0;
EBT;UF;3205309;72.2500;11;1;6;2;2;0;
EBT;UF;3300100;97.2500;14;1;4;8;1;0;
EBT;UF;3300258;12.0000;2;0;0;2;0;0;
EBT;UF;3300308;8.0000;3;0;2;1;0;0;
EBT;UF;3300407;54.6250;21;8;2;11;0;0;
EBT;UF;3300456;4.0000;2;0;2;0;0;0;
EBT;UF;3300704;22.6250;8;2;3;3;0;0;
EBT;UF;3300803;6.0000;3;0;3;0;0;0;
EBT;UF;3301009;54.7500;27;11;10;6;0;0;
EBT;UF;3301207;16.0000;1;0;0;0;1;0;
EBT;UF;3301702;159.5000;51;15;17;18;1;0;
EBT;UF;3301801;20.0000;4;0;0;4;0;0;
EBT;UF;3301850;2.0000;1;0;1;0;0;0;
EBT;UF;3301900;70.0000;7;0;3;2;2;0;
EBT;UF;3302007;30.0000;6;0;1;5;0;0;
EBT;UF;3302205;13.0000;7;3;2;2;0;0;
EBT;UF;3302254;6.0000;2;0;1;1;0;0;
EBT;UF;3302270;8.1250;2;1;0;1;0;0;
EBT;UF;3302403;75.5625;25;7;5;13;0;0;
EBT;UF;3302502;2.0000;1;0;1;0;0;0;
EBT;UF;3302601;10.0000;3;0;1;2;0;0;
EBT;UF;3302809;6.0000;2;0;1;1;0;0;
EBT;UF;3302858;4.2500;3;1;2;0;0;0;
EBT;UF;3303104;4.0000;1;0;0;1;0;0;
EBT;UF;3303203;6.0000;2;0;1;1;0;0;
EBT;UF;3303302;94.5000;24;4;9;10;1;0;
EBT;UF;3303401;18.0000;5;0;1;4;0;0;
EBT;UF;3303500;44.2500;20;7;7;6;0;0;
EBT;UF;3303708;0.5000;1;1;0;0;0;0;
EBT;UF;3303906;24.0000;5;0;2;3;0;0;
EBT;UF;3304003;21.2500;6;1;1;4;0;0;
EBT;UF;3304110;22.5000;6;1;3;2;0;0;
EBT;UF;3304144;24.0000;4;0;0;4;0;0;
EBT;UF;3304151;16.0000;1;0;0;0;1;0;
EBT;UF;3304201;82.7500;17;3;5;8;1;0;
EBT;UF;3304524;5.0000;3;0;3;0;0;0;
EBT;UF;3304557;2611.5625;378;82;101;161;29;5;
EBT;UF;3304706;4.0000;1;0;0;1;0;0;
EBT;UF;3304904;42.3125;15;2;6;7;0;0;
EBT;UF;3305000;50.0000;8;0;4;2;2;0;
EBT;UF;3305109;27.2500;7;3;1;2;1;0;
EBT;UF;3305208;20.0000;3;0;0;3;0;0;
EBT;UF;3305406;8.0000;1;0;0;1;0;0;
EBT;UF;3305554;6.1250;3;1;1;1;0;0;
EBT;UF;3306008;4.0000;1;0;0;1;0;0;
EBT;UF;3306107;26.0000;5;0;3;1;1;0;
EBT;UF;3306206;2.0000;1;0;1;0;0;0;
EBT;UF;3306305;20.7500;8;2;2;4;0;0;
EBT;UF;3500303;4.0000;1;0;0;1;0;0;
EBT;UF;3500501;2.0000;1;0;1;0;0;0;
EBT;UF;3500550;6.0000;2;0;1;1;0;0;
EBT;UF;3500709;8.0000;1;0;0;1;0;0;
EBT;UF;3501152;2.0000;1;0;1;0;0;0;
EBT;UF;3501301;32.2500;2;1;0;0;1;0;
EBT;UF;3501608;192.2500;28;1;9;15;3;0;
EBT;UF;3501707;4.2500;3;1;2;0;0;0;
EBT;UF;3501905;46.0000;7;0;1;5;1;0;
EBT;UF;3502101;10.0000;2;0;1;1;0;0;
EBT;UF;3502200;4.0000;1;0;0;1;0;0;
EBT;UF;3502754;12.5000;4;2;0;2;0;0;
EBT;UF;3502804;44.0000;11;0;4;7;0;0;
EBT;UF;3502903;4.0000;1;0;0;1;0;0;
EBT;UF;3503208;169.5625;44;7;10;26;1;0;
EBT;UF;3503307;146.0000;17;0;1;13;3;0;
EBT;UF;3503406;10.0000;2;0;1;1;0;0;
EBT;UF;3503703;16.0000;2;0;0;2;0;0;
EBT;UF;3503802;12.0000;2;0;0;2;0;0;
EBT;UF;3503901;18.0000;6;0;3;3;0;0;
EBT;UF;3504008;8.5000;4;1;2;1;0;0;
EBT;UF;3504107;30.5000;8;1;1;6;0;0;
EBT;UF;3505302;4.5000;3;1;2;0;0;0;
EBT;UF;3505500;52.2500;7;1;2;3;1;0;
EBT;UF;3505708;616.0000;93;25;19;40;8;1;
EBT;UF;3505906;20.0000;4;0;0;4;0;0;
EBT;UF;3506003;64.8750;25;8;7;10;0;0;
EBT;UF;3506102;40.2500;10;1;2;7;0;0;
EBT;UF;3506201;4.0000;1;0;0;1;0;0;
EBT;UF;3506359;6.0000;2;0;1;1;0;0;
EBT;UF;3506508;4.0000;1;0;0;1;0;0;
EBT;UF;3506607;8.0000;1;0;0;1;0;0;
EBT;UF;3507001;28.2500;5;1;0;3;1;0;
EBT;UF;3507209;2.0000;1;0;1;0;0;0;
EBT;UF;3507506;491.3750;12;2;3;4;0;3;
EBT;UF;3507605;82.0000;18;0;3;15;0;0;
EBT;UF;3507753;0.5000;1;1;0;0;0;0;
EBT;UF;3507902;2.0000;1;0;1;0;0;0;
EBT;UF;3508504;92.0625;9;1;2;4;2;0;
EBT;UF;3509007;6.2500;3;1;1;1;0;0;
EBT;UF;3509205;138.0000;23;0;7;14;2;0;
EBT;UF;3509502;794.3750;117;8;29;72;7;1;
EBT;UF;3509601;8.0000;1;0;0;1;0;0;
EBT;UF;3509700;8.0000;1;0;0;1;0;0;
EBT;UF;3510005;4.0000;1;0;0;1;0;0;
EBT;UF;3510153;3.0000;2;0;2;0;0;0;
EBT;UF;3510203;2.0000;1;0;1;0;0;0;
EBT;UF;3510401;6.0000;2;0;1;1;0;0;
EBT;UF;3510609;24.0000;6;0;2;4;0;0;
EBT;UF;3510807;18.0000;3;0;1;2;0;0;
EBT;UF;3511003;4.0000;1;0;0;1;0;0;
EBT;UF;3511102;47.0000;10;0;2;8;0;0;
EBT;UF;3511508;0.2500;1;1;0;0;0;0;
EBT;UF;3511607;16.0000;1;0;0;0;1;0;
EBT;UF;3512001;6.0000;2;0;1;1;0;0;
EBT;UF;3512100;4.0000;1;0;0;1;0;0;
EBT;UF;3512209;4.0000;1;0;0;1;0;0;
EBT;UF;3512407;38.0000;9;0;1;8;0;0;
EBT;UF;3512803;12.0000;4;0;2;2;0;0;
EBT;UF;3513009;109.2500;20;1;3;15;1;0;
EBT;UF;3513108;24.0000;4;0;2;1;1;0;
EBT;UF;3513405;26.0000;4;0;1;2;1;0;
EBT;UF;3513504;451.0000;29;0;8;14;6;1;
EBT;UF;3513702;28.2500;4;1;0;2;1;0;
EBT;UF;3513801;168.0000;25;0;3;19;3;0;
EBT;UF;3514106;8.0000;1;0;0;1;0;0;
EBT;UF;3514403;4.0000;1;0;0;1;0;0;
EBT;UF;3514809;8.0000;1;0;0;1;0;0;
EBT;UF;3514908;6.0000;2;0;1;1;0;0;
EBT;UF;3515004;94.0000;17;0;7;9;1;0;
EBT;UF;3515103;20.0000;5;0;2;3;0;0;
EBT;UF;3515152;22.0000;5;0;3;2;0;0;
EBT;UF;3515186;14.1250;4;1;1;2;0;0;
EBT;UF;3515194;20.0000;2;0;0;1;1;0;
EBT;UF;3515202;2.0000;1;0;1;0;0;0;
EBT;UF;3515509;12.0000;4;0;2;2;0;0;
EBT;UF;3515707;8.0000;2;0;0;2;0;0;
EBT;UF;3516200;52.3750;17;2;6;9;0;0;
EBT;UF;3516408;14.0000;3;0;1;2;0;0;
EBT;UF;3516705;20.0000;3;0;0;3;0;0;
EBT;UF;3516853;322.2500;6;1;2;1;0;2;
EBT;UF;3517109;4.0000;1;0;0;1;0;0;
EBT;UF;3517208;6.0000;2;0;1;1;0;0;
EBT;UF;3517406;4.0000;2;0;2;0;0;0;
EBT;UF;3517505;4.0000;1;0;0;1;0;0;
EBT;UF;3517703;14.0000;3;0;1;2;0;0;
EBT;UF;3518206;16.0000;2;0;0;2;0;0;
EBT;UF;3518305;16.0000;4;0;2;2;0;0;
EBT;UF;3518404;141.0000;16;4;4;5;3;0;
EBT;UF;3518602;10.4375;3;1;1;1;0;0;
EBT;UF;3518701;160.5000;17;1;4;8;4;0;
EBT;UF;3518800;737.7500;143;17;31;86;9;0;
EBT;UF;3519055;4.0000;1;0;0;1;0;0;
EBT;UF;3519071;128.0000;17;0;0;16;1;0;
EBT;UF;3519303;1.1250;2;1;1;0;0;0;
EBT;UF;3519600;13.0000;5;2;2;1;0;0;
EBT;UF;3519808;4.0000;2;0;2;0;0;0;
EBT;UF;3520103;6.0000;2;0;1;1;0;0;
EBT;UF;3520509;431.0000;37;0;5;27;4;1;
EBT;UF;3520905;4.0000;1;0;0;1;0;0;
EBT;UF;3521002;12.0000;2;0;0;2;0;0;
EBT;UF;3521101;8.0000;1;0;0;1;0;0;
EBT;UF;3521200;0.0625;1;1;0;0;0;0;
EBT;UF;3521309;2.0000;1;0;1;0;0;0;
EBT;UF;3521408;12.0000;3;0;0;3;0;0;
EBT;UF;3522208;56.1250;5;1;1;1;2;0;
EBT;UF;3522307;34.2500;9;1;1;7;0;0;
EBT;UF;3522505;59.0000;9;0;2;6;1;0;
EBT;UF;3522604;4.0000;1;0;0;1;0;0;
EBT;UF;3522703;4.0000;1;0;0;1;0;0;
EBT;UF;3522901;10.0000;2;0;1;1;0;0;
EBT;UF;3523008;4.0000;1;0;0;1;0;0;
EBT;UF;3523107;30.2500;11;1;5;5;0;0;
EBT;UF;3523404;66.0000;9;0;2;6;1;0;
EBT;UF;3523503;2.0000;1;0;1;0;0;0;
EBT;UF;3523602;18.0000;5;0;1;4;0;0;
EBT;UF;3523909;192.0000;35;0;9;25;1;0;
EBT;UF;3524006;70.0000;10;0;1;8;1;0;
EBT;UF;3524105;8.0000;2;0;0;2;0;0;
EBT;UF;3524303;14.0000;4;0;1;3;0;0;
EBT;UF;3524402;153.5625;19;2;7;7;3;0;
EBT;UF;3524501;4.0000;1;0;0;1;0;0;
EBT;UF;3524709;116.2500;20;1;3;15;1;0;
EBT;UF;3525003;62.2500;9;1;1;6;1;0;
EBT;UF;3525102;12.0625;3;1;0;2;0;0;
EBT;UF;3525300;48.0000;3;0;0;2;1;0;
EBT;UF;3525904;453.5000;81;1;17;61;2;0;
EBT;UF;3526001;8.0000;1;0;0;1;0;0;
EBT;UF;3526100;4.5000;2;1;0;1;0;0;
EBT;UF;3526407;6.0000;2;0;1;1;0;0;
EBT;UF;3526704;4.0000;1;0;0;1;0;0;
EBT;UF;3526803;165.0000;5;0;3;1;0;1;
EBT;UF;3526902;150.2500;34;1;9;23;1;0;
EBT;UF;3527108;188.0000;14;0;2;8;4;0;
EBT;UF;3527207;54.5000;10;1;1;8;0;0;
EBT;UF;3527306;152.0000;10;0;0;6;4;0;
EBT;UF;3527603;18.0000;3;0;1;2;0;0;
EBT;UF;3528403;26.0000;4;0;1;3;0;0;
EBT;UF;3528502;38.0000;2;0;0;1;1;0;
EBT;UF;3528809;8.0000;1;0;0;1;0;0;
EBT;UF;3529005;83.5000;16;4;4;7;1;0;
EBT;UF;3529302;44.0000;6;0;0;5;1;0;
EBT;UF;3529401;118.6250;19;2;5;10;2;0;
EBT;UF;3529609;4.0000;1;0;0;1;0;0;
EBT;UF;3530102;4.0000;1;0;0;1;0;0;
EBT;UF;3530201;8.0000;1;0;0;1;0;0;
EBT;UF;3530300;12.2500;4;1;2;1;0;0;
EBT;UF;3530508;20.5000;4;1;0;3;0;0;
EBT;UF;3530607;417.7500;39;3;10;20;5;1;
EBT;UF;3530706;102.0000;10;0;3;5;2;0;
EBT;UF;3530805;54.0000;12;0;5;7;0;0;
EBT;UF;3531209;4.0000;1;0;0;1;0;0;
EBT;UF;3531308;179.0000;6;0;2;3;0;1;
EBT;UF;3531803;88.0000;6;0;1;3;2;0;
EBT;UF;3531902;4.0000;1;0;0;1;0;0;
EBT;UF;3532009;8.0000;2;0;0;2;0;0;
EBT;UF;3532058;8.0000;1;0;0;1;0;0;
EBT;UF;3532801;4.0000;1;0;0;1;0;0;
EBT;UF;3532900;8.0000;2;0;0;2;0;0;
EBT;UF;3533007;12.0000;2;0;0;2;0;0;
EBT;UF;3533403;36.0000;7;0;2;5;0;0;
EBT;UF;3533601;4.0000;1;0;0;1;0;0;
EBT;UF;3534302;12.0000;2;0;0;2;0;0;
EBT;UF;3534401;578.5000;54;8;10;32;2;2;
EBT;UF;3534708;46.0000;6;0;3;2;1;0;
EBT;UF;3534757;2.0000;1;0;1;0;0;0;
EBT;UF;3535309;2.0000;1;0;1;0;0;0;
EBT;UF;3535507;56.0000;5;0;0;3;2;0;
EBT;UF;3535705;8.0000;1;0;0;1;0;0;
EBT;UF;3536000;2.0000;1;0;1;0;0;0;
EBT;UF;3536307;14.5000;4;1;1;2;0;0;
EBT;UF;3536505;264.5000;45;1;5;36;3;0;
EBT;UF;3536703;22.0000;4;0;1;3;0;0;
EBT;UF;3537305;18.3750;5;1;1;3;0;0;
EBT;UF;3538006;102.0000;14;0;3;9;2;0;
EBT;UF;3538600;4.0000;1;0;0;1;0;0;
EBT;UF;3538709;536.0000;50;0;12;32;5;1;
EBT;UF;3538808;40.0000;3;0;0;1;2;0;
EBT;UF;3539004;2.0000;1;0;1;0;0;0;
EBT;UF;3539103;8.0000;1;0;0;1;0;0;
EBT;UF;3539301;16.0000;4;0;0;4;0;0;
EBT;UF;3539509;13.0000;3;0;1;2;0;0;
EBT;UF;3539608;4.0000;1;0;0;1;0;0;
EBT;UF;3539806;30.7500;8;2;1;5;0;0;
EBT;UF;3540002;56.0000;3;0;0;1;2;0;
EBT;UF;3540200;4.0000;1;0;0;1;0;0;
EBT;UF;3540705;3.0000;2;0;2;0;0;0;
EBT;UF;3540804;4.0000;1;0;0;1;0;0;
EBT;UF;3541000;60.2500;9;1;3;4;1;0;
EBT;UF;3541208;8.0000;1;0;0;1;0;0;
EBT;UF;3541307;0.5000;1;1;0;0;0;0;
EBT;UF;3541406;18.2500;5;1;1;3;0;0;
EBT;UF;3541604;44.0000;4;0;0;2;2;0;
EBT;UF;3542107;8.0000;1;0;0;1;0;0;
EBT;UF;3542404;7.1250;6;4;1;1;0;0;
EBT;UF;3542602;14.0000;3;0;1;2;0;0;
EBT;UF;3543303;16.0000;2;0;0;2;0;0;
EBT;UF;3543402;373.6250;80;12;19;46;3;0;
EBT;UF;3543907;136.7500;26;2;4;19;1;0;
EBT;UF;3544004;7.0000;3;0;2;1;0;0;
EBT;UF;3544251;10.0000;2;0;1;1;0;0;
EBT;UF;3545001;4.0000;1;0;0;1;0;0;
EBT;UF;3545159;8.0000;1;0;0;1;0;0;
EBT;UF;3545209;71.2500;16;1;6;8;1;0;
EBT;UF;3545308;16.0000;3;0;0;3;0;0;
EBT;UF;3545704;4.0000;1;0;0;1;0;0;
EBT;UF;3545803;60.5000;15;1;4;10;0;0;
EBT;UF;3546306;8.0000;2;0;0;2;0;0;
EBT;UF;3546405;48.2500;12;1;4;7;0;0;
EBT;UF;3546603;4.0625;2;1;0;1;0;0;
EBT;UF;3546702;16.0000;4;0;2;2;0;0;
EBT;UF;3546801;6.0000;2;0;1;1;0;0;
EBT;UF;3547304;73.0000;13;2;4;6;1;0;
EBT;UF;3547502;6.2500;3;1;1;1;0;0;
EBT;UF;3547601;14.2500;5;1;1;3;0;0;
EBT;UF;3547809;215.7500;32;2;9;17;4;0;
EBT;UF;3548005;8.0000;2;0;0;2;0;0;
EBT;UF;3548500;154.0000;38;3;11;24;0;0;
EBT;UF;3548708;443.1250;59;1;10;42;6;0;
EBT;UF;3548807;62.0000;9;0;3;5;1;0;
EBT;UF;3548906;140.3125;35;2;12;21;0;0;
EBT;UF;3549102;72.0625;10;1;2;6;1;0;
EBT;UF;3549409;2.0000;1;0;1;0;0;0;
EBT;UF;3549706;4.0000;1;0;0;1;0;0;
EBT;UF;3549805;47.1250;16;1;8;7;0;0;
EBT;UF;3549904;392.6875;40;10;9;15;5;1;
EBT;UF;3549953;8.0000;1;0;0;1;0;0;
EBT;UF;3550100;6.2500;3;1;1;1;0;0;
EBT;UF;3550209;2.0000;1;0;1;0;0;0;
EBT;UF;3550308;6823.8125;914;93;205;517;92;7;
EBT;UF;3550605;26.0000;6;0;1;5;0;0;
EBT;UF;3550803;12.0000;2;0;0;2;0;0;
EBT;UF;3550902;2.0000;1;0;1;0;0;0;
EBT;UF;3551009;22.0000;5;0;1;4;0;0;
EBT;UF;3551306;4.0000;1;0;0;1;0;0;
EBT;UF;3551603;4.0000;2;0;2;0;0;0;
EBT;UF;3551702;164.0625;22;1;7;10;4;0;
EBT;UF;3552205;301.2500;53;9;10;29;5;0;
EBT;UF;3552403;208.7500;37;3;4;27;3;0;
EBT;UF;3552502;85.2500;15;3;4;6;2;0;
EBT;UF;3552551;2.0000;1;0;1;0;0;0;
EBT;UF;3552700;2.0000;1;0;1;0;0;0;
EBT;UF;3552809;314.2500;19;1;4;9;4;1;
EBT;UF;3553401;4.0000;2;0;2;0;0;0;
EBT;UF;3553609;12.0000;2;0;0;2;0;0;
EBT;UF;3553708;8.0000;1;0;0;1;0;0;
EBT;UF;3553906;4.0000;1;0;0;1;0;0;
EBT;UF;3553955;64.0000;2;0;0;0;2;0;
EBT;UF;3554003;64.0000;13;0;2;11;0;0;
EBT;UF;3554102;118.1875;19;2;5;9;3;0;
EBT;UF;3554508;4.0000;2;0;2;0;0;0;
EBT;UF;3554805;4.2500;2;1;0;1;0;0;
EBT;UF;3555000;2.0000;1;0;1;0;0;0;
EBT;UF;3555604;4.0000;2;0;2;0;0;0;
EBT;UF;3555802;4.0000;1;0;0;1;0;0;
EBT;UF;3556206;140.0000;12;0;1;8;3;0;
EBT;UF;3556305;16.0000;2;0;0;2;0;0;
EBT;UF;3556404;4.0000;1;0;0;1;0;0;
EBT;UF;3556453;16.0000;2;0;0;2;0;0;
EBT;UF;3556503;28.0000;4;0;0;4;0;0;
EBT;UF;3556701;140.2500;25;1;6;16;2;0;
EBT;UF;3557006;32.0000;7;0;2;5;0;0;
EBT;UF;3557105;2.0000;1;0;1;0;0;0;
EBT;UF;4100400;0.5000;2;2;0;0;0;0;
EBT;UF;4101408;5.0000;3;0;3;0;0;0;
EBT;UF;4101507;36.0000;8;0;2;6;0;0;
EBT;UF;4101606;12.0000;2;0;0;2;0;0;
EBT;UF;4101804;89.0000;15;0;6;8;1;0;
EBT;UF;4102307;4.5000;2;1;0;1;0;0;
EBT;UF;4103701;28.0000;7;0;4;3;0;0;
EBT;UF;4104006;16.0000;4;0;0;4;0;0;
EBT;UF;4104204;38.0000;9;0;3;6;0;0;
EBT;UF;4104303;45.3750;10;6;2;1;1;0;
EBT;UF;4104659;29.0625;10;5;2;3;0;0;
EBT;UF;4104808;66.5000;10;1;4;4;1;0;
EBT;UF;4104907;15.0000;5;2;1;2;0;0;
EBT;UF;4105805;37.5000;9;1;3;5;0;0;
EBT;UF;4106902;852.0000;122;5;23;88;5;1;
EBT;UF;4107652;8.0000;1;0;0;1;0;0;
EBT;UF;4108304;74.0000;9;0;2;6;1;0;
EBT;UF;4108403;4.0000;1;0;0;1;0;0;
EBT;UF;4109401;3.0000;2;0;2;0;0;0;
EBT;UF;4109609;4.0000;1;0;0;1;0;0;
EBT;UF;4109807;6.2500;4;1;3;0;0;0;
EBT;UF;4110102;46.0000;3;0;0;2;1;0;
EBT;UF;4110706;4.1250;2;1;0;1;0;0;
EBT;UF;4111803;8.0000;2;0;0;2;0;0;
EBT;UF;4113007;4.0000;1;0;0;1;0;0;
EBT;UF;4113205;1.0000;2;2;0;0;0;0;
EBT;UF;4113700;38.0000;10;0;3;7;0;0;
EBT;UF;4114807;4.0000;1;0;0;1;0;0;
EBT;UF;4115200;53.0000;11;0;3;8;0;0;
EBT;UF;4115804;0.0625;1;1;0;0;0;0;
EBT;UF;4116604;4.0000;1;0;0;1;0;0;
EBT;UF;4118204;8.0000;2;0;0;2;0;0;
EBT;UF;4118402;1.2500;2;1;1;0;0;0;
EBT;UF;4118501;4.0000;1;0;0;1;0;0;
EBT;UF;4119152;30.0000;7;0;1;6;0;0;
EBT;UF;4119509;0.0625;1;1;0;0;0;0;
EBT;UF;4119905;24.5000;7;1;3;3;0;0;
EBT;UF;4120804;24.2500;5;1;0;4;0;0;
EBT;UF;4122206;20.0000;3;0;0;3;0;0;
EBT;UF;4122404;4.0000;1;0;0;1;0;0;
EBT;UF;4124020;4.0000;1;0;0;1;0;0;
EBT;UF;4125506;114.7500;23;0;6;17;0;0;
EBT;UF;4127106;6.0000;2;0;1;1;0;0;
EBT;UF;4127304;0.2500;1;1;0;0;0;0;
EBT;UF;4127601;8.0000;1;0;0;1;0;0;
EBT;UF;4127700;13.0000;6;0;5;1;0;0;
EBT;UF;4128104;12.0000;4;0;2;2;0;0;
EBT;UF;4128401;1.0000;1;0;1;0;0;0;
EBT;UF;4128708;6.0000;2;0;1;1;0;0;
EBT;UF;4201208;1.0000;1;0;1;0;0;0;
EBT;UF;4201307;14.0000;5;0;3;2;0;0;
EBT;UF;4201406;40.5000;8;1;2;5;0;0;
EBT;UF;4202008;16.0000;2;0;0;2;0;0;
EBT;UF;4202107;2.0000;1;0;1;0;0;0;
EBT;UF;4202305;12.5625;8;3;4;1;0;0;
EBT;UF;4202404;371.7500;46;4;20;19;2;1;
EBT;UF;4202800;6.5000;4;2;1;1;0;0;
EBT;UF;4202909;50.5625;16;2;9;5;0;0;
EBT;UF;4203006;40.5000;9;1;2;6;0;0;
EBT;UF;4203204;6.0000;2;0;1;1;0;0;
EBT;UF;4203907;8.0000;2;0;0;2;0;0;
EBT;UF;4203956;6.0000;2;0;1;1;0;0;
EBT;UF;4204202;50.2500;15;1;6;8;0;0;
EBT;UF;4204251;4.5000;2;1;0;1;0;0;
EBT;UF;4204301;104.0000;9;0;2;5;2;0;
EBT;UF;4204558;48.0000;5;0;2;2;1;0;
EBT;UF;4204608;175.0000;24;3;7;11;3;0;
EBT;UF;4204806;8.0000;1;0;0;1;0;0;
EBT;UF;4205308;6.0000;2;0;1;1;0;0;
EBT;UF;4205407;215.1250;41;4;14;21;2;0;
EBT;UF;4205456;19.7500;7;2;3;2;0;0;
EBT;UF;4205506;4.0000;1;0;0;1;0;0;
EBT;UF;4205704;32.0000;1;0;0;0;1;0;
EBT;UF;4205902;18.0000;5;0;3;2;0;0;
EBT;UF;4206207;0.0625;1;1;0;0;0;0;
EBT;UF;4206504;6.0000;3;0;3;0;0;0;
EBT;UF;4206702;4.0000;1;0;0;1;0;0;
EBT;UF;4207007;18.0000;9;0;7;2;0;0;
EBT;UF;4207304;14.0000;3;0;1;2;0;0;
EBT;UF;4207502;15.0000;4;0;2;2;0;0;
EBT;UF;4208104;4.0000;1;0;0;1;0;0;
EBT;UF;4208203;179.5000;33;1;10;21;1;0;
EBT;UF;4208807;8.2500;4;1;2;1;0;0;
EBT;UF;4208906;60.1875;15;2;2;11;0;0;
EBT;UF;4209003;24.0000;5;0;0;5;0;0;
EBT;UF;4209102;144.7500;24;2;4;17;1;0;
EBT;UF;4209300;70.0000;11;0;4;6;1;0;
EBT;UF;4209409;10.2500;3;1;1;1;0;0;
EBT;UF;4210100;48.0000;4;0;0;3;1;0;
EBT;UF;4210605;6.0000;2;0;1;1;0;0;
EBT;UF;4211207;10.0000;4;0;2;2;0;0;
EBT;UF;4211306;6.0000;3;0;3;0;0;0;
EBT;UF;4211603;36.0000;2;0;0;1;1;0;
EBT;UF;4211900;59.5000;18;1;13;3;1;0;
EBT;UF;4212908;2.0000;1;0;1;0;0;0;
EBT;UF;4213203;74.0000;10;0;3;5;2;0;
EBT;UF;4213500;0.5000;1;1;0;0;0;0;
EBT;UF;4215000;42.0000;10;0;7;2;1;0;
EBT;UF;4215505;2.0000;1;0;1;0;0;0;
EBT;UF;4215802;26.0000;7;0;3;4;0;0;
EBT;UF;4216206;28.0000;6;0;2;4;0;0;
EBT;UF;4216602;161.5000;4;1;1;1;0;1;
EBT;UF;4217006;64.0000;2;0;0;0;2;0;
EBT;UF;4217402;4.0000;1;0;0;1;0;0;
EBT;UF;4217501;8.0000;1;0;0;1;0;0;
EBT;UF;4217600;6.0000;2;0;1;1;0;0;
EBT;UF;4217709;4.0000;1;0;0;1;0;0;
EBT;UF;4218004;46.5000;13;1;6;6;0;0;
EBT;UF;4218202;2.0000;1;0;1;0;0;0;
EBT;UF;4218509;2.0000;1;0;1;0;0;0;
EBT;UF;4218707;34.0625;9;1;3;5;0;0;
EBT;UF;4218905;2.0000;1;0;1;0;0;0;
EBT;UF;4219176;8.0000;1;0;0;1;0;0;
EBT;UF;4219309;34.0000;7;0;3;4;0;0;
EBT;UF;4219507;10.0000;3;0;2;1;0;0;
EBT;UF;4300604;24.2500;7;1;2;4;0;0;
EBT;UF;4301008;9.0000;2;0;1;1;0;0;
EBT;UF;4301958;2.0000;1;0;1;0;0;0;
EBT;UF;4302105;128.0000;24;0;2;22;0;0;
EBT;UF;4302352;10.0000;2;0;1;1;0;0;
EBT;UF;4302402;4.0000;1;0;0;1;0;0;
EBT;UF;4302709;2.0000;2;0;2;0;0;0;
EBT;UF;4303103;54.6250;13;2;3;8;0;0;
EBT;UF;4303509;6.7500;4;2;1;1;0;0;
EBT;UF;4303905;98.0000;15;0;1;13;1;0;
EBT;UF;4304408;32.0000;5;0;0;5;0;0;
EBT;UF;4304606;349.8125;69;6;16;45;2;0;
EBT;UF;4304705;25.2500;8;1;3;4;0;0;
EBT;UF;4304804;36.0000;6;0;2;3;1;0;
EBT;UF;4305108;358.0000;71;5;8;58;0;0;
EBT;UF;4305306;16.0000;3;0;0;3;0;0;
EBT;UF;4305355;9.0000;2;0;1;1;0;0;
EBT;UF;4306106;24.0000;3;0;0;2;1;0;
EBT;UF;4306205;4.0000;1;0;0;1;0;0;
EBT;UF;4306403;48.0000;5;0;0;4;1;0;
EBT;UF;4306767;74.0625;6;1;1;2;2;0;
EBT;UF;4307005;79.0000;20;0;8;12;0;0;
EBT;UF;4307203;34.0000;1;0;0;0;1;0;
EBT;UF;4307559;4.0000;1;0;0;1;0;0;
EBT;UF;4307609;12.5000;4;1;2;1;0;0;
EBT;UF;4307708;52.5625;20;2;12;6;0;0;
EBT;UF;4307807;44.0000;10;0;4;6;0;0;
EBT;UF;4307906;58.0000;11;0;1;10;0;0;
EBT;UF;4308078;4.0000;1;0;0;1;0;0;
EBT;UF;4308102;4.0000;1;0;0;1;0;0;
EBT;UF;4308201;16.0000;5;0;2;3;0;0;
EBT;UF;4308607;14.0000;3;0;1;2;0;0;
EBT;UF;4308904;2.0000;1;0;1;0;0;0;
EBT;UF;4309050;3.0000;2;0;2;0;0;0;
EBT;UF;4309100;32.0000;5;0;0;5;0;0;
EBT;UF;4309209;215.0000;44;2;11;29;2;0;
EBT;UF;4309308;22.6250;7;2;2;3;0;0;
EBT;UF;4309407;24.0000;6;0;2;4;0;0;
EBT;UF;4309605;6.0000;2;0;1;1;0;0;
EBT;UF;4310009;25.0000;3;0;1;1;1;0;
EBT;UF;4310108;20.0000;3;0;0;3;0;0;
EBT;UF;4310207;81.0000;22;0;13;8;1;0;
EBT;UF;4310405;4.0000;1;0;0;1;0;0;
EBT;UF;4310439;0.1250;1;1;0;0;0;0;
EBT;UF;4310801;24.0000;6;0;2;4;0;0;
EBT;UF;4311403;66.5000;14;1;3;10;0;0;
EBT;UF;4311627;8.0000;1;0;0;1;0;0;
EBT;UF;4311809;13.0000;5;0;3;2;0;0;
EBT;UF;4312138;2.0000;1;0;1;0;0;0;
EBT;UF;4312401;81.5000;23;2;8;13;0;0;
EBT;UF;4312476;4.0000;1;0;0;1;0;0;
EBT;UF;4312658;16.0000;2;0;0;2;0;0;
EBT;UF;4312757;2.0000;1;0;1;0;0;0;
EBT;UF;4312906;10.0000;3;0;1;2;0;0;
EBT;UF;4313060;10.5000;3;1;1;1;0;0;
EBT;UF;4313201;12.0000;2;0;0;2;0;0;
EBT;UF;4313300;27.0000;6;0;2;4;0;0;
EBT;UF;4313375;21.0000;4;0;1;3;0;0;
EBT;UF;4313409;139.0000;39;2;15;22;0;0;
EBT;UF;4313904;107.0000;10;2;0;6;2;0;
EBT;UF;4314050;12.0000;2;0;0;2;0;0;
EBT;UF;4314076;0.5000;1;1;0;0;0;0;
EBT;UF;4314100;76.7500;19;2;2;15;0;0;
EBT;UF;4314407;54.5000;15;1;7;7;0;0;
EBT;UF;4314803;40.0000;6;0;0;6;0;0;
EBT;UF;4314902;965.9375;165;17;33;109;5;1;
EBT;UF;4315602;88.5000;18;1;7;8;2;0;
EBT;UF;4315701;4.0000;1;0;0;1;0;0;
EBT;UF;4316709;4.2500;2;1;0;1;0;0;
EBT;UF;4316808;122.1250;28;1;9;18;0;0;
EBT;UF;4316907;68.1250;16;1;4;11;0;0;
EBT;UF;4317202;56.0000;11;0;4;7;0;0;
EBT;UF;4317509;58.0000;12;0;3;9;0;0;
EBT;UF;4317608;2.0000;1;0;1;0;0;0;
EBT;UF;4317905;18.0000;3;0;1;2;0;0;
EBT;UF;4318481;2.0000;1;0;1;0;0;0;
EBT;UF;4318705;136.2500;31;1;13;16;1;0;
EBT;UF;4319000;68.0000;3;0;0;1;2;0;
EBT;UF;4319505;4.0000;1;0;0;1;0;0;
EBT;UF;4319802;2.0000;1;0;1;0;0;0;
EBT;UF;4319901;37.0000;13;0;9;4;0;0;
EBT;UF;4320008;94.5000;14;1;2;10;1;0;
EBT;UF;4320107;6.0000;2;0;1;1;0;0;
EBT;UF;4320404;38.0000;2;0;0;1;1;0;
EBT;UF;4321105;4.0000;1;0;0;1;0;0;
EBT;UF;4321204;2.0000;1;0;1;0;0;0;
EBT;UF;4321303;32.0000;4;0;0;3;1;0;
EBT;UF;4321436;4.0000;1;0;0;1;0;0;
EBT;UF;4321451;181.0000;4;0;1;1;1;1;
EBT;UF;4321501;4.0000;1;0;0;1;0;0;
EBT;UF;4321808;4.0000;1;0;0;1;0;0;
EBT;UF;4322004;139.0000;20;1;9;8;2;0;
EBT;UF;4322251;5.0000;2;0;1;1;0;0;
EBT;UF;4322301;4.0000;1;0;0;1;0;0;
EBT;UF;4322400;39.5000;13;2;6;5;0;0;
EBT;UF;4322509;78.0000;17;0;5;12;0;0;
EBT;UF;4322608;142.5000;25;2;9;12;2;0;
EBT;UF;4322707;9.0000;4;0;3;1;0;0;
EBT;UF;4322806;24.0000;5;0;0;5;0;0;
EBT;UF;4323002;34.0000;7;0;1;6;0;0;
EBT;UF;4323309;8.5000;2;1;0;1;0;0;
EBT;UF;4323804;8.0000;1;0;0;1;0;0;
EBT;UF;5000203;8.0000;2;0;0;2;0;0;
EBT;UF;5000609;2.0000;1;0;1;0;0;0;
EBT;UF;5000856;2.0000;1;0;1;0;0;0;
EBT;UF;5001003;2.0000;2;0;2;0;0;0;
EBT;UF;5001904;24.2500;4;1;0;3;0;0;
EBT;UF;5002407;2.0000;1;0;1;0;0;0;
EBT;UF;5002704;489.5625;66;8;22;25;11;0;
EBT;UF;5003207;2.2500;2;1;1;0;0;0;
EBT;UF;5003306;26.0000;6;0;3;3;0;0;
EBT;UF;5003504;1.0000;1;0;1;0;0;0;
EBT;UF;5003702;106.7500;14;2;5;5;2;0;
EBT;UF;5005707;4.2500;2;1;0;1;0;0;
EBT;UF;5006002;12.5000;4;1;2;1;0;0;
EBT;UF;5006309;9.5000;3;1;1;1;0;0;
EBT;UF;5007109;8.0000;1;0;0;1;0;0;
EBT;UF;5007208;10.2500;5;1;3;1;0;0;
EBT;UF;5007802;1.0000;1;0;1;0;0;0;
EBT;UF;5007901;41.2500;4;1;1;1;1;0;
EBT;UF;5008305;95.8750;34;6;17;11;0;0;
EBT;UF;5100102;2.0000;1;0;1;0;0;0;
EBT;UF;5100300;1.5000;3;3;0;0;0;0;
EBT;UF;5100409;8.0000;2;0;0;2;0;0;
EBT;UF;5101803;13.0000;5;0;3;2;0;0;
EBT;UF;5102504;22.7500;13;3;9;1;0;0;
EBT;UF;5103007;4.0000;2;0;2;0;0;0;
EBT;UF;5103403;275.5625;82;20;28;32;2;0;
EBT;UF;5104609;9.5000;10;6;4;0;0;0;
EBT;UF;5104807;2.0000;1;0;1;0;0;0;
EBT;UF;5105259;3.5000;4;3;1;0;0;0;
EBT;UF;5105622;21.5000;9;3;4;2;0;0;
EBT;UF;5106372;3.5000;4;1;3;0;0;0;
EBT;UF;5106752;3.2500;3;1;2;0;0;0;
EBT;UF;5107107;32.0000;2;0;0;0;2;0;
EBT;UF;5107198;2.0000;1;0;1;0;0;0;
EBT;UF;5107602;83.0625;38;6;24;8;0;0;
EBT;UF;5107800;8.0000;2;0;0;2;0;0;
EBT;UF;5107909;20.2500;7;1;4;2;0;0;
EBT;UF;5107958;4.0000;1;0;0;1;0;0;
EBT;UF;5108402;82.5000;29;1;19;9;0;0;
EBT;UF;5200050;4.0000;1;0;0;1;0;0;
EBT;UF;5200134;2.0000;1;0;1;0;0;0;
EBT;UF;5200308;19.0000;5;0;2;3;0;0;
EBT;UF;5201108;179.5000;50;3;18;29;0;0;
EBT;UF;5201405;235.5625;59;7;20;31;1;0;
EBT;UF;5203302;25.0000;5;0;1;4;0;0;
EBT;UF;5204854;2.0000;1;0;1;0;0;0;
EBT;UF;5205109;58.2500;14;3;3;8;0;0;
EBT;UF;5205406;2.0000;1;0;1;0;0;0;
EBT;UF;5205455;6.5000;3;1;1;1;0;0;
EBT;UF;5205497;8.0000;1;0;0;1;0;0;
EBT;UF;5206206;14.5000;5;1;1;3;0;0;
EBT;UF;5208707;738.9375;157;8;41;104;4;0;
EBT;UF;5208806;24.0000;6;0;4;2;0;0;
EBT;UF;5209200;2.0000;1;0;1;0;0;0;
EBT;UF;5210000;9.0000;4;0;3;1;0;0;
EBT;UF;5210109;8.2500;2;1;0;1;0;0;
EBT;UF;5211503;69.0000;11;0;3;7;1;0;
EBT;UF;5211800;4.0000;1;0;0;1;0;0;
EBT;UF;5211909;88.0000;28;5;11;12;0;0;
EBT;UF;5212501;60.0625;31;6;19;6;0;0;
EBT;UF;5213103;12.5000;4;1;2;1;0;0;
EBT;UF;5213806;8.0000;1;0;0;1;0;0;
EBT;UF;5214002;0.5000;1;1;0;0;0;0;
EBT;UF;5214507;8.0000;1;0;0;1;0;0;
EBT;UF;5215231;4.0000;1;0;0;1;0;0;
EBT;UF;5215702;2.0000;1;0;1;0;0;0;
EBT;UF;5218003;1.5000;3;3;0;0;0;0;
EBT;UF;5218789;4.0000;1;0;0;1;0;0;
EBT;UF;5218805;95.5000;27;1;12;14;0;0;
EBT;UF;5220454;26.0000;6;0;1;5;0;0;
EBT;UF;5221403;16.5000;5;1;0;4;0;0;
EBT;UF;5221601;24.7500;12;2;7;3;0;0;
EBT;UF;5221858;4.5000;2;1;0;1;0;0;
EBT;UF;5300108;774.0000;223;42;90;87;4;0;
09;1134;
