01;CLA;IPL4;201504;
EBT;UF;1100023;26.5000;7;1;4;2;0;0;
EBT;UF;1100049;24.0000;6;0;4;2;0;0;
EBT;UF;1100114;8.0000;1;0;0;1;0;0;
EBT;UF;1100122;18.0000;7;0;5;2;0;0;
EBT;UF;1100155;13.5000;4;1;1;2;0;0;
EBT;UF;1100189;10.5000;6;1;4;1;0;0;
EBT;UF;1100205;144.0000;37;7;10;19;1;0;
EBT;UF;1100254;6.0000;3;0;3;0;0;0;
EBT;UF;1100304;12.1250;4;1;2;1;0;0;
EBT;UF;1200203;5.2500;4;1;3;0;0;0;
EBT;UF;1200401;93.2500;26;2;9;14;1;0;
EBT;UF;1301852;4.0000;1;0;0;1;0;0;
EBT;UF;1301902;0.0625;1;1;0;0;0;0;
EBT;UF;1302603;617.6250;224;75;56;90;3;0;
EBT;UF;1400100;20.9375;28;16;12;0;0;0;
EBT;UF;1500602;65.0000;17;0;1;16;0;0;
EBT;UF;1500800;44.3125;13;4;2;7;0;0;
EBT;UF;1501303;76.8125;21;7;7;6;1;0;
EBT;UF;1501402;171.3125;34;4;8;21;1;0;
EBT;UF;1501501;50.8750;16;3;5;8;0;0;
EBT;UF;1501782;4.0000;1;0;0;1;0;0;
EBT;UF;1502202;10.0000;3;0;1;2;0;0;
EBT;UF;1502400;42.2500;7;1;1;4;1;0;
EBT;UF;1503606;0.1250;1;1;0;0;0;0;
EBT;UF;1504208;87.6250;32;7;14;11;0;0;
EBT;UF;1504422;36.0000;7;0;0;7;0;0;
EBT;UF;1505502;27.0000;12;0;10;2;0;0;
EBT;UF;1505536;6.2500;6;3;3;0;0;0;
EBT;UF;1506138;3.0000;2;0;2;0;0;0;
EBT;UF;1506500;4.2500;2;1;0;1;0;0;
EBT;UF;1506609;0.2500;1;1;0;0;0;0;
EBT;UF;1506807;19.3125;6;2;2;2;0;0;
EBT;UF;1507953;8.0000;1;0;0;1;0;0;
EBT;UF;1600303;23.0625;17;8;8;1;0;0;
EBT;UF;1600600;2.3125;4;2;2;0;0;0;
EBT;UF;1700301;34.0000;1;0;0;0;1;0;
EBT;UF;1702109;30.0000;10;0;5;5;0;0;
EBT;UF;1705508;8.0000;5;2;2;1;0;0;
EBT;UF;1709302;8.0000;2;0;0;2;0;0;
EBT;UF;1709500;22.0000;7;0;4;3;0;0;
EBT;UF;1713205;8.0000;2;0;0;2;0;0;
EBT;UF;1713304;4.0000;1;0;0;1;0;0;
EBT;UF;1716109;4.0000;1;0;0;1;0;0;
EBT;UF;1718451;4.0000;1;0;0;1;0;0;
EBT;UF;1721000;77.5000;15;1;7;6;1;0;
EBT;UF;1721208;2.0000;1;0;1;0;0;0;
EBT;UF;1722081;4.0000;2;0;2;0;0;0;
EBT;UF;2100055;12.2500;4;1;0;3;0;0;
EBT;UF;2100204;32.0000;1;0;0;0;1;0;
EBT;UF;2101202;4.7500;3;2;0;1;0;0;
EBT;UF;2101251;6.0000;2;0;1;1;0;0;
EBT;UF;2103000;22.0000;6;0;1;5;0;0;
EBT;UF;2103307;6.5000;3;1;1;1;0;0;
EBT;UF;2105302;15.4375;8;3;4;1;0;0;
EBT;UF;2105500;2.0000;1;0;1;0;0;0;
EBT;UF;2106755;5.7500;5;2;3;0;0;0;
EBT;UF;2107357;2.0000;1;0;1;0;0;0;
EBT;UF;2107506;16.0000;2;0;0;2;0;0;
EBT;UF;2109601;4.0000;1;0;0;1;0;0;
EBT;UF;2109908;8.0000;2;0;0;2;0;0;
EBT;UF;2111201;1.2500;2;1;1;0;0;0;
EBT;UF;2111300;157.4375;53;18;18;16;1;0;
EBT;UF;2111508;4.2500;3;1;2;0;0;0;
EBT;UF;2112209;32.2500;6;1;0;5;0;0;
EBT;UF;2200509;1.0000;1;0;1;0;0;0;
EBT;UF;2202000;44.0000;3;0;1;1;1;0;
EBT;UF;2203305;6.0000;3;0;3;0;0;0;
EBT;UF;2203909;1.0000;1;0;1;0;0;0;
EBT;UF;2207702;13.6250;6;3;1;2;0;0;
EBT;UF;2208007;1.5000;3;3;0;0;0;0;
EBT;UF;2208403;4.0000;1;0;0;1;0;0;
EBT;UF;2211001;107.6875;37;7;12;18;0;0;
EBT;UF;2300150;1.0000;1;0;1;0;0;0;
EBT;UF;2301000;46.0000;12;0;4;8;0;0;
EBT;UF;2301109;18.0000;5;0;3;2;0;0;
EBT;UF;2301901;4.0000;1;0;0;1;0;0;
EBT;UF;2303501;8.2500;2;1;0;1;0;0;
EBT;UF;2303709;34.7500;11;3;2;6;0;0;
EBT;UF;2304202;20.0000;5;0;2;3;0;0;
EBT;UF;2304285;25.0000;6;0;3;3;0;0;
EBT;UF;2304400;195.3750;43;5;7;30;1;0;
EBT;UF;2304954;2.0000;1;0;1;0;0;0;
EBT;UF;2305233;4.5000;2;1;0;1;0;0;
EBT;UF;2305357;4.0000;1;0;0;1;0;0;
EBT;UF;2305506;12.0000;2;0;0;2;0;0;
EBT;UF;2306256;2.0000;1;0;1;0;0;0;
EBT;UF;2307304;24.2500;4;1;0;3;0;0;
EBT;UF;2307601;4.0000;1;0;0;1;0;0;
EBT;UF;2307650;122.2500;30;1;11;18;0;0;
EBT;UF;2309607;12.0000;3;0;2;1;0;0;
EBT;UF;2309706;20.5000;7;2;2;3;0;0;
EBT;UF;2310852;2.0000;1;0;1;0;0;0;
EBT;UF;2311504;8.0000;1;0;0;1;0;0;
EBT;UF;2311603;4.0000;2;0;2;0;0;0;
EBT;UF;2312403;12.0000;2;0;0;2;0;0;
EBT;UF;2312908;37.3750;11;4;2;5;0;0;
EBT;UF;2400109;8.0000;1;0;0;1;0;0;
EBT;UF;2400208;2.0000;1;0;1;0;0;0;
EBT;UF;2400703;16.0000;2;0;0;2;0;0;
EBT;UF;2400802;12.0000;2;0;0;2;0;0;
EBT;UF;2402204;8.0000;1;0;0;1;0;0;
EBT;UF;2402303;0.5000;1;1;0;0;0;0;
EBT;UF;2403103;24.6250;5;2;0;3;0;0;
EBT;UF;2403251;91.0000;16;0;2;14;0;0;
EBT;UF;2404200;16.0000;2;0;0;2;0;0;
EBT;UF;2404705;16.0000;2;0;0;2;0;0;
EBT;UF;2407104;56.0000;11;0;2;9;0;0;
EBT;UF;2407203;4.0000;1;0;0;1;0;0;
EBT;UF;2407401;16.0000;2;0;0;2;0;0;
EBT;UF;2408003;228.5000;45;2;10;33;0;0;
EBT;UF;2408102;588.0625;56;1;8;40;6;1;
EBT;UF;2408300;4.0000;1;0;0;1;0;0;
EBT;UF;2409100;8.0000;1;0;0;1;0;0;
EBT;UF;2409902;8.0000;1;0;0;1;0;0;
EBT;UF;2410207;16.0000;2;0;0;2;0;0;
EBT;UF;2411205;36.0000;2;0;0;1;1;0;
EBT;UF;2412005;40.0000;8;0;2;6;0;0;
EBT;UF;2412203;4.0000;1;0;0;1;0;0;
EBT;UF;2414001;8.0000;1;0;0;1;0;0;
EBT;UF;2500106;8.0000;1;0;0;1;0;0;
EBT;UF;2500304;0.5000;2;2;0;0;0;0;
EBT;UF;2500601;37.2500;10;1;5;4;0;0;
EBT;UF;2501005;20.2500;4;1;0;3;0;0;
EBT;UF;2501104;8.0000;1;0;0;1;0;0;
EBT;UF;2501807;2.0000;1;0;1;0;0;0;
EBT;UF;2503001;8.0000;1;0;0;1;0;0;
EBT;UF;2503209;47.1250;6;1;2;2;1;0;
EBT;UF;2503506;0.1250;1;1;0;0;0;0;
EBT;UF;2504009;248.0000;45;2;11;30;2;0;
EBT;UF;2504603;30.7500;11;2;5;4;0;0;
EBT;UF;2506301;32.0000;7;0;2;5;0;0;
EBT;UF;2506400;2.0000;1;0;1;0;0;0;
EBT;UF;2507507;426.9375;67;5;16;41;5;0;
EBT;UF;2508307;8.0000;1;0;0;1;0;0;
EBT;UF;2508604;9.0000;2;0;1;1;0;0;
EBT;UF;2508901;0.2500;1;1;0;0;0;0;
EBT;UF;2509305;0.1250;1;1;0;0;0;0;
EBT;UF;2510808;12.0000;3;0;2;1;0;0;
EBT;UF;2511202;3.0000;2;0;2;0;0;0;
EBT;UF;2511905;28.0000;3;0;1;1;1;0;
EBT;UF;2512507;12.5000;6;1;4;1;0;0;
EBT;UF;2513406;0.2500;1;1;0;0;0;0;
EBT;UF;2513703;60.2500;12;1;2;9;0;0;
EBT;UF;2515302;30.0000;5;0;1;4;0;0;
EBT;UF;2515807;4.0000;1;0;0;1;0;0;
EBT;UF;2516201;2.0000;1;0;1;0;0;0;
EBT;UF;2516706;4.0000;1;0;0;1;0;0;
EBT;UF;2600054;22.2500;9;1;5;3;0;0;
EBT;UF;2600401;16.0000;2;0;0;2;0;0;
EBT;UF;2600708;8.0000;2;0;0;2;0;0;
EBT;UF;2601102;1.0000;1;0;1;0;0;0;
EBT;UF;2601201;7.0000;3;0;2;1;0;0;
EBT;UF;2601409;1.5000;2;1;1;0;0;0;
EBT;UF;2601706;25.0000;6;0;3;3;0;0;
EBT;UF;2602902;252.5000;71;8;38;23;2;0;
EBT;UF;2603454;8.0000;1;0;0;1;0;0;
EBT;UF;2604007;12.2500;3;1;0;2;0;0;
EBT;UF;2604106;138.3750;41;6;18;17;0;0;
EBT;UF;2604502;2.0000;1;0;1;0;0;0;
EBT;UF;2605202;30.0000;7;0;4;3;0;0;
EBT;UF;2606002;17.0000;9;2;6;1;0;0;
EBT;UF;2606101;8.0000;1;0;0;1;0;0;
EBT;UF;2606200;44.0000;8;0;2;6;0;0;
EBT;UF;2606408;42.2500;4;1;1;1;1;0;
EBT;UF;2606804;67.7500;21;5;11;4;1;0;
EBT;UF;2607208;473.5000;77;1;46;27;2;1;
EBT;UF;2607653;12.0000;3;0;2;1;0;0;
EBT;UF;2607752;16.5000;8;2;4;2;0;0;
EBT;UF;2607901;280.6250;93;10;47;35;1;0;
EBT;UF;2608206;4.0000;1;0;0;1;0;0;
EBT;UF;2608305;8.0000;1;0;0;1;0;0;
EBT;UF;2608503;16.0000;3;0;0;3;0;0;
EBT;UF;2608750;8.0000;1;0;0;1;0;0;
EBT;UF;2608909;16.7500;8;3;4;1;0;0;
EBT;UF;2609105;2.0000;1;0;1;0;0;0;
EBT;UF;2609402;22.0000;4;0;1;3;0;0;
EBT;UF;2609501;0.2500;1;1;0;0;0;0;
EBT;UF;2609600;107.2500;25;1;6;18;0;0;
EBT;UF;2610004;21.0000;4;0;1;3;0;0;
EBT;UF;2610608;2.0000;1;0;1;0;0;0;
EBT;UF;2610707;72.1250;26;3;16;7;0;0;
EBT;UF;2610905;8.0000;2;0;0;2;0;0;
EBT;UF;2611101;149.3750;37;6;15;15;1;0;
EBT;UF;2611309;2.0000;1;0;1;0;0;0;
EBT;UF;2611606;603.0625;122;13;31;74;4;0;
EBT;UF;2611804;8.0000;1;0;0;1;0;0;
EBT;UF;2612208;3.0000;2;0;2;0;0;0;
EBT;UF;2612604;4.2500;2;1;0;1;0;0;
EBT;UF;2613008;26.5000;5;1;1;3;0;0;
EBT;UF;2613107;8.0000;1;0;0;1;0;0;
EBT;UF;2613701;3.0000;2;0;2;0;0;0;
EBT;UF;2614204;8.0000;1;0;0;1;0;0;
EBT;UF;2615300;10.0000;3;0;1;2;0;0;
EBT;UF;2616308;8.0000;1;0;0;1;0;0;
EBT;UF;2616407;51.2500;19;3;11;5;0;0;
EBT;UF;2616506;16.0000;2;0;0;2;0;0;
EBT;UF;2700300;12.5000;5;1;2;2;0;0;
EBT;UF;2702306;1.0000;1;0;1;0;0;0;
EBT;UF;2704302;219.6250;51;2;14;34;1;0;
EBT;UF;2704708;40.0000;14;0;10;4;0;0;
EBT;UF;2706802;4.0000;1;0;0;1;0;0;
EBT;UF;2706901;4.0000;1;0;0;1;0;0;
EBT;UF;2707701;10.3750;4;2;1;1;0;0;
EBT;UF;2707909;0.5000;1;1;0;0;0;0;
EBT;UF;2708501;0.2500;1;1;0;0;0;0;
EBT;UF;2708600;2.0000;1;0;1;0;0;0;
EBT;UF;2708907;12.0000;3;0;2;1;0;0;
EBT;UF;2709152;58.0000;3;0;0;1;2;0;
EBT;UF;2800308;267.2500;58;7;19;29;3;0;
EBT;UF;2800506;4.0000;1;0;0;1;0;0;
EBT;UF;2800605;59.5000;8;1;1;5;1;0;
EBT;UF;2800670;1.5000;2;1;1;0;0;0;
EBT;UF;2801504;8.0000;1;0;0;1;0;0;
EBT;UF;2802106;57.1250;19;1;13;5;0;0;
EBT;UF;2802304;0.2500;1;1;0;0;0;0;
EBT;UF;2802700;2.0000;1;0;1;0;0;0;
EBT;UF;2802908;10.0000;2;0;1;1;0;0;
EBT;UF;2803005;4.5000;2;1;0;1;0;0;
EBT;UF;2803203;46.0000;10;0;3;7;0;0;
EBT;UF;2803401;4.0000;1;0;0;1;0;0;
EBT;UF;2803500;13.7500;8;2;5;1;0;0;
EBT;UF;2803609;13.3750;5;2;1;2;0;0;
EBT;UF;2804003;16.0000;2;0;0;2;0;0;
EBT;UF;2804607;8.0000;1;0;0;1;0;0;
EBT;UF;2804805;78.2500;17;1;5;11;0;0;
EBT;UF;2804904;12.0000;2;0;0;2;0;0;
EBT;UF;2805307;4.0000;1;0;0;1;0;0;
EBT;UF;2806107;13.0000;4;0;3;1;0;0;
EBT;UF;2806206;2.0000;1;0;1;0;0;0;
EBT;UF;2806602;2.5000;2;1;1;0;0;0;
EBT;UF;2806701;20.7500;5;2;0;3;0;0;
EBT;UF;2807600;2.0000;1;0;1;0;0;0;
EBT;UF;2900702;30.2500;10;1;7;2;0;0;
EBT;UF;2903201;13.0000;9;2;6;1;0;0;
EBT;UF;2903276;4.0000;1;0;0;1;0;0;
EBT;UF;2904308;2.0000;1;0;1;0;0;0;
EBT;UF;2904902;40.0000;4;0;0;3;1;0;
EBT;UF;2905701;658.6875;97;12;34;45;5;1;
EBT;UF;2906006;16.0000;2;0;0;2;0;0;
EBT;UF;2906501;84.8750;20;5;8;6;1;0;
EBT;UF;2907301;2.0000;1;0;1;0;0;0;
EBT;UF;2907509;60.2500;6;1;0;3;2;0;
EBT;UF;2908507;8.0000;2;0;0;2;0;0;
EBT;UF;2908903;2.0000;1;0;1;0;0;0;
EBT;UF;2909802;6.3750;4;2;1;1;0;0;
EBT;UF;2910057;49.0000;15;0;9;6;0;0;
EBT;UF;2910503;74.0000;6;0;3;1;2;0;
EBT;UF;2910727;108.0000;19;3;8;6;2;0;
EBT;UF;2910800;151.8125;47;7;18;22;0;0;
EBT;UF;2911600;4.5000;2;1;0;1;0;0;
EBT;UF;2913606;21.0000;6;0;3;3;0;0;
EBT;UF;2913903;28.0000;13;4;6;3;0;0;
EBT;UF;2914604;2.0000;1;0;1;0;0;0;
EBT;UF;2914653;4.0000;1;0;0;1;0;0;
EBT;UF;2914802;20.0000;6;0;2;4;0;0;
EBT;UF;2914901;28.2500;7;1;2;4;0;0;
EBT;UF;2915205;20.0000;3;0;2;0;1;0;
EBT;UF;2915502;8.0000;1;0;0;1;0;0;
EBT;UF;2915601;10.0000;3;0;1;2;0;0;
EBT;UF;2916302;12.0000;2;0;0;2;0;0;
EBT;UF;2916401;10.5000;4;1;1;2;0;0;
EBT;UF;2917508;24.0000;2;0;0;1;1;0;
EBT;UF;2917706;12.1250;3;1;1;1;0;0;
EBT;UF;2917904;8.0000;1;0;0;1;0;0;
EBT;UF;2918001;26.0000;9;0;5;4;0;0;
EBT;UF;2918407;99.8750;27;4;10;13;0;0;
EBT;UF;2919207;2.0000;1;0;1;0;0;0;
EBT;UF;2919926;8.0000;2;0;0;2;0;0;
EBT;UF;2920601;16.0000;2;0;0;2;0;0;
EBT;UF;2921005;38.0000;6;0;1;5;0;0;
EBT;UF;2922003;78.0000;6;0;3;1;2;0;
EBT;UF;2923001;4.7500;3;2;0;1;0;0;
EBT;UF;2924009;0.2500;1;1;0;0;0;0;
EBT;UF;2925204;14.3750;9;5;3;1;0;0;
EBT;UF;2925303;126.0000;17;0;7;7;3;0;
EBT;UF;2925600;34.0000;1;0;0;0;1;0;
EBT;UF;2926301;32.0000;5;0;2;2;1;0;
EBT;UF;2927408;593.1875;136;19;32;82;3;0;
EBT;UF;2927705;4.0000;1;0;0;1;0;0;
EBT;UF;2928703;12.0000;5;0;4;1;0;0;
EBT;UF;2929206;94.7500;21;0;12;8;1;0;
EBT;UF;2929503;2.0000;1;0;1;0;0;0;
EBT;UF;2929602;2.2500;2;1;1;0;0;0;
EBT;UF;2930105;2.0000;1;0;1;0;0;0;
EBT;UF;2930501;90.0000;6;0;0;4;2;0;
EBT;UF;2930709;180.5625;41;4;14;22;1;0;
EBT;UF;2931350;99.8750;13;2;6;2;3;0;
EBT;UF;2932507;32.0000;1;0;0;0;1;0;
EBT;UF;2932903;8.0000;1;0;0;1;0;0;
EBT;UF;2933208;6.0000;2;0;1;1;0;0;
EBT;UF;2933307;63.0625;21;7;7;7;0;0;
EBT;UF;3100500;4.0000;2;0;2;0;0;0;
EBT;UF;3100906;2.0000;1;0;1;0;0;0;
EBT;UF;3101102;4.0000;2;0;2;0;0;0;
EBT;UF;3101508;3.0000;2;0;2;0;0;0;
EBT;UF;3101607;82.5000;14;2;2;9;1;0;
EBT;UF;3101904;24.0000;3;0;0;3;0;0;
EBT;UF;3102001;4.0000;1;0;0;1;0;0;
EBT;UF;3102100;2.0000;1;0;1;0;0;0;
EBT;UF;3102605;62.0000;10;0;5;4;1;0;
EBT;UF;3102902;8.0000;1;0;0;1;0;0;
EBT;UF;3103504;66.5000;18;1;8;9;0;0;
EBT;UF;3104007;261.2500;32;3;8;16;5;0;
EBT;UF;3104106;6.0000;2;0;1;1;0;0;
EBT;UF;3104205;18.0000;5;0;3;2;0;0;
EBT;UF;3104601;2.0000;1;0;1;0;0;0;
EBT;UF;3104809;2.0000;1;0;1;0;0;0;
EBT;UF;3105400;32.0000;5;0;1;4;0;0;
EBT;UF;3105608;49.9375;16;5;5;6;0;0;
EBT;UF;3106002;8.0000;2;0;0;2;0;0;
EBT;UF;3106200;1261.3125;140;19;33;74;11;3;
EBT;UF;3106309;36.0000;4;0;0;3;1;0;
EBT;UF;3106408;2.0000;1;0;1;0;0;0;
EBT;UF;3106705;230.5625;74;14;32;28;0;0;
EBT;UF;3106903;12.0000;2;0;0;2;0;0;
EBT;UF;3107109;2.0000;1;0;1;0;0;0;
EBT;UF;3108107;2.0000;1;0;1;0;0;0;
EBT;UF;3109006;67.0000;11;0;6;4;1;0;
EBT;UF;3109600;20.0000;2;0;0;1;1;0;
EBT;UF;3109709;6.0000;2;0;1;1;0;0;
EBT;UF;3109808;1.0000;1;0;1;0;0;0;
EBT;UF;3109907;4.0000;2;0;2;0;0;0;
EBT;UF;3110004;36.1250;9;1;3;5;0;0;
EBT;UF;3110202;18.0000;2;0;1;0;1;0;
EBT;UF;3110301;10.0000;2;0;1;1;0;0;
EBT;UF;3110509;56.0000;4;0;0;3;1;0;
EBT;UF;3110608;26.0000;5;0;1;4;0;0;
EBT;UF;3110707;8.0000;1;0;0;1;0;0;
EBT;UF;3111002;8.0000;1;0;0;1;0;0;
EBT;UF;3111507;20.0000;3;0;0;3;0;0;
EBT;UF;3112000;4.0000;1;0;0;1;0;0;
EBT;UF;3112307;6.0000;2;0;1;1;0;0;
EBT;UF;3113206;0.5000;1;1;0;0;0;0;
EBT;UF;3113404;80.0000;14;0;7;6;1;0;
EBT;UF;3113503;8.0000;1;0;0;1;0;0;
EBT;UF;3113602;2.0000;1;0;1;0;0;0;
EBT;UF;3113701;4.0000;2;0;2;0;0;0;
EBT;UF;3113909;8.0000;1;0;0;1;0;0;
EBT;UF;3114105;16.0000;2;0;0;2;0;0;
EBT;UF;3114204;4.0000;1;0;0;1;0;0;
EBT;UF;3114402;2.0000;1;0;1;0;0;0;
EBT;UF;3114501;8.0000;1;0;0;1;0;0;
EBT;UF;3115102;8.0000;1;0;0;1;0;0;
EBT;UF;3115300;12.0000;3;0;0;3;0;0;
EBT;UF;3117603;11.0000;3;0;2;1;0;0;
EBT;UF;3117702;8.0000;1;0;0;1;0;0;
EBT;UF;3117801;12.0000;2;0;0;2;0;0;
EBT;UF;3117876;8.0000;1;0;0;1;0;0;
EBT;UF;3117900;8.0000;1;0;0;1;0;0;
EBT;UF;3118007;46.0000;7;0;1;6;0;0;
EBT;UF;3118304;35.0000;9;2;3;4;0;0;
EBT;UF;3118601;280.0625;77;13;24;40;0;0;
EBT;UF;3119104;4.0000;2;0;2;0;0;0;
EBT;UF;3119401;34.2500;9;1;3;5;0;0;
EBT;UF;3119708;8.0000;1;0;0;1;0;0;
EBT;UF;3120904;49.2500;18;1;14;3;0;0;
EBT;UF;3121258;2.0000;1;0;1;0;0;0;
EBT;UF;3121803;2.0000;1;0;1;0;0;0;
EBT;UF;3122306;70.0000;20;0;5;15;0;0;
EBT;UF;3123007;20.0000;2;0;0;1;1;0;
EBT;UF;3123601;16.0000;2;0;0;2;0;0;
EBT;UF;3124104;2.0000;1;0;1;0;0;0;
EBT;UF;3124807;1.0000;1;0;1;0;0;0;
EBT;UF;3125101;286.0000;46;3;15;25;3;0;
EBT;UF;3125200;10.0000;2;0;1;1;0;0;
EBT;UF;3126000;64.0000;2;0;0;0;2;0;
EBT;UF;3126307;2.0000;1;0;1;0;0;0;
EBT;UF;3127107;0.0625;1;1;0;0;0;0;
EBT;UF;3127305;2.0000;1;0;1;0;0;0;
EBT;UF;3127701;273.5000;18;1;4;6;7;0;
EBT;UF;3127800;2.5000;2;1;1;0;0;0;
EBT;UF;3128006;6.0000;3;0;3;0;0;0;
EBT;UF;3128402;8.0000;1;0;0;1;0;0;
EBT;UF;3128600;8.0000;1;0;0;1;0;0;
EBT;UF;3128709;37.5000;12;2;5;5;0;0;
EBT;UF;3129202;8.0000;1;0;0;1;0;0;
EBT;UF;3129509;16.0000;2;0;0;2;0;0;
EBT;UF;3129806;31.0000;13;2;7;4;0;0;
EBT;UF;3130101;32.5000;8;1;4;3;0;0;
EBT;UF;3130309;2.0000;1;0;1;0;0;0;
EBT;UF;3130408;10.0000;3;0;1;2;0;0;
EBT;UF;3130903;2.0000;1;0;1;0;0;0;
EBT;UF;3131000;2.0000;1;0;1;0;0;0;
EBT;UF;3131208;2.0000;1;0;1;0;0;0;
EBT;UF;3131307;205.5625;10;2;5;1;1;1;
EBT;UF;3131703;94.0000;8;0;3;3;2;0;
EBT;UF;3131901;30.0000;5;0;2;3;0;0;
EBT;UF;3132008;2.0000;1;0;1;0;0;0;
EBT;UF;3132206;8.0000;1;0;0;1;0;0;
EBT;UF;3132404;133.1250;28;5;8;13;2;0;
EBT;UF;3132503;8.0000;4;0;4;0;0;0;
EBT;UF;3132602;0.2500;1;1;0;0;0;0;
EBT;UF;3132701;4.0000;2;0;2;0;0;0;
EBT;UF;3133006;32.0000;1;0;0;0;1;0;
EBT;UF;3133501;8.0000;1;0;0;1;0;0;
EBT;UF;3133600;4.0000;3;0;3;0;0;0;
EBT;UF;3133709;42.0000;6;0;1;4;1;0;
EBT;UF;3133758;6.0000;3;0;3;0;0;0;
EBT;UF;3133808;70.3750;21;2;11;8;0;0;
EBT;UF;3134400;6.0000;3;0;3;0;0;0;
EBT;UF;3134707;4.0000;2;0;2;0;0;0;
EBT;UF;3135407;36.0000;2;0;1;0;1;0;
EBT;UF;3135803;2.0000;1;0;1;0;0;0;
EBT;UF;3136207;31.0000;8;0;4;4;0;0;
EBT;UF;3136306;10.0000;2;0;1;1;0;0;
EBT;UF;3136652;34.5000;8;1;3;4;0;0;
EBT;UF;3136702;164.8750;26;3;5;16;2;0;
EBT;UF;3137205;10.0000;3;0;1;2;0;0;
EBT;UF;3137601;70.0000;13;0;3;10;0;0;
EBT;UF;3137700;4.0000;2;0;2;0;0;0;
EBT;UF;3138203;129.2500;21;2;7;10;2;0;
EBT;UF;3138401;53.5000;13;1;7;4;1;0;
EBT;UF;3139003;72.2500;7;1;1;3;2;0;
EBT;UF;3139201;2.0000;1;0;1;0;0;0;
EBT;UF;3139409;23.0000;12;0;11;1;0;0;
EBT;UF;3139508;16.0000;4;0;3;1;0;0;
EBT;UF;3139904;8.0000;1;0;0;1;0;0;
EBT;UF;3140001;48.0000;5;0;2;2;1;0;
EBT;UF;3140704;66.5000;12;3;5;3;1;0;
EBT;UF;3140803;12.0000;2;0;0;2;0;0;
EBT;UF;3141108;40.0000;8;0;2;6;0;0;
EBT;UF;3141702;4.0000;2;0;2;0;0;0;
EBT;UF;3141801;2.0000;1;0;1;0;0;0;
EBT;UF;3142205;36.2500;4;1;2;0;1;0;
EBT;UF;3143302;164.0000;36;2;19;14;1;0;
EBT;UF;3143906;120.7500;18;2;4;10;2;0;
EBT;UF;3144102;32.0000;1;0;0;0;1;0;
EBT;UF;3144300;2.0000;1;0;1;0;0;0;
EBT;UF;3144706;2.0000;1;0;1;0;0;0;
EBT;UF;3144805;74.5000;15;1;5;8;1;0;
EBT;UF;3145307;4.0000;2;0;2;0;0;0;
EBT;UF;3145901;126.3750;18;4;8;3;3;0;
EBT;UF;3146008;6.0000;2;0;1;1;0;0;
EBT;UF;3146107;129.5000;19;3;6;8;2;0;
EBT;UF;3147006;56.7500;15;2;6;7;0;0;
EBT;UF;3147105;72.0000;13;0;4;9;0;0;
EBT;UF;3147204;8.0000;1;0;0;1;0;0;
EBT;UF;3147402;76.5000;9;1;0;6;2;0;
EBT;UF;3147907;26.0000;6;0;3;3;0;0;
EBT;UF;3148004;41.0000;13;0;7;6;0;0;
EBT;UF;3148103;4.0000;3;0;3;0;0;0;
EBT;UF;3148608;4.0000;2;0;2;0;0;0;
EBT;UF;3149309;67.1250;16;1;6;9;0;0;
EBT;UF;3149804;2.0000;1;0;1;0;0;0;
EBT;UF;3149903;8.0000;1;0;0;1;0;0;
EBT;UF;3151107;81.0000;5;0;1;2;2;0;
EBT;UF;3151305;8.0000;1;0;0;1;0;0;
EBT;UF;3151800;325.6875;70;11;31;22;6;0;
EBT;UF;3152105;80.1250;14;3;4;6;1;0;
EBT;UF;3152501;208.7500;47;4;17;25;1;0;
EBT;UF;3154002;4.5000;3;1;2;0;0;0;
EBT;UF;3154309;4.0000;2;0;2;0;0;0;
EBT;UF;3154606;46.0000;8;0;1;7;0;0;
EBT;UF;3155306;8.0000;1;0;0;1;0;0;
EBT;UF;3155405;2.0000;1;0;1;0;0;0;
EBT;UF;3155801;10.0000;2;0;1;1;0;0;
EBT;UF;3155900;0.5000;1;1;0;0;0;0;
EBT;UF;3156106;4.0000;1;0;0;1;0;0;
EBT;UF;3156700;32.0000;9;0;4;5;0;0;
EBT;UF;3156809;2.0000;1;0;1;0;0;0;
EBT;UF;3156908;50.0000;4;0;1;2;1;0;
EBT;UF;3157203;2.1250;2;1;1;0;0;0;
EBT;UF;3157807;92.2500;23;1;10;12;0;0;
EBT;UF;3158003;16.0000;2;0;0;2;0;0;
EBT;UF;3158201;4.0000;2;0;2;0;0;0;
EBT;UF;3158953;20.0000;5;0;2;3;0;0;
EBT;UF;3159605;53.7500;18;2;10;6;0;0;
EBT;UF;3159902;8.0000;1;0;0;1;0;0;
EBT;UF;3160405;2.0000;1;0;1;0;0;0;
EBT;UF;3161007;8.0000;1;0;0;1;0;0;
EBT;UF;3161908;10.0000;2;0;1;1;0;0;
EBT;UF;3162500;62.7500;11;2;1;8;0;0;
EBT;UF;3162575;0.2500;1;1;0;0;0;0;
EBT;UF;3162807;4.0000;2;0;2;0;0;0;
EBT;UF;3162906;4.0000;2;0;2;0;0;0;
EBT;UF;3162922;48.0000;7;0;2;4;1;0;
EBT;UF;3163706;28.3750;9;2;3;4;0;0;
EBT;UF;3164704;45.0000;7;0;1;6;0;0;
EBT;UF;3165206;1.0000;1;0;1;0;0;0;
EBT;UF;3165537;8.2500;4;1;2;1;0;0;
EBT;UF;3166907;2.0000;1;0;1;0;0;0;
EBT;UF;3167202;215.0000;49;4;20;24;1;0;
EBT;UF;3167400;2.0000;1;0;1;0;0;0;
EBT;UF;3168101;32.0000;7;0;4;3;0;0;
EBT;UF;3168408;2.0000;1;0;1;0;0;0;
EBT;UF;3168507;8.0000;1;0;0;1;0;0;
EBT;UF;3168606;24.0000;5;0;2;3;0;0;
EBT;UF;3168705;126.0000;8;0;1;4;3;0;
EBT;UF;3169307;78.0625;14;1;6;6;1;0;
EBT;UF;3169356;4.0000;1;0;0;1;0;0;
EBT;UF;3169406;10.0000;2;0;1;1;0;0;
EBT;UF;3169703;4.0000;2;0;2;0;0;0;
EBT;UF;3169901;57.5000;16;1;7;8;0;0;
EBT;UF;3170057;8.0000;1;0;0;1;0;0;
EBT;UF;3170107;210.1875;39;5;17;14;3;0;
EBT;UF;3170206;392.1250;94;11;36;45;2;0;
EBT;UF;3170404;77.0000;23;0;13;10;0;0;
EBT;UF;3170701;174.0000;29;0;14;13;2;0;
EBT;UF;3170800;20.0000;3;0;0;3;0;0;
EBT;UF;3171204;106.5000;19;1;6;11;1;0;
EBT;UF;3171303;122.0625;11;1;5;2;3;0;
EBT;UF;3171808;2.0000;1;0;1;0;0;0;
EBT;UF;3172004;72.0000;7;0;0;6;1;0;
EBT;UF;3200409;44.3750;11;6;2;1;2;0;
EBT;UF;3200607;26.9375;11;5;1;5;0;0;
EBT;UF;3200706;6.0000;2;0;1;1;0;0;
EBT;UF;3201001;0.1250;2;2;0;0;0;0;
EBT;UF;3201100;2.0000;1;0;1;0;0;0;
EBT;UF;3201209;85.8125;43;5;34;4;0;0;
EBT;UF;3201308;74.2500;27;8;10;8;1;0;
EBT;UF;3201407;3.0000;4;3;1;0;0;0;
EBT;UF;3201506;26.1250;15;5;7;3;0;0;
EBT;UF;3201605;2.8125;4;3;1;0;0;0;
EBT;UF;3201704;8.0000;2;0;0;2;0;0;
EBT;UF;3201902;35.3125;5;2;2;0;1;0;
EBT;UF;3202306;2.0000;1;0;1;0;0;0;
EBT;UF;3202405;25.4375;14;4;7;3;0;0;
EBT;UF;3202504;2.2500;3;2;1;0;0;0;
EBT;UF;3202603;2.0000;1;0;1;0;0;0;
EBT;UF;3202801;12.0625;3;1;0;2;0;0;
EBT;UF;3203007;187.0000;3;0;0;0;2;1;
EBT;UF;3203130;6.0000;2;0;1;1;0;0;
EBT;UF;3203205;42.3750;15;2;8;5;0;0;
EBT;UF;3203320;4.5000;3;1;2;0;0;0;
EBT;UF;3203403;4.0000;1;0;0;1;0;0;
EBT;UF;3203809;4.0000;1;0;0;1;0;0;
EBT;UF;3203908;6.0000;3;0;3;0;0;0;
EBT;UF;3204005;2.0000;1;0;1;0;0;0;
EBT;UF;3204054;2.0000;1;0;1;0;0;0;
EBT;UF;3204104;36.6875;6;4;1;0;1;0;
EBT;UF;3204203;1.1250;2;1;1;0;0;0;
EBT;UF;3204401;0.1875;3;3;0;0;0;0;
EBT;UF;3204658;0.5000;1;1;0;0;0;0;
EBT;UF;3204906;12.7500;8;2;6;0;0;0;
EBT;UF;3204955;11.0000;3;0;2;1;0;0;
EBT;UF;3205002;51.0625;31;11;16;4;0;0;
EBT;UF;3205010;0.5000;1;1;0;0;0;0;
EBT;UF;3205036;6.0000;2;0;1;1;0;0;
EBT;UF;3205069;5.2500;4;2;1;1;0;0;
EBT;UF;3205101;44.7500;11;0;6;4;1;0;
EBT;UF;3205176;4.0000;1;0;0;1;0;0;
EBT;UF;3205200;91.5000;39;16;12;10;1;0;
EBT;UF;3205309;71.7500;10;0;6;2;2;0;
EBT;UF;3300100;165.2500;22;1;7;12;2;0;
EBT;UF;3300258;12.0000;2;0;0;2;0;0;
EBT;UF;3300308;16.0000;4;0;2;2;0;0;
EBT;UF;3300407;64.3750;22;7;3;12;0;0;
EBT;UF;3300456;14.0000;10;0;9;1;0;0;
EBT;UF;3300605;2.0000;1;0;1;0;0;0;
EBT;UF;3300704;22.6250;8;2;3;3;0;0;
EBT;UF;3300803;6.0000;3;0;3;0;0;0;
EBT;UF;3301009;66.0000;27;8;12;7;0;0;
EBT;UF;3301207;16.0000;1;0;0;0;1;0;
EBT;UF;3301702;242.8750;90;12;55;22;1;0;
EBT;UF;3301801;20.0000;4;0;0;4;0;0;
EBT;UF;3301850;2.0000;1;0;1;0;0;0;
EBT;UF;3301900;68.0000;17;0;13;2;2;0;
EBT;UF;3302007;36.0000;11;0;6;5;0;0;
EBT;UF;3302205;12.7500;6;2;2;2;0;0;
EBT;UF;3302254;12.0000;4;0;2;2;0;0;
EBT;UF;3302270;8.1250;2;1;0;1;0;0;
EBT;UF;3302403;169.0000;29;4;9;14;1;1;
EBT;UF;3302502;9.0000;8;0;8;0;0;0;
EBT;UF;3302601;18.5000;5;1;1;3;0;0;
EBT;UF;3302809;6.0000;2;0;1;1;0;0;
EBT;UF;3302858;9.2500;8;1;7;0;0;0;
EBT;UF;3303104;4.0000;1;0;0;1;0;0;
EBT;UF;3303203;15.0000;10;0;9;1;0;0;
EBT;UF;3303302;121.5000;47;4;31;11;1;0;
EBT;UF;3303401;18.0000;5;0;1;4;0;0;
EBT;UF;3303500;84.2500;38;8;22;7;1;0;
EBT;UF;3303708;2.5000;2;1;1;0;0;0;
EBT;UF;3303906;28.0000;5;0;2;3;0;0;
EBT;UF;3304003;21.0000;5;0;1;4;0;0;
EBT;UF;3304110;22.5000;6;1;3;2;0;0;
EBT;UF;3304144;29.0000;11;0;8;3;0;0;
EBT;UF;3304151;16.0000;1;0;0;0;1;0;
EBT;UF;3304201;82.7500;17;3;5;8;1;0;
EBT;UF;3304300;1.0000;1;0;1;0;0;0;
EBT;UF;3304524;5.0000;3;0;3;0;0;0;
EBT;UF;3304557;4930.1875;1018;94;518;354;41;11;
EBT;UF;3304706;4.0000;1;0;0;1;0;0;
EBT;UF;3304904;67.8125;40;3;30;7;0;0;
EBT;UF;3305000;132.0000;9;0;3;2;3;1;
EBT;UF;3305109;42.2500;22;3;16;2;1;0;
EBT;UF;3305208;13.0000;3;0;1;2;0;0;
EBT;UF;3305406;8.0000;1;0;0;1;0;0;
EBT;UF;3305554;6.0000;2;0;1;1;0;0;
EBT;UF;3305752;3.0000;2;0;2;0;0;0;
EBT;UF;3306008;4.0000;1;0;0;1;0;0;
EBT;UF;3306107;28.0000;6;0;4;1;1;0;
EBT;UF;3306305;16.7500;7;2;2;3;0;0;
EBT;UF;3500303;4.0000;1;0;0;1;0;0;
EBT;UF;3500501;2.0000;1;0;1;0;0;0;
EBT;UF;3500550;6.0000;2;0;1;1;0;0;
EBT;UF;3500709;8.0000;1;0;0;1;0;0;
EBT;UF;3501152;2.0000;1;0;1;0;0;0;
EBT;UF;3501301;32.2500;2;1;0;0;1;0;
EBT;UF;3501608;240.2500;32;1;9;18;4;0;
EBT;UF;3501707;4.2500;3;1;2;0;0;0;
EBT;UF;3501905;68.0000;10;0;2;7;1;0;
EBT;UF;3502101;8.0000;2;0;0;2;0;0;
EBT;UF;3502200;4.0000;1;0;0;1;0;0;
EBT;UF;3502754;52.1250;8;1;0;6;1;0;
EBT;UF;3502804;76.0000;16;0;4;12;0;0;
EBT;UF;3502903;4.0000;1;0;0;1;0;0;
EBT;UF;3503208;199.5625;49;7;11;30;1;0;
EBT;UF;3503307;174.0000;20;0;1;15;4;0;
EBT;UF;3503406;10.0000;2;0;1;1;0;0;
EBT;UF;3503703;8.0000;1;0;0;1;0;0;
EBT;UF;3503802;24.0000;4;0;0;4;0;0;
EBT;UF;3503901;18.0000;6;0;3;3;0;0;
EBT;UF;3504008;8.5000;4;1;2;1;0;0;
EBT;UF;3504107;56.5000;12;1;2;9;0;0;
EBT;UF;3504503;18.0000;4;0;1;3;0;0;
EBT;UF;3505302;12.5000;4;1;2;1;0;0;
EBT;UF;3505500;64.2500;9;1;2;5;1;0;
EBT;UF;3505708;612.8125;87;19;18;41;8;1;
EBT;UF;3505906;16.0000;3;0;0;3;0;0;
EBT;UF;3506003;110.8750;33;8;8;17;0;0;
EBT;UF;3506102;54.2500;11;1;2;8;0;0;
EBT;UF;3506201;4.0000;1;0;0;1;0;0;
EBT;UF;3506359;6.0000;2;0;1;1;0;0;
EBT;UF;3506508;14.5000;5;1;1;3;0;0;
EBT;UF;3506607;8.0000;1;0;0;1;0;0;
EBT;UF;3507001;68.2500;7;1;0;4;2;0;
EBT;UF;3507209;2.0000;1;0;1;0;0;0;
EBT;UF;3507506;503.3750;14;2;3;6;0;3;
EBT;UF;3507605;120.0000;19;0;2;16;1;0;
EBT;UF;3507753;0.5000;1;1;0;0;0;0;
EBT;UF;3507902;6.0000;2;0;1;1;0;0;
EBT;UF;3508405;16.0000;2;0;0;2;0;0;
EBT;UF;3508504;104.0625;11;1;2;6;2;0;
EBT;UF;3508603;8.0000;1;0;0;1;0;0;
EBT;UF;3509007;10.2500;4;1;1;2;0;0;
EBT;UF;3509205;122.0000;22;0;7;14;1;0;
EBT;UF;3509502;953.6250;135;6;31;88;9;1;
EBT;UF;3509601;8.0000;1;0;0;1;0;0;
EBT;UF;3509700;8.0000;1;0;0;1;0;0;
EBT;UF;3509957;4.0000;1;0;0;1;0;0;
EBT;UF;3510005;16.0000;2;0;0;2;0;0;
EBT;UF;3510153;3.0000;2;0;2;0;0;0;
EBT;UF;3510203;2.0000;1;0;1;0;0;0;
EBT;UF;3510401;34.0000;5;0;1;3;1;0;
EBT;UF;3510609;36.0000;9;0;4;5;0;0;
EBT;UF;3510807;10.0000;2;0;1;1;0;0;
EBT;UF;3511102;42.0000;9;0;1;8;0;0;
EBT;UF;3511508;8.2500;2;1;0;1;0;0;
EBT;UF;3511607;16.0000;1;0;0;0;1;0;
EBT;UF;3512001;10.0000;3;0;1;2;0;0;
EBT;UF;3512209;4.0000;1;0;0;1;0;0;
EBT;UF;3512407;34.0000;8;0;1;7;0;0;
EBT;UF;3512803;12.0000;4;0;2;2;0;0;
EBT;UF;3513009;169.2500;26;1;4;19;2;0;
EBT;UF;3513108;36.0000;6;0;2;3;1;0;
EBT;UF;3513405;26.0000;4;0;1;2;1;0;
EBT;UF;3513504;535.0000;34;0;8;17;8;1;
EBT;UF;3513702;36.2500;5;1;0;3;1;0;
EBT;UF;3513801;174.0000;26;0;4;19;3;0;
EBT;UF;3513850;4.0000;1;0;0;1;0;0;
EBT;UF;3514106;8.0000;1;0;0;1;0;0;
EBT;UF;3514403;4.0000;1;0;0;1;0;0;
EBT;UF;3514809;8.0000;1;0;0;1;0;0;
EBT;UF;3514908;36.0000;2;0;0;1;1;0;
EBT;UF;3515004;194.0000;26;0;9;14;3;0;
EBT;UF;3515103;20.0000;5;0;2;3;0;0;
EBT;UF;3515152;20.0000;4;0;2;2;0;0;
EBT;UF;3515186;14.1250;4;1;1;2;0;0;
EBT;UF;3515194;20.0000;2;0;0;1;1;0;
EBT;UF;3515202;2.0000;1;0;1;0;0;0;
EBT;UF;3515509;12.0000;4;0;2;2;0;0;
EBT;UF;3515707;8.0000;2;0;0;2;0;0;
EBT;UF;3516200;60.3750;18;2;6;10;0;0;
EBT;UF;3516408;14.0000;3;0;1;2;0;0;
EBT;UF;3516705;44.0000;3;0;0;2;1;0;
EBT;UF;3516853;330.0000;6;0;2;2;0;2;
EBT;UF;3517109;4.0000;1;0;0;1;0;0;
EBT;UF;3517208;2.0000;1;0;1;0;0;0;
EBT;UF;3517406;4.0000;2;0;2;0;0;0;
EBT;UF;3517505;8.0000;2;0;0;2;0;0;
EBT;UF;3517703;16.0000;3;0;0;3;0;0;
EBT;UF;3518206;8.0000;1;0;0;1;0;0;
EBT;UF;3518305;16.0000;4;0;2;2;0;0;
EBT;UF;3518404;143.0000;16;4;3;6;3;0;
EBT;UF;3518602;10.4375;3;1;1;1;0;0;
EBT;UF;3518701;200.5000;22;1;2;15;4;0;
EBT;UF;3518800;1002.5000;171;16;42;103;9;1;
EBT;UF;3519055;4.0000;1;0;0;1;0;0;
EBT;UF;3519071;182.0000;25;0;1;23;1;0;
EBT;UF;3519303;0.1250;1;1;0;0;0;0;
EBT;UF;3519600;21.0000;6;2;2;2;0;0;
EBT;UF;3519808;4.0000;2;0;2;0;0;0;
EBT;UF;3520103;2.0000;1;0;1;0;0;0;
EBT;UF;3520509;485.0000;49;0;8;35;5;1;
EBT;UF;3521002;12.0000;2;0;0;2;0;0;
EBT;UF;3521101;8.0000;1;0;0;1;0;0;
EBT;UF;3521200;0.0625;1;1;0;0;0;0;
EBT;UF;3521309;10.0000;2;0;1;1;0;0;
EBT;UF;3521408;12.0000;3;0;0;3;0;0;
EBT;UF;3522208;48.1250;6;1;1;3;1;0;
EBT;UF;3522307;42.2500;10;1;1;8;0;0;
EBT;UF;3522505;69.0000;11;0;3;7;1;0;
EBT;UF;3522604;4.0000;1;0;0;1;0;0;
EBT;UF;3522703;4.0000;1;0;0;1;0;0;
EBT;UF;3522901;10.0000;2;0;1;1;0;0;
EBT;UF;3523107;56.2500;14;1;6;6;1;0;
EBT;UF;3523404;66.0000;9;0;2;6;1;0;
EBT;UF;3523503;2.0000;1;0;1;0;0;0;
EBT;UF;3523602;18.0000;5;0;1;4;0;0;
EBT;UF;3523909;290.0000;44;0;8;33;3;0;
EBT;UF;3524006;72.0000;10;0;0;9;1;0;
EBT;UF;3524105;8.0000;2;0;0;2;0;0;
EBT;UF;3524303;16.0000;5;0;2;3;0;0;
EBT;UF;3524402;177.5625;22;2;7;10;3;0;
EBT;UF;3524501;4.0000;1;0;0;1;0;0;
EBT;UF;3524709;120.2500;21;1;3;16;1;0;
EBT;UF;3525003;68.2500;11;1;2;7;1;0;
EBT;UF;3525102;12.0625;3;1;0;2;0;0;
EBT;UF;3525300;64.0000;5;0;0;4;1;0;
EBT;UF;3525904;507.5000;83;1;16;63;3;0;
EBT;UF;3526001;8.0000;1;0;0;1;0;0;
EBT;UF;3526100;4.5000;2;1;0;1;0;0;
EBT;UF;3526407;6.0000;2;0;1;1;0;0;
EBT;UF;3526704;6.0000;2;0;1;1;0;0;
EBT;UF;3526803;165.0000;5;0;3;1;0;1;
EBT;UF;3526902;268.2500;51;1;8;40;2;0;
EBT;UF;3527108;188.0000;14;0;2;8;4;0;
EBT;UF;3527207;58.5000;11;1;1;9;0;0;
EBT;UF;3527306;156.0000;11;0;0;7;4;0;
EBT;UF;3527603;42.0000;3;0;1;1;1;0;
EBT;UF;3528403;26.0000;4;0;1;3;0;0;
EBT;UF;3528502;38.0000;2;0;0;1;1;0;
EBT;UF;3528809;8.0000;1;0;0;1;0;0;
EBT;UF;3529005;96.5000;18;4;4;9;1;0;
EBT;UF;3529302;52.0000;7;0;0;6;1;0;
EBT;UF;3529401;128.6250;22;2;6;12;2;0;
EBT;UF;3529609;4.0000;1;0;0;1;0;0;
EBT;UF;3530102;4.0000;1;0;0;1;0;0;
EBT;UF;3530201;8.0000;1;0;0;1;0;0;
EBT;UF;3530300;26.2500;6;1;1;4;0;0;
EBT;UF;3530508;20.5000;4;1;0;3;0;0;
EBT;UF;3530607;509.7500;49;3;12;26;7;1;
EBT;UF;3530706;142.0000;15;0;3;10;2;0;
EBT;UF;3530805;70.0000;13;0;3;10;0;0;
EBT;UF;3531209;4.0000;1;0;0;1;0;0;
EBT;UF;3531308;195.0000;8;0;2;5;0;1;
EBT;UF;3531407;24.0000;3;0;0;2;1;0;
EBT;UF;3531803;104.0000;7;0;1;3;3;0;
EBT;UF;3531902;4.0000;1;0;0;1;0;0;
EBT;UF;3532009;8.0000;2;0;0;2;0;0;
EBT;UF;3532058;8.0000;1;0;0;1;0;0;
EBT;UF;3532801;4.0000;1;0;0;1;0;0;
EBT;UF;3532900;8.0000;2;0;0;2;0;0;
EBT;UF;3533007;12.0000;2;0;0;2;0;0;
EBT;UF;3533403;36.0000;7;0;2;5;0;0;
EBT;UF;3533601;4.0000;1;0;0;1;0;0;
EBT;UF;3533908;8.0000;1;0;0;1;0;0;
EBT;UF;3534302;28.0000;4;0;0;4;0;0;
EBT;UF;3534401;598.5000;58;8;10;36;2;2;
EBT;UF;3534708;58.0000;8;0;3;4;1;0;
EBT;UF;3534757;2.0000;1;0;1;0;0;0;
EBT;UF;3535309;8.0000;1;0;0;1;0;0;
EBT;UF;3535507;40.0000;4;0;0;3;1;0;
EBT;UF;3535705;8.0000;1;0;0;1;0;0;
EBT;UF;3536000;2.0000;1;0;1;0;0;0;
EBT;UF;3536307;14.5000;4;1;1;2;0;0;
EBT;UF;3536505;340.7500;55;2;6;44;3;0;
EBT;UF;3536703;30.0000;6;0;1;5;0;0;
EBT;UF;3537305;18.3750;5;1;1;3;0;0;
EBT;UF;3538006;166.0000;19;0;3;11;5;0;
EBT;UF;3538600;4.0000;1;0;0;1;0;0;
EBT;UF;3538709;770.0000;63;0;13;42;6;2;
EBT;UF;3538808;40.0000;3;0;0;1;2;0;
EBT;UF;3539004;2.0000;1;0;1;0;0;0;
EBT;UF;3539103;8.0000;1;0;0;1;0;0;
EBT;UF;3539301;32.0000;6;0;0;6;0;0;
EBT;UF;3539509;16.0000;2;0;0;2;0;0;
EBT;UF;3539608;4.0000;1;0;0;1;0;0;
EBT;UF;3539806;78.7500;13;2;3;7;1;0;
EBT;UF;3540002;16.0000;1;0;0;0;1;0;
EBT;UF;3540200;12.0000;2;0;0;2;0;0;
EBT;UF;3540705;11.0000;3;0;2;1;0;0;
EBT;UF;3540804;4.0000;1;0;0;1;0;0;
EBT;UF;3541000;61.2500;10;1;4;4;1;0;
EBT;UF;3541208;8.0000;1;0;0;1;0;0;
EBT;UF;3541307;0.5000;1;1;0;0;0;0;
EBT;UF;3541406;22.2500;6;1;1;4;0;0;
EBT;UF;3541604;36.0000;4;0;0;3;1;0;
EBT;UF;3542107;20.0000;3;0;0;3;0;0;
EBT;UF;3542404;19.1250;6;4;1;0;1;0;
EBT;UF;3542602;18.2500;5;1;1;3;0;0;
EBT;UF;3543303;16.0000;2;0;0;2;0;0;
EBT;UF;3543402;439.3750;92;11;22;56;3;0;
EBT;UF;3543907;202.7500;37;2;5;29;1;0;
EBT;UF;3544004;58.0000;7;0;1;5;1;0;
EBT;UF;3544251;10.0000;2;0;1;1;0;0;
EBT;UF;3545001;4.0000;1;0;0;1;0;0;
EBT;UF;3545159;8.0000;1;0;0;1;0;0;
EBT;UF;3545209;149.2500;26;1;5;17;3;0;
EBT;UF;3545308;24.0000;4;0;0;4;0;0;
EBT;UF;3545704;4.0000;1;0;0;1;0;0;
EBT;UF;3545803;138.5000;20;1;3;14;2;0;
EBT;UF;3546306;16.0000;4;0;0;4;0;0;
EBT;UF;3546405;46.2500;11;1;3;7;0;0;
EBT;UF;3546603;4.0625;2;1;0;1;0;0;
EBT;UF;3546702;24.0000;5;0;2;3;0;0;
EBT;UF;3546801;6.0000;2;0;1;1;0;0;
EBT;UF;3547304;73.0000;13;2;4;6;1;0;
EBT;UF;3547502;6.2500;3;1;1;1;0;0;
EBT;UF;3547601;14.2500;5;1;1;3;0;0;
EBT;UF;3547809;269.7500;36;2;10;18;6;0;
EBT;UF;3548005;12.0000;3;0;0;3;0;0;
EBT;UF;3548500;235.0000;47;3;9;34;1;0;
EBT;UF;3548708;521.1250;68;1;14;45;8;0;
EBT;UF;3548807;64.0000;10;0;4;5;1;0;
EBT;UF;3548906;175.3125;43;2;14;27;0;0;
EBT;UF;3549102;64.0625;9;1;2;5;1;0;
EBT;UF;3549409;2.0000;1;0;1;0;0;0;
EBT;UF;3549706;4.0000;1;0;0;1;0;0;
EBT;UF;3549805;53.1250;16;1;7;8;0;0;
EBT;UF;3549904;418.6875;45;10;10;19;5;1;
EBT;UF;3549953;8.0000;1;0;0;1;0;0;
EBT;UF;3550100;6.2500;3;1;1;1;0;0;
EBT;UF;3550209;2.0000;1;0;1;0;0;0;
EBT;UF;3550308;7481.6250;975;84;228;557;97;9;
EBT;UF;3550605;34.0000;7;0;1;6;0;0;
EBT;UF;3550803;4.0000;1;0;0;1;0;0;
EBT;UF;3550902;2.0000;1;0;1;0;0;0;
EBT;UF;3551009;26.0000;6;0;1;5;0;0;
EBT;UF;3551306;4.0000;1;0;0;1;0;0;
EBT;UF;3551603;4.0000;2;0;2;0;0;0;
EBT;UF;3551702;200.0625;25;1;7;11;6;0;
EBT;UF;3552205;403.2500;67;9;11;41;6;0;
EBT;UF;3552403;294.7500;45;3;5;32;5;0;
EBT;UF;3552502;96.2500;17;3;3;9;2;0;
EBT;UF;3552551;2.0000;1;0;1;0;0;0;
EBT;UF;3552700;2.0000;1;0;1;0;0;0;
EBT;UF;3552809;368.2500;25;1;5;12;6;1;
EBT;UF;3553401;4.0000;2;0;2;0;0;0;
EBT;UF;3553609;12.0000;2;0;0;2;0;0;
EBT;UF;3553708;8.0000;1;0;0;1;0;0;
EBT;UF;3553906;4.0000;1;0;0;1;0;0;
EBT;UF;3553955;64.0000;2;0;0;0;2;0;
EBT;UF;3554003;126.0000;16;0;2;13;0;1;
EBT;UF;3554102;120.1875;20;2;6;9;3;0;
EBT;UF;3554508;8.0000;3;0;2;1;0;0;
EBT;UF;3554805;4.2500;2;1;0;1;0;0;
EBT;UF;3555000;2.0000;1;0;1;0;0;0;
EBT;UF;3555802;4.0000;1;0;0;1;0;0;
EBT;UF;3556206;166.0000;15;0;2;9;4;0;
EBT;UF;3556305;12.0000;2;0;0;2;0;0;
EBT;UF;3556404;4.0000;1;0;0;1;0;0;
EBT;UF;3556453;16.0000;2;0;0;2;0;0;
EBT;UF;3556503;36.0000;5;0;0;5;0;0;
EBT;UF;3556701;164.2500;27;1;6;18;2;0;
EBT;UF;3557006;60.0000;11;0;2;9;0;0;
EBT;UF;3557105;6.0000;2;0;1;1;0;0;
EBT;UF;4100400;4.5000;3;2;0;1;0;0;
EBT;UF;4101408;5.0000;3;0;3;0;0;0;
EBT;UF;4101507;42.0000;10;0;3;7;0;0;
EBT;UF;4101606;12.0000;2;0;0;2;0;0;
EBT;UF;4101804;101.3125;19;2;6;10;1;0;
EBT;UF;4102307;12.0000;4;0;2;2;0;0;
EBT;UF;4103701;26.0000;6;0;3;3;0;0;
EBT;UF;4104006;16.0000;4;0;0;4;0;0;
EBT;UF;4104204;36.0000;8;0;2;6;0;0;
EBT;UF;4104303;65.3750;11;6;2;1;2;0;
EBT;UF;4104659;29.3125;11;6;2;3;0;0;
EBT;UF;4104808;79.5000;14;1;7;5;1;0;
EBT;UF;4104907;21.0000;6;0;3;3;0;0;
EBT;UF;4105003;1.0000;1;0;1;0;0;0;
EBT;UF;4105508;6.0000;2;0;1;1;0;0;
EBT;UF;4105805;40.0000;11;2;4;5;0;0;
EBT;UF;4106902;1089.1250;146;9;32;98;5;2;
EBT;UF;4107652;16.2500;3;1;0;2;0;0;
EBT;UF;4108304;67.2500;10;1;3;5;1;0;
EBT;UF;4108403;4.0000;1;0;0;1;0;0;
EBT;UF;4109401;9.0000;5;0;4;1;0;0;
EBT;UF;4109609;4.0000;1;0;0;1;0;0;
EBT;UF;4109807;14.2500;5;1;3;1;0;0;
EBT;UF;4110102;46.0000;3;0;0;2;1;0;
EBT;UF;4110706;4.1250;2;1;0;1;0;0;
EBT;UF;4111803;4.0000;1;0;0;1;0;0;
EBT;UF;4112009;1.0000;2;2;0;0;0;0;
EBT;UF;4113007;4.0000;1;0;0;1;0;0;
EBT;UF;4113205;9.0000;3;2;0;1;0;0;
EBT;UF;4113700;46.5000;14;2;3;9;0;0;
EBT;UF;4114104;2.0000;1;0;1;0;0;0;
EBT;UF;4114807;12.0000;2;0;0;2;0;0;
EBT;UF;4115200;93.0000;16;0;4;11;1;0;
EBT;UF;4115804;2.0000;1;0;1;0;0;0;
EBT;UF;4116604;4.0000;1;0;0;1;0;0;
EBT;UF;4117305;28.0000;4;0;1;3;0;0;
EBT;UF;4118204;10.0000;3;0;1;2;0;0;
EBT;UF;4118402;1.2500;2;1;1;0;0;0;
EBT;UF;4119152;32.0000;8;0;2;6;0;0;
EBT;UF;4119509;0.0625;1;1;0;0;0;0;
EBT;UF;4119905;37.0000;12;2;6;4;0;0;
EBT;UF;4120804;28.2500;6;1;0;5;0;0;
EBT;UF;4122206;20.0000;3;0;0;3;0;0;
EBT;UF;4122305;1.0000;1;0;1;0;0;0;
EBT;UF;4122404;4.0000;1;0;0;1;0;0;
EBT;UF;4124020;5.0000;2;0;1;1;0;0;
EBT;UF;4125506;126.7500;25;0;6;19;0;0;
EBT;UF;4127106;7.0000;3;0;2;1;0;0;
EBT;UF;4127205;1.0000;1;0;1;0;0;0;
EBT;UF;4127304;0.2500;1;1;0;0;0;0;
EBT;UF;4127601;8.0000;1;0;0;1;0;0;
EBT;UF;4127700;29.5000;11;1;7;3;0;0;
EBT;UF;4128104;16.0000;5;0;2;3;0;0;
EBT;UF;4128401;1.0000;1;0;1;0;0;0;
EBT;UF;4128708;6.0000;2;0;1;1;0;0;
EBT;UF;4201208;1.0000;1;0;1;0;0;0;
EBT;UF;4201307;14.0000;5;0;3;2;0;0;
EBT;UF;4201406;44.5000;10;1;4;5;0;0;
EBT;UF;4202008;16.0000;2;0;0;2;0;0;
EBT;UF;4202107;10.0000;2;0;1;1;0;0;
EBT;UF;4202305;15.5625;10;3;6;1;0;0;
EBT;UF;4202404;380.2500;51;6;22;20;2;1;
EBT;UF;4202800;7.5000;5;2;2;1;0;0;
EBT;UF;4202909;49.5625;16;2;9;5;0;0;
EBT;UF;4203006;40.5000;9;1;2;6;0;0;
EBT;UF;4203204;6.0000;2;0;1;1;0;0;
EBT;UF;4203907;8.0000;2;0;0;2;0;0;
EBT;UF;4203956;6.0000;2;0;1;1;0;0;
EBT;UF;4204202;55.0000;18;3;6;9;0;0;
EBT;UF;4204251;4.5000;2;1;0;1;0;0;
EBT;UF;4204301;104.0000;9;0;2;5;2;0;
EBT;UF;4204558;56.5000;7;1;2;3;1;0;
EBT;UF;4204608;138.0000;28;8;8;10;2;0;
EBT;UF;4204806;8.2500;2;1;0;1;0;0;
EBT;UF;4205308;6.0000;2;0;1;1;0;0;
EBT;UF;4205407;218.1250;44;4;16;22;2;0;
EBT;UF;4205456;16.7500;7;2;4;1;0;0;
EBT;UF;4205506;4.0000;1;0;0;1;0;0;
EBT;UF;4205704;32.0000;1;0;0;0;1;0;
EBT;UF;4205902;16.0000;4;0;2;2;0;0;
EBT;UF;4206207;4.0625;3;1;2;0;0;0;
EBT;UF;4206504;6.0000;3;0;3;0;0;0;
EBT;UF;4206702;6.0000;2;0;1;1;0;0;
EBT;UF;4207007;16.2500;9;1;6;2;0;0;
EBT;UF;4207304;14.0000;3;0;1;2;0;0;
EBT;UF;4207502;17.0000;5;0;3;2;0;0;
EBT;UF;4208104;4.0000;1;0;0;1;0;0;
EBT;UF;4208203;174.5000;32;3;7;21;1;0;
EBT;UF;4208807;8.2500;4;1;2;1;0;0;
EBT;UF;4208906;68.1875;16;2;2;12;0;0;
EBT;UF;4209003;24.0000;5;0;0;5;0;0;
EBT;UF;4209102;151.2500;27;3;5;18;1;0;
EBT;UF;4209300;68.5000;11;1;3;6;1;0;
EBT;UF;4209409;16.2500;6;1;4;1;0;0;
EBT;UF;4210100;48.0000;4;0;0;3;1;0;
EBT;UF;4210407;1.0000;2;2;0;0;0;0;
EBT;UF;4210605;6.0000;2;0;1;1;0;0;
EBT;UF;4211207;19.0000;4;0;1;3;0;0;
EBT;UF;4211306;8.0000;4;0;4;0;0;0;
EBT;UF;4211603;36.0000;2;0;0;1;1;0;
EBT;UF;4211900;67.5000;23;1;18;3;1;0;
EBT;UF;4212908;2.0000;1;0;1;0;0;0;
EBT;UF;4213203;76.0000;11;0;4;5;2;0;
EBT;UF;4213500;0.5000;1;1;0;0;0;0;
EBT;UF;4213609;1.0000;1;0;1;0;0;0;
EBT;UF;4215000;42.0000;10;0;7;2;1;0;
EBT;UF;4215505;2.0000;1;0;1;0;0;0;
EBT;UF;4215802;34.0000;8;0;4;4;0;0;
EBT;UF;4216206;28.0000;6;0;2;4;0;0;
EBT;UF;4216602;161.5000;4;1;1;1;0;1;
EBT;UF;4217006;64.0000;2;0;0;0;2;0;
EBT;UF;4217402;4.0000;1;0;0;1;0;0;
EBT;UF;4217501;8.0000;1;0;0;1;0;0;
EBT;UF;4217600;11.0000;6;0;5;1;0;0;
EBT;UF;4217709;4.0000;1;0;0;1;0;0;
EBT;UF;4218004;51.0000;15;0;9;6;0;0;
EBT;UF;4218202;2.0000;1;0;1;0;0;0;
EBT;UF;4218509;2.0000;1;0;1;0;0;0;
EBT;UF;4218707;35.0625;10;1;4;5;0;0;
EBT;UF;4218905;2.0000;1;0;1;0;0;0;
EBT;UF;4219176;10.0000;2;0;1;1;0;0;
EBT;UF;4219309;34.0000;7;0;3;4;0;0;
EBT;UF;4219507;10.0000;3;0;2;1;0;0;
EBT;UF;4300604;29.2500;10;1;5;4;0;0;
EBT;UF;4301008;13.0000;3;0;1;2;0;0;
EBT;UF;4301958;2.0000;1;0;1;0;0;0;
EBT;UF;4302105;130.0000;25;0;3;22;0;0;
EBT;UF;4302352;12.0000;3;0;2;1;0;0;
EBT;UF;4302709;2.0000;2;0;2;0;0;0;
EBT;UF;4303004;2.0000;1;0;1;0;0;0;
EBT;UF;4303103;219.6875;17;3;4;9;0;1;
EBT;UF;4303509;8.7500;5;2;2;1;0;0;
EBT;UF;4303905;98.0000;15;0;1;13;1;0;
EBT;UF;4304408;32.0000;5;0;0;5;0;0;
EBT;UF;4304606;376.3125;76;7;21;45;3;0;
EBT;UF;4304663;2.0000;1;0;1;0;0;0;
EBT;UF;4304705;35.0000;11;0;6;5;0;0;
EBT;UF;4304804;34.0000;5;0;1;3;1;0;
EBT;UF;4305108;344.2500;68;4;8;56;0;0;
EBT;UF;4305306;18.0000;4;0;1;3;0;0;
EBT;UF;4305355;13.0000;4;0;3;1;0;0;
EBT;UF;4306106;24.0000;3;0;0;2;1;0;
EBT;UF;4306403;52.0000;7;0;2;4;1;0;
EBT;UF;4306767;84.0625;11;1;5;3;2;0;
EBT;UF;4307005;89.0000;22;0;9;13;0;0;
EBT;UF;4307054;4.0000;1;0;0;1;0;0;
EBT;UF;4307203;36.0000;2;0;1;0;1;0;
EBT;UF;4307559;4.0000;1;0;0;1;0;0;
EBT;UF;4307609;14.5000;5;1;3;1;0;0;
EBT;UF;4307708;56.0625;22;3;12;7;0;0;
EBT;UF;4307807;44.0000;11;0;4;7;0;0;
EBT;UF;4307906;62.0000;13;0;3;10;0;0;
EBT;UF;4308078;4.0000;1;0;0;1;0;0;
EBT;UF;4308102;4.0000;1;0;0;1;0;0;
EBT;UF;4308201;10.0000;3;0;1;2;0;0;
EBT;UF;4308607;12.0000;2;0;0;2;0;0;
EBT;UF;4308904;2.0000;1;0;1;0;0;0;
EBT;UF;4309001;2.0000;1;0;1;0;0;0;
EBT;UF;4309050;2.0000;1;0;1;0;0;0;
EBT;UF;4309100;28.0000;6;0;2;4;0;0;
EBT;UF;4309209;225.0000;48;2;15;29;2;0;
EBT;UF;4309308;27.1250;10;3;4;3;0;0;
EBT;UF;4309407;28.0000;8;0;4;4;0;0;
EBT;UF;4309605;6.0000;2;0;1;1;0;0;
EBT;UF;4310009;27.0000;4;0;2;1;1;0;
EBT;UF;4310108;20.0000;3;0;0;3;0;0;
EBT;UF;4310207;83.0000;23;0;14;8;1;0;
EBT;UF;4310405;4.0000;1;0;0;1;0;0;
EBT;UF;4310439;0.1250;1;1;0;0;0;0;
EBT;UF;4310801;28.0000;8;0;4;4;0;0;
EBT;UF;4311403;70.0000;18;0;9;9;0;0;
EBT;UF;4311627;8.0000;1;0;0;1;0;0;
EBT;UF;4311809;27.0000;7;0;3;4;0;0;
EBT;UF;4312138;2.0000;1;0;1;0;0;0;
EBT;UF;4312401;101.7500;27;3;10;13;1;0;
EBT;UF;4312476;4.0000;1;0;0;1;0;0;
EBT;UF;4312658;18.0000;3;0;1;2;0;0;
EBT;UF;4312757;2.0000;1;0;1;0;0;0;
EBT;UF;4312906;10.0000;3;0;1;2;0;0;
EBT;UF;4313060;14.5000;5;1;3;1;0;0;
EBT;UF;4313201;12.0000;2;0;0;2;0;0;
EBT;UF;4313300;27.0000;6;0;2;4;0;0;
EBT;UF;4313375;40.0000;13;0;8;5;0;0;
EBT;UF;4313409;160.0000;45;1;20;24;0;0;
EBT;UF;4313508;8.0000;1;0;0;1;0;0;
EBT;UF;4313904;65.0000;8;2;0;5;1;0;
EBT;UF;4314050;14.0000;3;0;1;2;0;0;
EBT;UF;4314076;0.5000;1;1;0;0;0;0;
EBT;UF;4314100;103.8750;32;3;12;17;0;0;
EBT;UF;4314407;64.7500;20;2;10;8;0;0;
EBT;UF;4314803;48.0000;8;0;0;8;0;0;
EBT;UF;4314902;1039.1875;181;17;47;110;6;1;
EBT;UF;4315602;100.5000;22;1;11;8;2;0;
EBT;UF;4315701;4.0000;1;0;0;1;0;0;
EBT;UF;4316709;6.2500;3;1;1;1;0;0;
EBT;UF;4316808;161.3750;39;2;14;23;0;0;
EBT;UF;4316907;82.1250;19;1;5;13;0;0;
EBT;UF;4317202;60.7500;17;2;8;7;0;0;
EBT;UF;4317509;60.0000;13;0;4;9;0;0;
EBT;UF;4317905;18.0000;3;0;1;2;0;0;
EBT;UF;4318481;3.0000;2;0;2;0;0;0;
EBT;UF;4318705;152.2500;35;1;15;18;1;0;
EBT;UF;4318804;1.0000;2;2;0;0;0;0;
EBT;UF;4319000;68.0000;3;0;0;1;2;0;
EBT;UF;4319505;4.0000;1;0;0;1;0;0;
EBT;UF;4319711;2.0000;1;0;1;0;0;0;
EBT;UF;4319802;2.0000;1;0;1;0;0;0;
EBT;UF;4319901;51.0000;16;0;10;6;0;0;
EBT;UF;4320008;96.5000;15;1;3;10;1;0;
EBT;UF;4320107;6.0000;2;0;1;1;0;0;
EBT;UF;4320404;38.0000;2;0;0;1;1;0;
EBT;UF;4321105;4.0000;1;0;0;1;0;0;
EBT;UF;4321204;4.0000;2;0;2;0;0;0;
EBT;UF;4321303;28.0000;5;0;2;2;1;0;
EBT;UF;4321436;4.0000;1;0;0;1;0;0;
EBT;UF;4321451;181.0000;4;0;1;1;1;1;
EBT;UF;4321501;4.0000;1;0;0;1;0;0;
EBT;UF;4321808;4.0000;1;0;0;1;0;0;
EBT;UF;4322004;157.5000;29;2;16;9;2;0;
EBT;UF;4322251;5.0000;2;0;1;1;0;0;
EBT;UF;4322301;4.0000;1;0;0;1;0;0;
EBT;UF;4322400;43.2500;16;1;10;5;0;0;
EBT;UF;4322509;64.2500;16;1;6;9;0;0;
EBT;UF;4322608;151.7500;29;3;11;13;2;0;
EBT;UF;4322707;15.0000;7;0;6;1;0;0;
EBT;UF;4322806;30.5000;9;1;3;5;0;0;
EBT;UF;4323002;34.5000;8;1;1;6;0;0;
EBT;UF;4323309;8.5000;2;1;0;1;0;0;
EBT;UF;4323804;10.0000;2;0;1;1;0;0;
EBT;UF;5000203;8.0000;2;0;0;2;0;0;
EBT;UF;5000609;2.0000;1;0;1;0;0;0;
EBT;UF;5000856;2.0000;1;0;1;0;0;0;
EBT;UF;5001003;2.0000;2;0;2;0;0;0;
EBT;UF;5001904;28.2500;5;1;0;4;0;0;
EBT;UF;5002407;2.0000;1;0;1;0;0;0;
EBT;UF;5002704;470.5625;60;6;18;26;10;0;
EBT;UF;5003207;6.0000;3;0;3;0;0;0;
EBT;UF;5003306;24.0000;7;0;4;3;0;0;
EBT;UF;5003504;1.0000;1;0;1;0;0;0;
EBT;UF;5003702;118.7500;15;2;5;6;2;0;
EBT;UF;5005707;4.2500;2;1;0;1;0;0;
EBT;UF;5006002;14.5000;5;1;3;1;0;0;
EBT;UF;5006309;9.5000;3;1;1;1;0;0;
EBT;UF;5007109;8.0000;1;0;0;1;0;0;
EBT;UF;5007208;12.2500;5;1;2;2;0;0;
EBT;UF;5007802;1.0000;1;0;1;0;0;0;
EBT;UF;5007901;41.2500;4;1;1;1;1;0;
EBT;UF;5008305;90.8750;33;6;17;10;0;0;
EBT;UF;5100102;2.0000;1;0;1;0;0;0;
EBT;UF;5100300;9.5000;4;3;0;1;0;0;
EBT;UF;5100409;8.0000;2;0;0;2;0;0;
EBT;UF;5101803;23.0000;8;0;4;4;0;0;
EBT;UF;5102504;28.6250;14;2;10;2;0;0;
EBT;UF;5103007;7.0000;4;0;4;0;0;0;
EBT;UF;5103403;279.3125;83;19;30;32;2;0;
EBT;UF;5104609;11.2500;10;5;5;0;0;0;
EBT;UF;5104807;2.0000;1;0;1;0;0;0;
EBT;UF;5105259;7.5000;6;3;3;0;0;0;
EBT;UF;5105622;22.5000;9;3;4;2;0;0;
EBT;UF;5106372;3.0000;3;0;3;0;0;0;
EBT;UF;5106752;3.2500;3;1;2;0;0;0;
EBT;UF;5107107;32.0000;2;0;0;0;2;0;
EBT;UF;5107198;2.0000;1;0;1;0;0;0;
EBT;UF;5107602;90.8125;41;5;28;8;0;0;
EBT;UF;5107800;8.0000;2;0;0;2;0;0;
EBT;UF;5107909;28.2500;10;1;6;3;0;0;
EBT;UF;5107925;4.0000;1;0;0;1;0;0;
EBT;UF;5107958;4.0000;1;0;0;1;0;0;
EBT;UF;5108402;88.5000;31;1;20;10;0;0;
EBT;UF;5200050;4.0000;1;0;0;1;0;0;
EBT;UF;5200134;2.0000;1;0;1;0;0;0;
EBT;UF;5200308;19.0000;5;0;2;3;0;0;
EBT;UF;5201108;199.5000;54;3;20;31;0;0;
EBT;UF;5201405;262.5625;64;7;21;35;1;0;
EBT;UF;5203302;26.0000;6;0;2;4;0;0;
EBT;UF;5204854;2.0000;1;0;1;0;0;0;
EBT;UF;5205109;62.7500;16;2;6;8;0;0;
EBT;UF;5205406;2.0000;1;0;1;0;0;0;
EBT;UF;5205455;6.5000;3;1;1;1;0;0;
EBT;UF;5205497;8.0000;1;0;0;1;0;0;
EBT;UF;5206206;14.5000;5;1;1;3;0;0;
EBT;UF;5208707;746.9375;160;8;43;105;4;0;
EBT;UF;5208806;24.0000;6;0;4;2;0;0;
EBT;UF;5209200;10.0000;2;0;1;1;0;0;
EBT;UF;5210000;9.0000;4;0;3;1;0;0;
EBT;UF;5210109;8.2500;2;1;0;1;0;0;
EBT;UF;5211503;67.5000;11;1;2;7;1;0;
EBT;UF;5211800;4.0000;1;0;0;1;0;0;
EBT;UF;5211909;93.0000;30;5;12;13;0;0;
EBT;UF;5212501;64.0625;32;6;19;7;0;0;
EBT;UF;5213103;12.5000;4;1;2;1;0;0;
EBT;UF;5213806;8.0000;1;0;0;1;0;0;
EBT;UF;5214002;0.5000;1;1;0;0;0;0;
EBT;UF;5214507;16.0000;2;0;0;2;0;0;
EBT;UF;5215231;4.0000;1;0;0;1;0;0;
EBT;UF;5215702;2.0000;1;0;1;0;0;0;
EBT;UF;5218003;1.0000;2;2;0;0;0;0;
EBT;UF;5218789;4.0000;1;0;0;1;0;0;
EBT;UF;5218805;98.5000;29;1;14;14;0;0;
EBT;UF;5220454;26.0000;6;0;1;5;0;0;
EBT;UF;5221403;16.5000;5;1;0;4;0;0;
EBT;UF;5221601;24.7500;12;2;7;3;0;0;
EBT;UF;5221858;4.5000;2;1;0;1;0;0;
EBT;UF;5300108;790.0000;226;42;91;89;4;0;
TLB;UF;4304705;4.0000;1;0;0;1;0;0;
TLB;UF;5208707;4.0000;1;0;0;1;0;0;
09;1163;
