01;CLA;IPL4;201701;
EBT;UF;1100205;120.0000;1;0;0;0;0;1;
EBT;UF;1302603;1174.1289;124;28;53;34;2;7;
EBT;UF;1500800;125.2109;7;2;4;0;0;1;
EBT;UF;1501402;1065.3203;62;8;26;20;0;8;
EBT;UF;1504703;2.0000;1;0;1;0;0;0;
EBT;UF;1721000;2048.7500;4;2;0;0;0;2;
EBT;UF;2111300;286.6377;57;28;22;4;0;3;
EBT;UF;2211001;748.3906;46;12;18;5;0;11;
EBT;UF;2304400;1339.8320;74;17;32;15;0;10;
EBT;UF;2403251;16.0313;7;3;3;1;0;0;
EBT;UF;2408102;844.6992;82;22;40;12;0;8;
EBT;UF;2507507;1221.6953;53;11;26;6;0;10;
EBT;UF;2604106;120.0000;1;0;0;0;0;1;
EBT;UF;2607901;12.7148;10;4;6;0;0;0;
EBT;UF;2609600;1.6250;4;3;1;0;0;0;
EBT;UF;2610707;13.7500;5;2;2;1;0;0;
EBT;UF;2611606;1529.8789;79;15;39;11;0;14;
EBT;UF;2704302;197.2656;44;17;20;6;0;1;
EBT;UF;2800308;290.9297;20;4;7;7;0;2;
EBT;UF;2908200;2.0000;1;0;1;0;0;0;
EBT;UF;2910800;0.1250;1;1;0;0;0;0;
EBT;UF;2919207;12.7148;8;1;7;0;0;0;
EBT;UF;2927408;1649.9180;66;26;19;5;0;16;
EBT;UF;3101607;2.0000;1;0;1;0;0;0;
EBT;UF;3103751;0.2500;1;1;0;0;0;0;
EBT;UF;3104304;1.0000;1;0;1;0;0;0;
EBT;UF;3106200;5057.4491;562;101;361;57;0;43;
EBT;UF;3106705;362.0000;4;0;1;0;0;3;
EBT;UF;3107406;2.0000;1;0;1;0;0;0;
EBT;UF;3108206;1.0000;1;0;1;0;0;0;
EBT;UF;3109303;2.0000;1;0;1;0;0;0;
EBT;UF;3110004;2.0000;1;0;1;0;0;0;
EBT;UF;3113404;0.5000;1;1;0;0;0;0;
EBT;UF;3114402;2.0000;1;0;1;0;0;0;
EBT;UF;3118304;2.0000;1;0;1;0;0;0;
EBT;UF;3118601;130.0313;10;5;3;1;0;1;
EBT;UF;3118908;0.2500;1;1;0;0;0;0;
EBT;UF;3119104;2.2500;2;1;1;0;0;0;
EBT;UF;3119302;1.0000;1;0;1;0;0;0;
EBT;UF;3119401;0.5000;1;1;0;0;0;0;
EBT;UF;3122306;0.5000;1;1;0;0;0;0;
EBT;UF;3122504;0.2500;1;1;0;0;0;0;
EBT;UF;3123106;2.0000;1;0;1;0;0;0;
EBT;UF;3123700;4.0000;2;0;2;0;0;0;
EBT;UF;3124104;2.0000;1;0;1;0;0;0;
EBT;UF;3125101;0.5000;1;1;0;0;0;0;
EBT;UF;3127701;241.9648;4;1;1;0;0;2;
EBT;UF;3131307;240.5000;3;1;0;0;0;2;
EBT;UF;3131703;4.9297;3;0;3;0;0;0;
EBT;UF;3132404;1.0000;1;0;1;0;0;0;
EBT;UF;3135100;2.0000;2;0;2;0;0;0;
EBT;UF;3135803;2.0000;1;0;1;0;0;0;
EBT;UF;3136207;0.5000;1;1;0;0;0;0;
EBT;UF;3136702;147.2539;12;1;7;3;0;1;
EBT;UF;3138203;0.2500;1;1;0;0;0;0;
EBT;UF;3139409;9.5000;5;1;3;1;0;0;
EBT;UF;3140001;0.2500;1;1;0;0;0;0;
EBT;UF;3140506;4.0000;1;0;0;1;0;0;
EBT;UF;3141108;1.0000;1;0;1;0;0;0;
EBT;UF;3143104;2.0000;1;0;1;0;0;0;
EBT;UF;3144409;2.0000;1;0;1;0;0;0;
EBT;UF;3144607;2.0000;1;0;1;0;0;0;
EBT;UF;3144805;295.3203;7;1;3;0;0;3;
EBT;UF;3145901;2.0000;1;0;1;0;0;0;
EBT;UF;3146107;0.2500;1;1;0;0;0;0;
EBT;UF;3146701;0.2500;1;1;0;0;0;0;
EBT;UF;3147907;2.0000;1;0;1;0;0;0;
EBT;UF;3151206;200.0000;1;0;0;0;0;1;
EBT;UF;3151800;4.0000;2;0;2;0;0;0;
EBT;UF;3152105;2.0000;1;0;1;0;0;0;
EBT;UF;3154606;0.5000;1;1;0;0;0;0;
EBT;UF;3156700;2.2148;3;2;1;0;0;0;
EBT;UF;3156908;3.0000;2;0;2;0;0;0;
EBT;UF;3157807;1.0000;1;0;1;0;0;0;
EBT;UF;3158201;1.0000;1;0;1;0;0;0;
EBT;UF;3158953;2.0000;1;0;1;0;0;0;
EBT;UF;3160702;4.0000;2;0;2;0;0;0;
EBT;UF;3162500;2.5000;2;1;1;0;0;0;
EBT;UF;3163300;0.2500;1;1;0;0;0;0;
EBT;UF;3164209;2.0000;1;0;1;0;0;0;
EBT;UF;3167202;8.0000;4;0;4;0;0;0;
EBT;UF;3168101;4.0000;2;0;2;0;0;0;
EBT;UF;3168705;6.0000;3;0;3;0;0;0;
EBT;UF;3169307;0.5000;1;1;0;0;0;0;
EBT;UF;3169802;1.0000;1;0;1;0;0;0;
EBT;UF;3170107;132.5000;6;1;2;2;0;1;
EBT;UF;3170206;516.3750;22;8;7;3;0;4;
EBT;UF;3170701;2.0000;1;0;1;0;0;0;
EBT;UF;3201308;138.5000;8;2;3;2;0;1;
EBT;UF;3205002;46.7500;18;10;2;6;0;0;
EBT;UF;3205200;397.7656;46;13;22;7;1;3;
EBT;UF;3205309;1560.5313;129;15;65;35;3;11;
EBT;UF;3300407;0.7500;2;2;0;0;0;0;
EBT;UF;3300456;17.7148;7;1;5;1;0;0;
EBT;UF;3301009;245.4648;8;3;3;0;0;2;
EBT;UF;3301702;151.7812;14;2;8;3;0;1;
EBT;UF;3301900;2.0000;1;0;1;0;0;0;
EBT;UF;3302403;254.3594;9;1;4;2;0;2;
EBT;UF;3302858;185.0000;12;8;1;1;0;2;
EBT;UF;3303203;18.9658;10;4;5;1;0;0;
EBT;UF;3303302;150.0000;4;0;0;3;0;1;
EBT;UF;3303500;145.8799;17;6;9;1;0;1;
EBT;UF;3303708;1.0000;1;0;1;0;0;0;
EBT;UF;3304201;9.0000;5;0;5;0;0;0;
EBT;UF;3304557;10001.8749;793;132;312;277;0;72;
EBT;UF;3304904;0.2500;1;1;0;0;0;0;
EBT;UF;3305109;4.0000;2;0;2;0;0;0;
EBT;UF;3305802;120.0000;1;0;0;0;0;1;
EBT;UF;3306206;0.2500;1;1;0;0;0;0;
EBT;UF;3306305;131.5898;4;1;1;1;0;1;
EBT;UF;3500501;1.0000;1;0;1;0;0;0;
EBT;UF;3501608;987.0117;44;16;17;2;0;9;
EBT;UF;3501905;2.0000;1;0;1;0;0;0;
EBT;UF;3502507;130.1797;12;5;6;0;0;1;
EBT;UF;3502804;683.2852;39;4;24;6;0;5;
EBT;UF;3503208;1191.2539;53;19;23;1;0;10;
EBT;UF;3503307;250.4922;15;7;6;0;0;2;
EBT;UF;3504107;401.0703;28;6;18;1;0;3;
EBT;UF;3505708;1274.3594;131;50;63;7;1;10;
EBT;UF;3506003;1545.2695;86;19;49;3;0;15;
EBT;UF;3506607;4.0000;2;0;2;0;0;0;
EBT;UF;3507506;480.5000;6;1;0;0;0;5;
EBT;UF;3507605;288.7344;26;7;14;3;0;2;
EBT;UF;3508504;244.5273;7;1;4;0;0;2;
EBT;UF;3508603;130.0000;2;0;0;1;0;1;
EBT;UF;3509007;2.5000;2;1;1;0;0;0;
EBT;UF;3509205;10.2500;9;4;5;0;0;0;
EBT;UF;3509502;3461.1797;197;38;117;15;0;27;
EBT;UF;3510401;124.7148;8;4;3;0;0;1;
EBT;UF;3510500;2.0000;1;0;1;0;0;0;
EBT;UF;3510609;156.6797;23;4;16;2;0;1;
EBT;UF;3513009;423.3125;45;8;33;1;0;3;
EBT;UF;3513405;17.3945;13;3;10;0;0;0;
EBT;UF;3513504;127.0273;7;2;4;0;0;1;
EBT;UF;3513801;283.9297;35;5;27;1;0;2;
EBT;UF;3514908;3.7148;3;1;2;0;0;0;
EBT;UF;3515004;24.3672;18;5;13;0;0;0;
EBT;UF;3515103;2.0000;1;0;1;0;0;0;
EBT;UF;3515707;5.0000;3;0;3;0;0;0;
EBT;UF;3516200;1274.0000;14;0;2;1;0;11;
EBT;UF;3516309;2.5000;2;1;1;0;0;0;
EBT;UF;3516408;2.5000;2;1;1;0;0;0;
EBT;UF;3518305;6.0000;3;0;3;0;0;0;
EBT;UF;3518404;256.7344;19;7;10;0;0;2;
EBT;UF;3518701;505.8135;34;15;15;0;0;4;
EBT;UF;3518800;1485.9961;78;21;39;6;0;12;
EBT;UF;3519071;121.0000;2;0;1;0;0;1;
EBT;UF;3520509;453.3945;17;0;10;3;0;4;
EBT;UF;3522208;139.6797;16;4;11;0;0;1;
EBT;UF;3522307;464.7773;28;8;14;2;0;4;
EBT;UF;3522505;42.2734;24;2;21;1;0;0;
EBT;UF;3523909;301.4648;4;0;1;0;0;3;
EBT;UF;3524402;491.4570;15;4;7;0;0;4;
EBT;UF;3525003;3.1250;6;4;2;0;0;0;
EBT;UF;3525300;570.7461;25;6;12;2;0;5;
EBT;UF;3525904;1326.0859;55;17;24;3;0;11;
EBT;UF;3526704;2.0000;1;0;1;0;0;0;
EBT;UF;3526902;358.9062;29;6;17;1;0;5;
EBT;UF;3527207;258.7070;15;2;10;1;0;2;
EBT;UF;3528502;4.5000;4;1;3;0;0;0;
EBT;UF;3529005;1123.2148;20;2;5;4;0;9;
EBT;UF;3529401;616.3047;24;7;12;0;0;5;
EBT;UF;3530607;526.0312;41;9;28;0;0;4;
EBT;UF;3530706;387.0664;24;3;18;0;0;3;
EBT;UF;3530805;134.2070;12;3;8;0;0;1;
EBT;UF;3531100;0.5000;1;1;0;0;0;0;
EBT;UF;3531803;129.1797;9;3;5;0;0;1;
EBT;UF;3533403;2.0000;2;0;2;0;0;0;
EBT;UF;3534401;1218.6562;116;34;70;3;0;9;
EBT;UF;3536505;122.9297;3;0;2;0;0;1;
EBT;UF;3538006;153.2109;14;2;9;2;0;1;
EBT;UF;3538709;1465.5469;50;10;23;5;0;12;
EBT;UF;3539806;4.2500;3;1;2;0;0;0;
EBT;UF;3540606;3.5000;4;1;3;0;0;0;
EBT;UF;3541000;144.0547;24;11;11;1;0;1;
EBT;UF;3541406;1.0000;1;0;1;0;0;0;
EBT;UF;3542107;122.0000;2;0;1;0;0;1;
EBT;UF;3542404;6.0000;3;0;3;0;0;0;
EBT;UF;3543303;5.0000;3;0;3;0;0;0;
EBT;UF;3543402;2983.3652;167;34;92;12;0;29;
EBT;UF;3543907;367.5625;19;5;10;0;0;4;
EBT;UF;3544103;0.5000;1;1;0;0;0;0;
EBT;UF;3545001;8.0000;4;0;4;0;0;0;
EBT;UF;3545209;16.4609;11;2;8;1;0;0;
EBT;UF;3545803;260.4258;19;6;10;1;0;2;
EBT;UF;3546009;4.0000;2;0;2;0;0;0;
EBT;UF;3546801;4.5000;4;1;3;0;0;0;
EBT;UF;3547304;386.3398;17;3;9;2;0;3;
EBT;UF;3547502;1.0000;1;0;1;0;0;0;
EBT;UF;3547809;1535.1016;80;24;41;3;0;12;
EBT;UF;3548500;2912.8164;111;30;47;9;0;25;
EBT;UF;3548609;1.0000;1;0;1;0;0;0;
EBT;UF;3548708;2014.0117;113;37;54;5;0;17;
EBT;UF;3548807;890.2109;45;14;21;3;0;7;
EBT;UF;3548906;739.6562;71;15;40;9;0;7;
EBT;UF;3549805;2583.7226;98;12;56;9;1;20;
EBT;UF;3549904;1563.4922;103;27;59;5;0;12;
EBT;UF;3550308;36002.7253;1948;474;1072;105;4;293;
EBT;UF;3551009;377.2422;22;8;11;0;0;3;
EBT;UF;3551603;2.0000;1;0;1;0;0;0;
EBT;UF;3551702;108.7070;13;5;6;0;0;2;
EBT;UF;3552205;1023.7656;67;9;40;10;0;8;
EBT;UF;3552403;12.9297;9;2;7;0;0;0;
EBT;UF;3552502;123.7500;5;2;2;0;0;1;
EBT;UF;3552809;268.3594;26;8;16;0;0;2;
EBT;UF;3554102;805.7109;23;2;11;7;0;3;
EBT;UF;3554508;245.7813;6;0;4;0;0;2;
EBT;UF;3556206;374.8594;11;0;7;1;0;3;
EBT;UF;3556453;123.9297;5;2;2;0;0;1;
EBT;UF;3556701;122.0000;4;2;1;0;0;1;
EBT;UF;3557006;1.0000;1;0;1;0;0;0;
EBT;UF;4100400;0.2500;1;1;0;0;0;0;
EBT;UF;4101804;1.4648;1;0;1;0;0;0;
EBT;UF;4104808;260.0000;4;0;0;2;0;2;
EBT;UF;4105805;16.2500;3;1;0;2;0;0;
EBT;UF;4106902;3401.8867;312;132;135;19;0;26;
EBT;UF;4113700;932.0703;72;12;47;5;0;8;
EBT;UF;4115200;611.3398;62;16;35;5;0;6;
EBT;UF;4119152;0.5000;2;2;0;0;0;0;
EBT;UF;4119905;176.2031;39;10;27;1;0;1;
EBT;UF;4125506;11.9648;3;1;1;1;0;0;
EBT;UF;4128609;0.1250;2;2;0;0;0;0;
EBT;UF;4202008;10.5000;2;1;0;1;0;0;
EBT;UF;4202404;699.3594;66;19;38;4;0;5;
EBT;UF;4204608;143.5000;6;1;2;2;0;1;
EBT;UF;4205407;1111.3144;96;45;37;5;0;9;
EBT;UF;4208203;120.0000;1;0;0;0;0;1;
EBT;UF;4209102;269.7109;7;0;1;4;0;2;
EBT;UF;4211900;121.4648;2;0;1;0;0;1;
EBT;UF;4216602;127.1445;7;2;4;0;0;1;
EBT;UF;4303905;120.0000;1;0;0;0;0;1;
EBT;UF;4304606;23.1797;17;8;6;3;0;0;
EBT;UF;4304630;10.0000;1;0;0;1;0;0;
EBT;UF;4305108;919.5234;58;21;24;3;0;10;
EBT;UF;4306106;120.0000;1;0;0;0;0;1;
EBT;UF;4307906;120.0000;1;0;0;0;0;1;
EBT;UF;4309209;126.5000;6;2;2;1;0;1;
EBT;UF;4311403;120.0000;1;0;0;0;0;1;
EBT;UF;4313409;620.2500;8;1;0;2;0;5;
EBT;UF;4314100;275.2891;27;10;14;1;0;2;
EBT;UF;4314407;420.2539;40;14;19;4;0;3;
EBT;UF;4314902;2981.8945;347;154;148;25;1;19;
EBT;UF;4315602;360.0000;3;0;0;0;0;3;
EBT;UF;4316808;130.0000;2;0;0;1;0;1;
EBT;UF;4316907;390.6094;25;8;12;2;0;3;
EBT;UF;4319901;120.0000;1;0;0;0;0;1;
EBT;UF;4320008;120.0000;1;0;0;0;0;1;
EBT;UF;4322400;9.7148;10;5;5;0;0;0;
EBT;UF;5002704;1416.7773;80;24;25;21;0;10;
EBT;UF;5103403;1278.2148;136;40;63;20;4;9;
EBT;UF;5108402;40.7148;28;16;10;2;0;0;
EBT;UF;5208707;20842.3555;127;36;38;16;6;31;
EBT;UF;5218805;8.0000;2;0;0;2;0;0;
EBT;UF;5300108;2080.7812;231;94;78;40;5;14;
09;254;
